{
    "animation": [
        {
            "name": "Root",
            "time": [0.0, 0.0333, 0.0667, 0.1, 0.1333, 0.1667, 0.2, 0.2333, 0.2667, 0.3, 0.3333, 0.3667, 0.4, 0.4333, 0.4667, 0.5, 0.5333, 0.5667, 0.6, 0.6333, 0.6667, 0.7, 0.7333, 0.7667, 0.8, 0.8333, 0.8667, 0.9, 0.9333, 0.9667, 1.0, 1.0333, 1.0667, 1.1, 1.1333, 1.1667, 1.2, 1.2333, 1.2667, 1.3, 1.3333, 1.3667, 1.4, 1.4333, 1.4667, 1.5, 1.5333, 1.5667, 1.6, 1.6333, 1.6667, 1.7, 1.7333, 1.7667, 1.8, 1.8333, 1.8667, 1.9, 1.9333, 1.9667, 2.0, 2.0333, 2.0667, 2.1, 2.1333, 2.1667, 2.2, 2.2333, 2.2667, 2.3, 2.3333],
            "transform": [
                [0.976107, 0.000213, -0.217287, -0.004225, -0.217287, 0.001942, -0.976106, -0.346781, 0.000215, 0.999998, 0.001942, 1.794835, 0.0, 0.0, 0.0, 1.0],
                [0.976141, 0.000213, -0.217137, -0.003932, -0.217136, 0.001942, -0.97614, -0.347037, 0.000214, 0.999998, 0.001943, 1.794141, 0.0, 0.0, 0.0, 1.0],
                [0.976153, 0.000213, -0.21708, -0.003545, -0.21708, 0.001942, -0.976153, -0.347395, 0.000214, 0.999998, 0.001942, 1.793465, 0.0, 0.0, 0.0, 1.0],
                [0.976147, 0.000213, -0.217111, -0.003098, -0.217111, 0.001942, -0.976146, -0.34783, 0.000214, 0.999998, 0.001943, 1.792823, 0.0, 0.0, 0.0, 1.0],
                [0.976122, 0.000213, -0.217226, -0.002622, -0.217225, 0.001942, -0.97612, -0.348317, 0.000214, 0.999998, 0.001942, 1.792235, 0.0, 0.0, 0.0, 1.0],
                [0.976079, 0.000213, -0.217416, -0.002152, -0.217416, 0.001942, -0.976077, -0.348832, 0.000215, 0.999998, 0.001942, 1.791717, 0.0, 0.0, 0.0, 1.0],
                [0.976021, 0.000213, -0.217678, -0.001718, -0.217678, 0.001943, -0.97602, -0.349351, 0.000215, 0.999998, 0.001943, 1.791288, 0.0, 0.0, 0.0, 1.0],
                [0.975947, 0.000213, -0.218006, -0.001355, -0.218006, 0.001942, -0.975946, -0.349849, 0.000215, 0.999998, 0.001942, 1.791127, 0.0, 0.0, 0.0, 1.0],
                [0.975861, 0.000214, -0.218393, -0.001094, -0.218393, 0.001942, -0.97586, -0.3503, 0.000215, 0.999998, 0.001942, 1.791423, 0.0, 0.0, 0.0, 1.0],
                [0.975762, 0.000214, -0.218834, -0.001041, -0.218834, 0.001942, -0.975761, -0.350691, 0.000216, 0.999998, 0.001942, 1.792212, 0.0, 0.0, 0.0, 1.0],
                [0.975652, 0.000215, -0.219323, -0.001251, -0.219323, 0.001942, -0.975651, -0.351025, 0.000217, 0.999998, 0.001942, 1.793987, 0.0, 0.0, 0.0, 1.0],
                [0.975533, 0.000215, -0.219854, -0.001687, -0.219854, 0.001942, -0.975531, -0.351311, 0.000217, 0.999998, 0.001942, 1.796823, 0.0, 0.0, 0.0, 1.0],
                [0.975404, 0.000216, -0.220423, -0.002308, -0.220423, 0.001942, -0.975403, -0.351554, 0.000218, 0.999998, 0.001942, 1.800191, 0.0, 0.0, 0.0, 1.0],
                [0.975268, 0.000216, -0.221023, -0.003077, -0.221023, 0.001942, -0.975267, -0.351761, 0.000218, 0.999998, 0.001942, 1.804004, 0.0, 0.0, 0.0, 1.0],
                [0.975126, 0.000217, -0.221648, -0.003954, -0.221648, 0.001942, -0.975126, -0.351938, 0.000219, 0.999998, 0.001942, 1.808327, 0.0, 0.0, 0.0, 1.0],
                [0.97498, 0.000218, -0.222293, -0.004901, -0.222293, 0.001942, -0.974979, -0.35209, 0.00022, 0.999998, 0.001942, 1.81323, 0.0, 0.0, 0.0, 1.0],
                [0.97483, 0.000218, -0.222952, -0.005878, -0.222952, 0.001941, -0.974828, -0.352226, 0.00022, 0.999998, 0.001941, 1.81853, 0.0, 0.0, 0.0, 1.0],
                [0.974677, 0.000219, -0.223618, -0.006847, -0.223618, 0.001942, -0.974675, -0.35235, 0.000221, 0.999998, 0.001942, 1.824002, 0.0, 0.0, 0.0, 1.0],
                [0.974523, 0.000219, -0.224288, -0.007769, -0.224288, 0.001942, -0.974521, -0.352469, 0.000222, 0.999998, 0.001941, 1.829645, 0.0, 0.0, 0.0, 1.0],
                [0.97437, 0.00022, -0.224954, -0.008605, -0.224954, 0.001941, -0.974368, -0.352589, 0.000222, 0.999998, 0.001941, 1.835457, 0.0, 0.0, 0.0, 1.0],
                [0.974217, 0.000221, -0.225612, -0.009325, -0.225612, 0.001941, -0.974216, -0.352716, 0.000223, 0.999998, 0.001941, 1.841438, 0.0, 0.0, 0.0, 1.0],
                [0.974068, 0.000222, -0.226255, -0.009934, -0.226255, 0.001941, -0.974067, -0.352845, 0.000223, 0.999998, 0.001941, 1.848188, 0.0, 0.0, 0.0, 1.0],
                [0.973923, 0.000222, -0.226878, -0.010449, -0.226878, 0.001941, -0.973922, -0.352972, 0.000224, 0.999998, 0.001941, 1.855933, 0.0, 0.0, 0.0, 1.0],
                [0.973784, 0.000223, -0.227475, -0.010882, -0.227475, 0.001941, -0.973783, -0.353095, 0.000225, 0.999999, 0.001941, 1.864161, 0.0, 0.0, 0.0, 1.0],
                [0.973651, 0.000223, -0.228041, -0.011251, -0.228041, 0.001941, -0.97365, -0.353211, 0.000225, 0.999998, 0.001941, 1.872548, 0.0, 0.0, 0.0, 1.0],
                [0.973528, 0.000224, -0.228569, -0.011569, -0.228569, 0.001941, -0.973526, -0.353317, 0.000226, 0.999998, 0.001942, 1.880821, 0.0, 0.0, 0.0, 1.0],
                [0.973414, 0.000224, -0.229054, -0.011851, -0.229054, 0.001941, -0.973412, -0.353409, 0.000226, 0.999998, 0.001941, 1.888702, 0.0, 0.0, 0.0, 1.0],
                [0.97333, 0.000225, -0.229409, -0.012113, -0.229409, 0.001941, -0.973329, -0.353485, 0.000226, 0.999998, 0.001941, 1.89602, 0.0, 0.0, 0.0, 1.0],
                [0.973294, 0.000225, -0.22956, -0.012369, -0.22956, 0.001941, -0.973293, -0.353539, 0.000227, 0.999998, 0.001941, 1.903006, 0.0, 0.0, 0.0, 1.0],
                [0.973301, 0.000225, -0.22953, -0.012634, -0.22953, 0.001941, -0.9733, -0.353575, 0.000227, 0.999998, 0.001941, 1.906826, 0.0, 0.0, 0.0, 1.0],
                [0.973346, 0.000225, -0.229341, -0.012924, -0.22934, 0.001941, -0.973345, -0.353581, 0.000226, 0.999998, 0.001941, 1.910646, 0.0, 0.0, 0.0, 1.0],
                [0.973424, 0.000224, -0.229011, -0.013249, -0.229011, 0.001941, -0.973422, -0.353563, 0.000226, 0.999998, 0.001941, 1.910679, 0.0, 0.0, 0.0, 1.0],
                [0.973529, 0.000224, -0.228564, -0.013601, -0.228564, 0.001941, -0.973528, -0.353514, 0.000226, 0.999998, 0.001941, 1.909623, 0.0, 0.0, 0.0, 1.0],
                [0.973656, 0.000223, -0.228019, -0.013968, -0.228019, 0.001941, -0.973656, -0.353432, 0.000225, 0.999998, 0.001941, 1.907602, 0.0, 0.0, 0.0, 1.0],
                [0.973801, 0.000223, -0.227399, -0.014338, -0.227399, 0.001941, -0.973801, -0.353319, 0.000225, 0.999998, 0.001941, 1.904435, 0.0, 0.0, 0.0, 1.0],
                [0.973959, 0.000222, -0.226723, -0.014699, -0.226723, 0.001941, -0.973958, -0.353171, 0.000224, 0.999999, 0.001941, 1.9007, 0.0, 0.0, 0.0, 1.0],
                [0.974124, 0.000221, -0.226013, -0.015039, -0.226013, 0.001942, -0.974123, -0.35299, 0.000223, 0.999998, 0.001941, 1.895864, 0.0, 0.0, 0.0, 1.0],
                [0.974292, 0.000221, -0.22529, -0.015345, -0.22529, 0.001941, -0.97429, -0.352772, 0.000222, 0.999998, 0.001941, 1.891009, 0.0, 0.0, 0.0, 1.0],
                [0.974457, 0.00022, -0.224576, -0.015605, -0.224575, 0.001942, -0.974456, -0.352518, 0.000222, 0.999998, 0.001942, 1.886134, 0.0, 0.0, 0.0, 1.0],
                [0.974615, 0.000219, -0.223889, -0.015809, -0.223889, 0.001942, -0.974613, -0.352226, 0.000221, 0.999998, 0.001942, 1.88124, 0.0, 0.0, 0.0, 1.0],
                [0.974753, 0.000219, -0.223284, -0.015943, -0.223284, 0.001942, -0.974752, -0.351895, 0.000221, 0.999998, 0.001942, 1.876328, 0.0, 0.0, 0.0, 1.0],
                [0.974867, 0.000218, -0.22279, -0.015996, -0.22279, 0.001942, -0.974865, -0.351526, 0.00022, 0.999998, 0.001942, 1.871396, 0.0, 0.0, 0.0, 1.0],
                [0.974956, 0.000218, -0.222397, -0.015955, -0.222397, 0.001942, -0.974955, -0.351117, 0.000219, 0.999998, 0.001942, 1.866445, 0.0, 0.0, 0.0, 1.0],
                [0.975025, 0.000217, -0.222095, -0.015807, -0.222095, 0.001942, -0.975023, -0.350665, 0.000219, 0.999998, 0.001942, 1.861444, 0.0, 0.0, 0.0, 1.0],
                [0.975074, 0.000217, -0.221879, -0.015545, -0.221879, 0.001942, -0.975073, -0.350177, 0.000219, 0.999998, 0.001942, 1.856487, 0.0, 0.0, 0.0, 1.0],
                [0.975107, 0.000217, -0.221734, -0.015218, -0.221733, 0.001942, -0.975106, -0.349677, 0.000219, 0.999998, 0.001942, 1.851479, 0.0, 0.0, 0.0, 1.0],
                [0.975126, 0.000217, -0.221652, -0.014882, -0.221651, 0.001942, -0.975124, -0.3492, 0.000219, 0.999998, 0.001942, 1.846452, 0.0, 0.0, 0.0, 1.0],
                [0.975132, 0.000217, -0.221623, -0.014521, -0.221623, 0.001942, -0.975131, -0.348754, 0.000219, 0.999998, 0.001942, 1.841406, 0.0, 0.0, 0.0, 1.0],
                [0.975129, 0.000217, -0.221638, -0.014119, -0.221638, 0.001942, -0.975128, -0.348345, 0.000219, 0.999998, 0.001942, 1.83634, 0.0, 0.0, 0.0, 1.0],
                [0.975118, 0.000217, -0.221687, -0.013664, -0.221687, 0.001942, -0.975117, -0.347978, 0.000219, 0.999998, 0.001942, 1.831257, 0.0, 0.0, 0.0, 1.0],
                [0.975101, 0.000217, -0.221761, -0.013137, -0.221761, 0.001942, -0.9751, -0.34766, 0.000219, 0.999998, 0.001942, 1.826929, 0.0, 0.0, 0.0, 1.0],
                [0.975081, 0.000217, -0.221849, -0.012527, -0.221849, 0.001942, -0.97508, -0.347398, 0.000219, 0.999998, 0.001942, 1.822616, 0.0, 0.0, 0.0, 1.0],
                [0.975059, 0.000217, -0.221943, -0.011823, -0.221942, 0.001942, -0.975059, -0.347195, 0.000219, 0.999998, 0.001942, 1.818331, 0.0, 0.0, 0.0, 1.0],
                [0.975039, 0.000217, -0.222032, -0.011045, -0.222031, 0.001942, -0.975038, -0.347046, 0.000219, 0.999998, 0.001942, 1.814091, 0.0, 0.0, 0.0, 1.0],
                [0.975022, 0.000217, -0.222107, -0.010216, -0.222106, 0.001942, -0.975021, -0.346943, 0.000219, 0.999998, 0.001942, 1.80991, 0.0, 0.0, 0.0, 1.0],
                [0.975011, 0.000217, -0.222157, -0.009362, -0.222157, 0.001942, -0.975009, -0.346876, 0.00022, 0.999998, 0.001942, 1.805803, 0.0, 0.0, 0.0, 1.0],
                [0.975007, 0.000218, -0.222175, -0.008507, -0.222175, 0.001942, -0.975005, -0.346838, 0.000219, 0.999998, 0.001942, 1.801783, 0.0, 0.0, 0.0, 1.0],
                [0.975013, 0.000217, -0.222149, -0.007677, -0.222149, 0.001942, -0.975011, -0.346819, 0.000219, 0.999998, 0.001942, 1.798127, 0.0, 0.0, 0.0, 1.0],
                [0.975031, 0.000217, -0.222071, -0.006895, -0.222071, 0.001942, -0.975029, -0.346812, 0.000219, 0.999998, 0.001942, 1.795074, 0.0, 0.0, 0.0, 1.0],
                [0.975063, 0.000217, -0.22193, -0.006187, -0.22193, 0.001942, -0.975061, -0.346807, 0.000219, 0.999998, 0.001942, 1.79259, 0.0, 0.0, 0.0, 1.0],
                [0.975111, 0.000217, -0.221717, -0.005577, -0.221717, 0.001942, -0.97511, -0.346797, 0.000219, 0.999998, 0.001942, 1.790636, 0.0, 0.0, 0.0, 1.0],
                [0.975178, 0.000217, -0.221422, -0.005091, -0.221422, 0.001942, -0.975177, -0.346772, 0.000219, 0.999998, 0.001942, 1.789177, 0.0, 0.0, 0.0, 1.0],
                [0.975265, 0.000216, -0.22104, -0.004752, -0.22104, 0.001942, -0.975263, -0.346725, 0.000218, 0.999998, 0.001942, 1.788176, 0.0, 0.0, 0.0, 1.0],
                [0.975367, 0.000216, -0.220589, -0.004574, -0.220589, 0.001942, -0.975366, -0.346649, 0.000218, 0.999998, 0.001942, 1.789009, 0.0, 0.0, 0.0, 1.0],
                [0.97548, 0.000215, -0.22009, -0.004522, -0.22009, 0.001942, -0.975478, -0.346562, 0.000217, 0.999998, 0.001942, 1.789841, 0.0, 0.0, 0.0, 1.0],
                [0.975598, 0.000215, -0.219564, -0.004549, -0.219564, 0.001942, -0.975597, -0.34648, 0.000217, 0.999998, 0.001942, 1.790673, 0.0, 0.0, 0.0, 1.0],
                [0.975718, 0.000214, -0.219033, -0.004608, -0.219032, 0.001942, -0.975717, -0.346422, 0.000216, 0.999999, 0.001942, 1.791506, 0.0, 0.0, 0.0, 1.0],
                [0.975833, 0.000214, -0.218518, -0.004652, -0.218518, 0.001942, -0.975832, -0.346405, 0.000216, 0.999998, 0.001942, 1.792338, 0.0, 0.0, 0.0, 1.0],
                [0.97594, 0.000213, -0.21804, -0.004634, -0.21804, 0.001942, -0.975938, -0.346447, 0.000215, 0.999999, 0.001942, 1.793171, 0.0, 0.0, 0.0, 1.0],
                [0.976033, 0.000213, -0.217623, -0.004508, -0.217623, 0.001943, -0.976031, -0.346567, 0.000215, 0.999998, 0.001942, 1.794003, 0.0, 0.0, 0.0, 1.0],
                [0.976107, 0.000213, -0.217287, -0.004225, -0.217287, 0.001942, -0.976106, -0.346781, 0.000215, 0.999998, 0.001942, 1.794835, 0.0, 0.0, 0.0, 1.0]
            ]
        },
        {
            "name": "Thigh_R",
            "time": [0.0, 0.0333, 0.0667, 0.1, 0.1333, 0.1667, 0.2, 0.2333, 0.2667, 0.3, 0.3333, 0.3667, 0.4, 0.4333, 0.4667, 0.5, 0.5333, 0.5667, 0.6, 0.6333, 0.6667, 0.7, 0.7333, 0.7667, 0.8, 0.8333, 0.8667, 0.9, 0.9333, 0.9667, 1.0, 1.0333, 1.0667, 1.1, 1.1333, 1.1667, 1.2, 1.2333, 1.2667, 1.3, 1.3333, 1.3667, 1.4, 1.4333, 1.4667, 1.5, 1.5333, 1.5667, 1.6, 1.6333, 1.6667, 1.7, 1.7333, 1.7667, 1.8, 1.8333, 1.8667, 1.9, 1.9333, 1.9667, 2.0, 2.0333, 2.0667, 2.1, 2.1333, 2.1667, 2.2, 2.2333, 2.2667, 2.3, 2.3333],
            "transform": [
                [0.733467, 0.635894, 0.240136, 0.605448, 0.361602, -0.664176, 0.654304, 0.37853, 0.57556, -0.393078, -0.717091, -0.264695, 0.0, 0.0, 0.0, 1.0],
                [0.73225, 0.637195, 0.240402, 0.605448, 0.362257, -0.66334, 0.654791, 0.37853, 0.576697, -0.392384, -0.716558, -0.264695, 0.0, 0.0, 0.0, 1.0],
                [0.730836, 0.638765, 0.24054, 0.605448, 0.362889, -0.662108, 0.655687, 0.37853, 0.578093, -0.39191, -0.715692, -0.264695, 0.0, 0.0, 0.0, 1.0],
                [0.729261, 0.640546, 0.240581, 0.605448, 0.363493, -0.660564, 0.656908, 0.37853, 0.579698, -0.391609, -0.714558, -0.264695, 0.0, 0.0, 0.0, 1.0],
                [0.727567, 0.642482, 0.24055, 0.605448, 0.364074, -0.658787, 0.658369, 0.37853, 0.581461, -0.391429, -0.713222, -0.264695, 0.0, 0.0, 0.0, 1.0],
                [0.725791, 0.644515, 0.240476, 0.605448, 0.364629, -0.656859, 0.659987, 0.37853, 0.58333, -0.391328, -0.711751, -0.264695, 0.0, 0.0, 0.0, 1.0],
                [0.723975, 0.646588, 0.240383, 0.605448, 0.365163, -0.654859, 0.661676, 0.37853, 0.585249, -0.391258, -0.710211, -0.264695, 0.0, 0.0, 0.0, 1.0],
                [0.722161, 0.648647, 0.240295, 0.605448, 0.36568, -0.652869, 0.663356, 0.37853, 0.587165, -0.391179, -0.708673, -0.264695, 0.0, 0.0, 0.0, 1.0],
                [0.720391, 0.650633, 0.240237, 0.605448, 0.366186, -0.650968, 0.664943, 0.378529, 0.58902, -0.391047, -0.707204, -0.264695, 0.0, 0.0, 0.0, 1.0],
                [0.718704, 0.6525, 0.240228, 0.605448, 0.366714, -0.649244, 0.666336, 0.37853, 0.59075, -0.390804, -0.705894, -0.264695, 0.0, 0.0, 0.0, 1.0],
                [0.717089, 0.654256, 0.240278, 0.605448, 0.367102, -0.647586, 0.667735, 0.37853, 0.592469, -0.390619, -0.704554, -0.264695, 0.0, 0.0, 0.0, 1.0],
                [0.715519, 0.655931, 0.240389, 0.605448, 0.367164, -0.645841, 0.669388, 0.37853, 0.594325, -0.390697, -0.702946, -0.264695, 0.0, 0.0, 0.0, 1.0],
                [0.713998, 0.657525, 0.240559, 0.605449, 0.366983, -0.644064, 0.671196, 0.37853, 0.596263, -0.390952, -0.701161, -0.264695, 0.0, 0.0, 0.0, 1.0],
                [0.712528, 0.659034, 0.240786, 0.605448, 0.366639, -0.642311, 0.673062, 0.37853, 0.59823, -0.391295, -0.699292, -0.264695, 0.0, 0.0, 0.0, 1.0],
                [0.711114, 0.660458, 0.241066, 0.605448, 0.366214, -0.640636, 0.674887, 0.378529, 0.60017, -0.39164, -0.697434, -0.264695, 0.0, 0.0, 0.0, 1.0],
                [0.709761, 0.661789, 0.241404, 0.605448, 0.365773, -0.639091, 0.676589, 0.37853, 0.602037, -0.391918, -0.695666, -0.264695, 0.0, 0.0, 0.0, 1.0],
                [0.708493, 0.662997, 0.241811, 0.605448, 0.365302, -0.637708, 0.678147, 0.37853, 0.603814, -0.392129, -0.694005, -0.264695, 0.0, 0.0, 0.0, 1.0],
                [0.707339, 0.664048, 0.242308, 0.605448, 0.364766, -0.636512, 0.679557, 0.37853, 0.605491, -0.392291, -0.692451, -0.264695, 0.0, 0.0, 0.0, 1.0],
                [0.706324, 0.664908, 0.24291, 0.605448, 0.364131, -0.635533, 0.680813, 0.37853, 0.607055, -0.392424, -0.691005, -0.264695, 0.0, 0.0, 0.0, 1.0],
                [0.705477, 0.665541, 0.243637, 0.605448, 0.363363, -0.634797, 0.68191, 0.37853, 0.608498, -0.392543, -0.689667, -0.264695, 0.0, 0.0, 0.0, 1.0],
                [0.704824, 0.665913, 0.244506, 0.605448, 0.36243, -0.634329, 0.682841, 0.37853, 0.60981, -0.392666, -0.688437, -0.264695, 0.0, 0.0, 0.0, 1.0],
                [0.704392, 0.665992, 0.245536, 0.605448, 0.361297, -0.634157, 0.6836, 0.37853, 0.610981, -0.392811, -0.687315, -0.264695, 0.0, 0.0, 0.0, 1.0],
                [0.704205, 0.665741, 0.246747, 0.605448, 0.359929, -0.634307, 0.684182, 0.378529, 0.612001, -0.392993, -0.686302, -0.264695, 0.0, 0.0, 0.0, 1.0],
                [0.704276, 0.665147, 0.248145, 0.605448, 0.358315, -0.63479, 0.684582, 0.37853, 0.612867, -0.39322, -0.685399, -0.264695, 0.0, 0.0, 0.0, 1.0],
                [0.704565, 0.664268, 0.249674, 0.605448, 0.356531, -0.635552, 0.684805, 0.37853, 0.613576, -0.393473, -0.68462, -0.264695, 0.0, 0.0, 0.0, 1.0],
                [0.705018, 0.663187, 0.251262, 0.605448, 0.354681, -0.636527, 0.684861, 0.37853, 0.614125, -0.393722, -0.683983, -0.264695, 0.0, 0.0, 0.0, 1.0],
                [0.70559, 0.66198, 0.252836, 0.605448, 0.352864, -0.637646, 0.684759, 0.37853, 0.614517, -0.393942, -0.683505, -0.264695, 0.0, 0.0, 0.0, 1.0],
                [0.70623, 0.660726, 0.254323, 0.605448, 0.351179, -0.638843, 0.68451, 0.37853, 0.614745, -0.394109, -0.683203, -0.264695, 0.0, 0.0, 0.0, 1.0],
                [0.706896, 0.659503, 0.255644, 0.605448, 0.349731, -0.640051, 0.684123, 0.37853, 0.614806, -0.394198, -0.683098, -0.264695, 0.0, 0.0, 0.0, 1.0],
                [0.707545, 0.658387, 0.256725, 0.605448, 0.348617, -0.641207, 0.683609, 0.37853, 0.614692, -0.394186, -0.683207, -0.264695, 0.0, 0.0, 0.0, 1.0],
                [0.708029, 0.657626, 0.25734, 0.605448, 0.348065, -0.642049, 0.683098, 0.37853, 0.614448, -0.394082, -0.683485, -0.264695, 0.0, 0.0, 0.0, 1.0],
                [0.708265, 0.657355, 0.257382, 0.605448, 0.348156, -0.642425, 0.682699, 0.37853, 0.614124, -0.393923, -0.683869, -0.264695, 0.0, 0.0, 0.0, 1.0],
                [0.708305, 0.657484, 0.256942, 0.605448, 0.348781, -0.642417, 0.682388, 0.37853, 0.613722, -0.393722, -0.684344, -0.264695, 0.0, 0.0, 0.0, 1.0],
                [0.708199, 0.657921, 0.256115, 0.605448, 0.34983, -0.642109, 0.682141, 0.37853, 0.613248, -0.393495, -0.684901, -0.264695, 0.0, 0.0, 0.0, 1.0],
                [0.707995, 0.658576, 0.254993, 0.605448, 0.351192, -0.641584, 0.681934, 0.37853, 0.612704, -0.393255, -0.685524, -0.264695, 0.0, 0.0, 0.0, 1.0],
                [0.707742, 0.659358, 0.253672, 0.605448, 0.352757, -0.640926, 0.681745, 0.37853, 0.612099, -0.393015, -0.686203, -0.264695, 0.0, 0.0, 0.0, 1.0],
                [0.707485, 0.660179, 0.252247, 0.605448, 0.354411, -0.640221, 0.68155, 0.37853, 0.611438, -0.392788, -0.686921, -0.264695, 0.0, 0.0, 0.0, 1.0],
                [0.707275, 0.66095, 0.250815, 0.605448, 0.356048, -0.639551, 0.681325, 0.37853, 0.610731, -0.392582, -0.687668, -0.264695, 0.0, 0.0, 0.0, 1.0],
                [0.707157, 0.661583, 0.249473, 0.605448, 0.357557, -0.639003, 0.681049, 0.37853, 0.609985, -0.392408, -0.688428, -0.264695, 0.0, 0.0, 0.0, 1.0],
                [0.707181, 0.661992, 0.24832, 0.605448, 0.358828, -0.638661, 0.680701, 0.37853, 0.609211, -0.392275, -0.68919, -0.264695, 0.0, 0.0, 0.0, 1.0],
                [0.707322, 0.662218, 0.247312, 0.605448, 0.359903, -0.638484, 0.680301, 0.37853, 0.608411, -0.392184, -0.689947, -0.264695, 0.0, 0.0, 0.0, 1.0],
                [0.707525, 0.662365, 0.246336, 0.605448, 0.360911, -0.638367, 0.679876, 0.37853, 0.607578, -0.392124, -0.690715, -0.264695, 0.0, 0.0, 0.0, 1.0],
                [0.707782, 0.662444, 0.245383, 0.605448, 0.361867, -0.638307, 0.679424, 0.378531, 0.606709, -0.392089, -0.691499, -0.264695, 0.0, 0.0, 0.0, 1.0],
                [0.708089, 0.662466, 0.244435, 0.605448, 0.362796, -0.638296, 0.678939, 0.378529, 0.605795, -0.39207, -0.69231, -0.264695, 0.0, 0.0, 0.0, 1.0],
                [0.708435, 0.66244, 0.243503, 0.605448, 0.363698, -0.638329, 0.678425, 0.37853, 0.604851, -0.392058, -0.693142, -0.264695, 0.0, 0.0, 0.0, 1.0],
                [0.708818, 0.662376, 0.242561, 0.605448, 0.3646, -0.638401, 0.677872, 0.37853, 0.603857, -0.39205, -0.694012, -0.264695, 0.0, 0.0, 0.0, 1.0],
                [0.709242, 0.662264, 0.241627, 0.605448, 0.365483, -0.638518, 0.677288, 0.37853, 0.602825, -0.392051, -0.694909, -0.264695, 0.0, 0.0, 0.0, 1.0],
                [0.709711, 0.662093, 0.240713, 0.605448, 0.366322, -0.638685, 0.676676, 0.37853, 0.601762, -0.392066, -0.695821, -0.264695, 0.0, 0.0, 0.0, 1.0],
                [0.710233, 0.661852, 0.239834, 0.605448, 0.367097, -0.638909, 0.676044, 0.37853, 0.600673, -0.392106, -0.696738, -0.264695, 0.0, 0.0, 0.0, 1.0],
                [0.710812, 0.661532, 0.239003, 0.605448, 0.367786, -0.639197, 0.675397, 0.37853, 0.599566, -0.392179, -0.69765, -0.264695, 0.0, 0.0, 0.0, 1.0],
                [0.711453, 0.661119, 0.238236, 0.605448, 0.368365, -0.639556, 0.674741, 0.37853, 0.598449, -0.392289, -0.698547, -0.264695, 0.0, 0.0, 0.0, 1.0],
                [0.712163, 0.660604, 0.237543, 0.605448, 0.368815, -0.63999, 0.674084, 0.37853, 0.597328, -0.392448, -0.699417, -0.264695, 0.0, 0.0, 0.0, 1.0],
                [0.712945, 0.659976, 0.236941, 0.605448, 0.369111, -0.640507, 0.673429, 0.37853, 0.596209, -0.392661, -0.700251, -0.264695, 0.0, 0.0, 0.0, 1.0],
                [0.713809, 0.659223, 0.236439, 0.605448, 0.369235, -0.641113, 0.672786, 0.37853, 0.595099, -0.392939, -0.701039, -0.264695, 0.0, 0.0, 0.0, 1.0],
                [0.714757, 0.658332, 0.236057, 0.605448, 0.369148, -0.641808, 0.672171, 0.37853, 0.594014, -0.393299, -0.701757, -0.264695, 0.0, 0.0, 0.0, 1.0],
                [0.715759, 0.657354, 0.235745, 0.605448, 0.369028, -0.64262, 0.67146, 0.37853, 0.592881, -0.393607, -0.702542, -0.264695, 0.0, 0.0, 0.0, 1.0],
                [0.716779, 0.656348, 0.235449, 0.605448, 0.369058, -0.643576, 0.670528, 0.37853, 0.591627, -0.393726, -0.703531, -0.264695, 0.0, 0.0, 0.0, 1.0],
                [0.717822, 0.655298, 0.235194, 0.605448, 0.369163, -0.644654, 0.669432, 0.37853, 0.590296, -0.393708, -0.704659, -0.264695, 0.0, 0.0, 0.0, 1.0],
                [0.71889, 0.654193, 0.235005, 0.605448, 0.369268, -0.645837, 0.668234, 0.37853, 0.588929, -0.393607, -0.705858, -0.264695, 0.0, 0.0, 0.0, 1.0],
                [0.719986, 0.653022, 0.23491, 0.605449, 0.369299, -0.647103, 0.66699, 0.37853, 0.58757, -0.393472, -0.707065, -0.264695, 0.0, 0.0, 0.0, 1.0],
                [0.721112, 0.65177, 0.234932, 0.605448, 0.369181, -0.648435, 0.665761, 0.37853, 0.586261, -0.393356, -0.708215, -0.264695, 0.0, 0.0, 0.0, 1.0],
                [0.722272, 0.650427, 0.235092, 0.605448, 0.368859, -0.649816, 0.664591, 0.378531, 0.585034, -0.3933, -0.70926, -0.264695, 0.0, 0.0, 0.0, 1.0],
                [0.723464, 0.648996, 0.235382, 0.605448, 0.368357, -0.651253, 0.663463, 0.37853, 0.583878, -0.393287, -0.71022, -0.264695, 0.0, 0.0, 0.0, 1.0],
                [0.724687, 0.647482, 0.235787, 0.605448, 0.36771, -0.652755, 0.662345, 0.37853, 0.582768, -0.393292, -0.711128, -0.264695, 0.0, 0.0, 0.0, 1.0],
                [0.725939, 0.645892, 0.236296, 0.605448, 0.366959, -0.654334, 0.661203, 0.37853, 0.581682, -0.393282, -0.712022, -0.264695, 0.0, 0.0, 0.0, 1.0],
                [0.727219, 0.644233, 0.23689, 0.605448, 0.366143, -0.655998, 0.660005, 0.37853, 0.580596, -0.393233, -0.712935, -0.264695, 0.0, 0.0, 0.0, 1.0],
                [0.728526, 0.642508, 0.237557, 0.605448, 0.365302, -0.657758, 0.658718, 0.37853, 0.579486, -0.393114, -0.713903, -0.264695, 0.0, 0.0, 0.0, 1.0],
                [0.72985, 0.640738, 0.238273, 0.605448, 0.36446, -0.659597, 0.657344, 0.37853, 0.578349, -0.392922, -0.71493, -0.264695, 0.0, 0.0, 0.0, 1.0],
                [0.731149, 0.638991, 0.238983, 0.605448, 0.36359, -0.661384, 0.656029, 0.37853, 0.577256, -0.392763, -0.7159, -0.264695, 0.0, 0.0, 0.0, 1.0],
                [0.732372, 0.637348, 0.239624, 0.605448, 0.36265, -0.662963, 0.654955, 0.37853, 0.576296, -0.39277, -0.716669, -0.264695, 0.0, 0.0, 0.0, 1.0],
                [0.733467, 0.635894, 0.240136, 0.605448, 0.361602, -0.664176, 0.654305, 0.37853, 0.57556, -0.393078, -0.717091, -0.264695, 0.0, 0.0, 0.0, 1.0]
            ]
        },
        {
            "name": "Leg_R",
            "time": [0.0, 0.0333, 0.0667, 0.1, 0.1333, 0.1667, 0.2, 0.2333, 0.2667, 0.3, 0.3333, 0.3667, 0.4, 0.4333, 0.4667, 0.5, 0.5333, 0.5667, 0.6, 0.6333, 0.6667, 0.7, 0.7333, 0.7667, 0.8, 0.8333, 0.8667, 0.9, 0.9333, 0.9667, 1.0, 1.0333, 1.0667, 1.1, 1.1333, 1.1667, 1.2, 1.2333, 1.2667, 1.3, 1.3333, 1.3667, 1.4, 1.4333, 1.4667, 1.5, 1.5333, 1.5667, 1.6, 1.6333, 1.6667, 1.7, 1.7333, 1.7667, 1.8, 1.8333, 1.8667, 1.9, 1.9333, 1.9667, 2.0, 2.0333, 2.0667, 2.1, 2.1333, 2.1667, 2.2, 2.2333, 2.2667, 2.3, 2.3333],
            "transform": [
                [0.999976, 0.006897, -0.000716, 0.0, -0.001231, 0.278072, 0.960559, 1.350275, 0.006824, -0.960536, 0.278073, 0.0, 0.0, 0.0, 0.0, 1.0],
                [0.999976, 0.006898, -0.000713, 0.0, -0.00123, 0.277705, 0.960666, 1.350275, 0.006824, -0.960642, 0.277706, 0.0, 0.0, 0.0, 0.0, 1.0],
                [0.999976, 0.006898, -0.000707, 0.0, -0.001229, 0.276744, 0.960943, 1.350275, 0.006824, -0.960919, 0.276746, 0.0, 0.0, 0.0, 0.0, 1.0],
                [0.999976, 0.006898, -0.000698, 0.0, -0.001229, 0.275401, 0.961328, 1.350275, 0.006824, -0.961305, 0.275403, -0.0, 0.0, 0.0, 0.0, 1.0],
                [0.999976, 0.006898, -0.000689, 0.0, -0.001227, 0.273887, 0.961761, 1.350275, 0.006823, -0.961737, 0.273889, -0.0, 0.0, 0.0, 0.0, 1.0],
                [0.999976, 0.006899, -0.00068, 0.0, -0.001225, 0.272414, 0.962179, 1.350275, 0.006823, -0.962156, 0.272415, 0.0, 0.0, 0.0, 0.0, 1.0],
                [0.999977, 0.006899, -0.000672, 0.0, -0.001224, 0.271192, 0.962524, 1.350275, 0.006823, -0.9625, 0.271194, 0.0, 0.0, 0.0, 0.0, 1.0],
                [0.999977, 0.006899, -0.000668, 0.0, -0.001223, 0.270434, 0.962737, 1.350275, 0.006823, -0.962713, 0.270436, 0.0, 0.0, 0.0, 0.0, 1.0],
                [0.999976, 0.006899, -0.000667, -0.0, -0.001223, 0.270354, 0.96276, 1.350275, 0.006823, -0.962736, 0.270355, -0.0, 0.0, 0.0, 0.0, 1.0],
                [0.999977, 0.006899, -0.000672, 0.0, -0.001224, 0.271113, 0.962546, 1.350275, 0.006823, -0.962522, 0.271115, -0.0, 0.0, 0.0, 0.0, 1.0],
                [0.999977, 0.006899, -0.000681, -0.0, -0.001226, 0.272686, 0.962102, 1.350275, 0.006823, -0.962078, 0.272688, -0.0, 0.0, 0.0, 0.0, 1.0],
                [0.999977, 0.006899, -0.000695, 0.0, -0.001229, 0.274994, 0.961445, 1.350275, 0.006824, -0.96142, 0.274996, -0.0, 0.0, 0.0, 0.0, 1.0],
                [0.999977, 0.006898, -0.000715, 0.0, -0.001231, 0.277963, 0.960591, 1.350275, 0.006825, -0.960567, 0.277965, 0.0, 0.0, 0.0, 0.0, 1.0],
                [0.999976, 0.006897, -0.000737, 0.0, -0.001234, 0.281515, 0.959556, 1.350275, 0.006826, -0.959532, 0.281517, 0.0, 0.0, 0.0, 0.0, 1.0],
                [0.999976, 0.006895, -0.000763, -0.0, -0.001238, 0.285573, 0.958356, 1.350275, 0.006826, -0.958332, 0.285575, 0.0, 0.0, 0.0, 0.0, 1.0],
                [0.999976, 0.006895, -0.000791, -0.0, -0.001243, 0.290062, 0.957006, 1.350275, 0.006828, -0.956983, 0.290064, 0.0, 0.0, 0.0, 0.0, 1.0],
                [0.999976, 0.006893, -0.000822, -0.0, -0.001248, 0.294903, 0.955527, 1.350275, 0.006829, -0.955502, 0.294905, 0.0, 0.0, 0.0, 0.0, 1.0],
                [0.999977, 0.006891, -0.000854, -0.0, -0.001253, 0.300022, 0.953931, 1.350275, 0.00683, -0.953907, 0.300024, 0.0, 0.0, 0.0, 0.0, 1.0],
                [0.999976, 0.006889, -0.000888, -0.0, -0.001258, 0.305343, 0.952241, 1.350275, 0.006832, -0.952218, 0.305344, 0.0, 0.0, 0.0, 0.0, 1.0],
                [0.999976, 0.006887, -0.000923, -0.0, -0.001264, 0.310788, 0.950478, 1.350275, 0.006833, -0.950454, 0.310789, -0.0, 0.0, 0.0, 0.0, 1.0],
                [0.999976, 0.006884, -0.000957, -0.0, -0.001269, 0.316284, 0.948664, 1.350275, 0.006834, -0.948639, 0.316285, 0.0, 0.0, 0.0, 0.0, 1.0],
                [0.999976, 0.006881, -0.000996, -0.0, -0.001275, 0.322244, 0.946656, 1.350275, 0.006835, -0.946631, 0.322245, -0.0, 0.0, 0.0, 0.0, 1.0],
                [0.999977, 0.006877, -0.001039, 0.0, -0.001281, 0.329002, 0.944328, 1.350275, 0.006836, -0.944304, 0.329003, 0.0, 0.0, 0.0, 0.0, 1.0],
                [0.999976, 0.006873, -0.001086, -0.0, -0.001289, 0.336365, 0.941731, 1.350275, 0.006838, -0.941707, 0.336366, -0.0, 0.0, 0.0, 0.0, 1.0],
                [0.999976, 0.006869, -0.001136, 0.0, -0.001297, 0.34414, 0.938918, 1.350275, 0.00684, -0.938892, 0.344141, 0.0, 0.0, 0.0, 0.0, 1.0],
                [0.999976, 0.006863, -0.001188, -0.0, -0.001305, 0.352137, 0.935947, 1.350275, 0.006842, -0.935923, 0.352137, -0.0, 0.0, 0.0, 0.0, 1.0],
                [0.999976, 0.006857, -0.00124, -0.0, -0.001313, 0.360167, 0.932887, 1.350275, 0.006843, -0.932862, 0.360168, 0.0, 0.0, 0.0, 0.0, 1.0],
                [0.999976, 0.006852, -0.001286, -0.0, -0.001321, 0.367269, 0.930113, 1.350275, 0.006845, -0.930089, 0.367269, 0.0, 0.0, 0.0, 0.0, 1.0],
                [0.999975, 0.006847, -0.001321, 0.0, -0.001326, 0.37267, 0.927963, 1.350275, 0.006846, -0.92794, 0.372669, -0.0, 0.0, 0.0, 0.0, 1.0],
                [0.999977, 0.006844, -0.001345, -0.0, -0.00133, 0.376466, 0.926429, 1.350275, 0.006847, -0.926405, 0.376466, -0.0, 0.0, 0.0, 0.0, 1.0],
                [0.999976, 0.006842, -0.00136, 0.0, -0.001332, 0.378749, 0.925498, 1.350275, 0.006847, -0.925474, 0.378749, 0.0, 0.0, 0.0, 0.0, 1.0],
                [0.999976, 0.006841, -0.001366, 0.0, -0.001333, 0.37961, 0.925145, 1.350275, 0.006847, -0.925121, 0.37961, 0.0, 0.0, 0.0, 0.0, 1.0],
                [0.999976, 0.006841, -0.001363, 0.0, -0.001333, 0.379135, 0.92534, 1.350275, 0.006847, -0.925315, 0.379135, 0.0, 0.0, 0.0, 0.0, 1.0],
                [0.999976, 0.006843, -0.001352, 0.0, -0.001331, 0.377408, 0.926045, 1.350275, 0.006847, -0.926021, 0.377408, 0.0, 0.0, 0.0, 0.0, 1.0],
                [0.999976, 0.006845, -0.001333, 0.0, -0.001328, 0.37451, 0.927222, 1.350275, 0.006846, -0.927197, 0.37451, 0.0, 0.0, 0.0, 0.0, 1.0],
                [0.999977, 0.006849, -0.001307, 0.0, -0.001324, 0.370522, 0.928822, 1.350275, 0.006845, -0.928798, 0.370523, 0.0, 0.0, 0.0, 0.0, 1.0],
                [0.999976, 0.006853, -0.001278, 0.0, -0.001319, 0.366027, 0.930603, 1.350275, 0.006845, -0.930579, 0.366027, -0.0, 0.0, 0.0, 0.0, 1.0],
                [0.999976, 0.006856, -0.001249, -0.0, -0.001314, 0.361553, 0.932351, 1.350275, 0.006844, -0.932326, 0.361553, -0.0, 0.0, 0.0, 0.0, 1.0],
                [0.999976, 0.00686, -0.00122, 0.0, -0.00131, 0.3571, 0.934065, 1.350275, 0.006843, -0.934041, 0.3571, -0.0, 0.0, 0.0, 0.0, 1.0],
                [0.999976, 0.006863, -0.001191, 0.0, -0.001306, 0.35267, 0.935747, 1.350275, 0.006842, -0.935722, 0.35267, 0.0, 0.0, 0.0, 0.0, 1.0],
                [0.999976, 0.006866, -0.001163, 0.0, -0.001301, 0.348264, 0.937395, 1.350275, 0.006841, -0.937371, 0.348264, -0.0, 0.0, 0.0, 0.0, 1.0],
                [0.999976, 0.006868, -0.001135, 0.0, -0.001296, 0.343883, 0.939011, 1.350275, 0.00684, -0.938988, 0.343883, -0.0, 0.0, 0.0, 0.0, 1.0],
                [0.999975, 0.006872, -0.001107, 0.0, -0.001292, 0.339527, 0.940595, 1.350275, 0.006839, -0.940571, 0.339527, 0.0, 0.0, 0.0, 0.0, 1.0],
                [0.999976, 0.006874, -0.001078, 0.0, -0.001288, 0.33517, 0.942157, 1.350275, 0.006838, -0.942133, 0.33517, -0.0, 0.0, 0.0, 0.0, 1.0],
                [0.999976, 0.006877, -0.001051, 0.0, -0.001284, 0.330894, 0.943667, 1.350275, 0.006837, -0.943643, 0.330895, 0.0, 0.0, 0.0, 0.0, 1.0],
                [0.999976, 0.006879, -0.001024, -0.0, -0.001279, 0.32662, 0.945155, 1.350275, 0.006836, -0.945131, 0.32662, -0.0, 0.0, 0.0, 0.0, 1.0],
                [0.999976, 0.006881, -0.000996, 0.0, -0.001275, 0.322373, 0.946611, 1.350275, 0.006835, -0.946588, 0.322374, 0.0, 0.0, 0.0, 0.0, 1.0],
                [0.999975, 0.006884, -0.00097, 0.0, -0.00127, 0.318158, 0.948037, 1.350275, 0.006835, -0.948014, 0.318159, 0.0, 0.0, 0.0, 0.0, 1.0],
                [0.999976, 0.006886, -0.000943, 0.0, -0.001267, 0.313972, 0.949431, 1.350275, 0.006833, -0.949407, 0.313973, -0.0, 0.0, 0.0, 0.0, 1.0],
                [0.999976, 0.006887, -0.000917, 0.0, -0.001262, 0.309817, 0.950795, 1.350275, 0.006833, -0.950771, 0.309818, -0.0, 0.0, 0.0, 0.0, 1.0],
                [0.999976, 0.006889, -0.000891, -0.0, -0.001258, 0.305695, 0.952129, 1.350275, 0.006832, -0.952105, 0.305697, 0.0, 0.0, 0.0, 0.0, 1.0],
                [0.999976, 0.006891, -0.000865, -0.0, -0.001254, 0.301606, 0.953432, 1.350275, 0.006831, -0.953408, 0.301607, 0.0, 0.0, 0.0, 0.0, 1.0],
                [0.999976, 0.006892, -0.000839, 0.0, -0.00125, 0.297551, 0.954705, 1.350275, 0.00683, -0.954681, 0.297552, 0.0, 0.0, 0.0, 0.0, 1.0],
                [0.999976, 0.006893, -0.000813, 0.0, -0.001246, 0.293529, 0.955949, 1.350275, 0.006828, -0.955925, 0.293531, -0.0, 0.0, 0.0, 0.0, 1.0],
                [0.999976, 0.006895, -0.000788, 0.0, -0.001242, 0.289544, 0.957164, 1.350275, 0.006828, -0.95714, 0.289546, 0.0, 0.0, 0.0, 0.0, 1.0],
                [0.999976, 0.006896, -0.000763, 0.0, -0.001238, 0.285595, 0.958349, 1.350275, 0.006827, -0.958326, 0.285597, 0.0, 0.0, 0.0, 0.0, 1.0],
                [0.999976, 0.006897, -0.000738, 0.0, -0.001234, 0.281683, 0.959507, 1.350275, 0.006826, -0.959483, 0.281685, -0.0, 0.0, 0.0, 0.0, 1.0],
                [0.999976, 0.006898, -0.000717, 0.0, -0.001231, 0.278251, 0.960507, 1.350275, 0.006825, -0.960485, 0.278252, 0.0, 0.0, 0.0, 0.0, 1.0],
                [0.999976, 0.006898, -0.0007, -0.0, -0.001229, 0.275676, 0.961249, 1.350275, 0.006824, -0.961225, 0.275678, 0.0, 0.0, 0.0, 0.0, 1.0],
                [0.999976, 0.006899, -0.000689, 0.0, -0.001227, 0.273872, 0.961765, 1.350275, 0.006824, -0.961742, 0.273873, -0.0, 0.0, 0.0, 0.0, 1.0],
                [0.999976, 0.006898, -0.000682, -0.0, -0.001226, 0.272742, 0.962086, 1.350275, 0.006823, -0.962063, 0.272744, 0.0, 0.0, 0.0, 0.0, 1.0],
                [0.999976, 0.006899, -0.000678, 0.0, -0.001225, 0.272196, 0.96224, 1.350275, 0.006823, -0.962218, 0.272198, 0.0, 0.0, 0.0, 0.0, 1.0],
                [0.999976, 0.006898, -0.000679, -0.0, -0.001224, 0.272139, 0.962256, 1.350275, 0.006823, -0.962234, 0.27214, -0.0, 0.0, 0.0, 0.0, 1.0],
                [0.999976, 0.006898, -0.00068, 0.0, -0.001225, 0.272477, 0.962161, 1.350275, 0.006823, -0.962138, 0.272479, -0.0, 0.0, 0.0, 0.0, 1.0],
                [0.999976, 0.006899, -0.000685, 0.0, -0.001226, 0.273119, 0.961979, 1.350275, 0.006824, -0.961956, 0.273121, -0.0, 0.0, 0.0, 0.0, 1.0],
                [0.999975, 0.006899, -0.00069, 0.0, -0.001227, 0.273969, 0.961738, 1.350275, 0.006824, -0.961715, 0.27397, 0.0, 0.0, 0.0, 0.0, 1.0],
                [0.999977, 0.006898, -0.000696, -0.0, -0.001228, 0.274933, 0.961462, 1.350275, 0.006823, -0.961438, 0.274935, -0.0, 0.0, 0.0, 0.0, 1.0],
                [0.999976, 0.006898, -0.000702, 0.0, -0.001229, 0.275919, 0.96118, 1.350275, 0.006824, -0.961157, 0.275921, 0.0, 0.0, 0.0, 0.0, 1.0],
                [0.999977, 0.006898, -0.000708, -0.0, -0.001229, 0.276833, 0.960917, 1.350275, 0.006825, -0.960893, 0.276835, 0.0, 0.0, 0.0, 0.0, 1.0],
                [0.999976, 0.006898, -0.000712, -0.0, -0.001231, 0.277582, 0.960701, 1.350275, 0.006825, -0.960677, 0.277584, -0.0, 0.0, 0.0, 0.0, 1.0],
                [0.999976, 0.006897, -0.000716, -0.0, -0.001231, 0.278072, 0.960559, 1.350275, 0.006824, -0.960536, 0.278073, 0.0, 0.0, 0.0, 0.0, 1.0]
            ]
        },
        {
            "name": "Foot_R",
            "time": [0.0, 0.0333, 0.0667, 0.1, 0.1333, 0.1667, 0.2, 0.2333, 0.2667, 0.3, 0.3333, 0.3667, 0.4, 0.4333, 0.4667, 0.5, 0.5333, 0.5667, 0.6, 0.6333, 0.6667, 0.7, 0.7333, 0.7667, 0.8, 0.8333, 0.8667, 0.9, 0.9333, 0.9667, 1.0, 1.0333, 1.0667, 1.1, 1.1333, 1.1667, 1.2, 1.2333, 1.2667, 1.3, 1.3333, 1.3667, 1.4, 1.4333, 1.4667, 1.5, 1.5333, 1.5667, 1.6, 1.6333, 1.6667, 1.7, 1.7333, 1.7667, 1.8, 1.8333, 1.8667, 1.9, 1.9333, 1.9667, 2.0, 2.0333, 2.0667, 2.1, 2.1333, 2.1667, 2.2, 2.2333, 2.2667, 2.3, 2.3333],
            "transform": [
                [-0.943601, 0.148506, -0.29591, -0.0, -0.318369, -0.161687, 0.934076, 1.523523, 0.090871, 0.975604, 0.199847, 0.0, 0.0, 0.0, 0.0, 1.0],
                [-0.943962, 0.144808, -0.296592, -0.0, -0.318102, -0.159512, 0.934541, 1.523523, 0.088019, 0.976517, 0.196637, 0.0, 0.0, 0.0, 0.0, 1.0],
                [-0.94439, 0.140582, -0.297262, -0.0, -0.317722, -0.157144, 0.935071, 1.523523, 0.084741, 0.977518, 0.193072, 0.0, 0.0, 0.0, 0.0, 1.0],
                [-0.944872, 0.135923, -0.297897, -0.0, -0.317238, -0.154653, 0.93565, 1.523523, 0.081106, 0.978574, 0.189247, -0.0, 0.0, 0.0, 0.0, 1.0],
                [-0.945395, 0.130929, -0.298474, -0.0, -0.316658, -0.152114, 0.936263, 1.523523, 0.077182, 0.979652, 0.185267, 0.0, 0.0, 0.0, 0.0, 1.0],
                [-0.945947, 0.125696, -0.298973, -0.0, -0.31599, -0.149598, 0.936895, 1.523523, 0.073038, 0.980724, 0.181231, -0.0, 0.0, 0.0, 0.0, 1.0],
                [-0.94652, 0.120323, -0.299373, -0.0, -0.315241, -0.147181, 0.937529, 1.523523, 0.068744, 0.981763, 0.17724, 0.0, 0.0, 0.0, 0.0, 1.0],
                [-0.947116, 0.114841, -0.29964, 0.0, -0.314339, -0.144259, 0.938286, 1.523523, 0.064528, 0.982853, 0.172729, -0.0, 0.0, 0.0, 0.0, 1.0],
                [-0.947745, 0.109238, -0.299746, -0.0, -0.31323, -0.140251, 0.939264, 1.523523, 0.060563, 0.984071, 0.167139, -0.0, 0.0, 0.0, 0.0, 1.0],
                [-0.948401, 0.103551, -0.29969, 0.0, -0.311939, -0.135266, 0.940424, 1.523523, 0.056844, 0.985383, 0.160589, 0.0, 0.0, 0.0, 0.0, 1.0],
                [-0.949077, 0.097819, -0.299476, -0.0, -0.310495, -0.129413, 0.941724, 1.523523, 0.053363, 0.986753, 0.153195, 0.0, 0.0, 0.0, 0.0, 1.0],
                [-0.949768, 0.092081, -0.299107, 0.0, -0.308922, -0.1228, 0.943126, 1.523523, 0.050114, 0.988149, 0.145078, 0.0, 0.0, 0.0, 0.0, 1.0],
                [-0.950466, 0.086375, -0.298588, -0.0, -0.307243, -0.115538, 0.944591, 1.523523, 0.047091, 0.98954, 0.136353, -0.0, 0.0, 0.0, 0.0, 1.0],
                [-0.951168, 0.08074, -0.297929, 0.0, -0.305482, -0.107738, 0.946083, 1.523523, 0.044289, 0.990895, 0.127142, 0.0, 0.0, 0.0, 0.0, 1.0],
                [-0.951868, 0.075214, -0.297138, 0.0, -0.30366, -0.099512, 0.947569, 1.523523, 0.041702, 0.992189, 0.117562, 0.0, 0.0, 0.0, 0.0, 1.0],
                [-0.952561, 0.069838, -0.296229, -0.0, -0.301799, -0.090974, 0.949021, 1.523523, 0.039328, 0.993401, 0.107735, 0.0, 0.0, 0.0, 0.0, 1.0],
                [-0.953242, 0.064647, -0.295215, -0.0, -0.299917, -0.082239, 0.950414, 1.523523, 0.037163, 0.994514, 0.097782, -0.0, 0.0, 0.0, 0.0, 1.0],
                [-0.953907, 0.059679, -0.294114, -0.0, -0.298036, -0.073418, 0.951727, 1.523523, 0.035205, 0.995513, 0.087821, -0.0, 0.0, 0.0, 0.0, 1.0],
                [-0.954548, 0.054974, -0.292944, 0.0, -0.296174, -0.064631, 0.952945, 1.523523, 0.033454, 0.996393, 0.077975, -0.0, 0.0, 0.0, 0.0, 1.0],
                [-0.955175, 0.050702, -0.29167, 0.0, -0.2943, -0.055831, 0.954081, 1.523523, 0.03209, 0.997152, 0.068249, 0.0, 0.0, 0.0, 0.0, 1.0],
                [-0.955797, 0.046999, -0.290251, 0.0, -0.292364, -0.046927, 0.955155, 1.523523, 0.031271, 0.997792, 0.058593, -0.0, 0.0, 0.0, 0.0, 1.0],
                [-0.956416, 0.043848, -0.288699, 0.0, -0.290364, -0.037974, 0.956163, 1.523523, 0.030963, 0.998315, 0.049051, -0.0, 0.0, 0.0, 0.0, 1.0],
                [-0.957037, 0.041227, -0.287024, -0.0, -0.288295, -0.029026, 0.957102, 1.523523, 0.031127, 0.998727, 0.039665, -0.0, 0.0, 0.0, 0.0, 1.0],
                [-0.957658, 0.039119, -0.28524, 0.0, -0.286157, -0.020137, 0.957971, 1.523523, 0.031731, 0.999031, 0.030479, 0.0, 0.0, 0.0, 0.0, 1.0],
                [-0.958282, 0.037501, -0.283355, -0.0, -0.283945, -0.01136, 0.958773, 1.523523, 0.032736, 0.999232, 0.021535, 0.0, 0.0, 0.0, 0.0, 1.0],
                [-0.958908, 0.036355, -0.281379, 0.0, -0.28166, -0.00275, 0.95951, 1.523523, 0.03411, 0.999335, 0.012876, -0.0, 0.0, 0.0, 0.0, 1.0],
