{
    "animation": [
        {
            "name": "Root",
            "time": [0.0, 0.0333, 0.0667, 0.1, 0.1333, 0.1667, 0.2, 0.2333, 0.2667, 0.3, 0.3333, 0.3667, 0.4, 0.4333, 0.4667, 0.5, 0.5333, 0.5667, 0.6, 0.6333, 0.6667, 0.7, 0.7333, 0.7667, 0.8, 0.8333, 0.8667, 0.9, 0.9333, 0.9667, 1.0, 1.0333, 1.0667, 1.1, 1.1333, 1.1667, 1.2, 1.2333, 1.2667, 1.3, 1.3333, 1.3667, 1.4, 1.4333, 1.4667, 1.5, 1.5333, 1.5667, 1.6, 1.6333, 1.6667, 1.7, 1.7333, 1.7667, 1.8, 1.8333, 1.8667, 1.9, 1.9333, 1.9667, 2.0, 2.0333, 2.0667, 2.1, 2.1333, 2.1667, 2.2, 2.2333, 2.2667, 2.3, 2.3333, 2.3667, 2.4, 2.4333, 2.4667, 2.5, 2.5333, 2.5667, 2.6, 2.6333, 2.6667, 2.7, 2.7333, 2.7667, 2.8, 2.8333, 2.8667, 2.9, 2.9333, 2.9667, 3.0, 3.0333, 3.0667, 3.1, 3.1333, 3.1667, 3.2, 3.2333, 3.2667, 3.3, 3.3333, 3.3667, 3.4, 3.4333, 3.4667, 3.5, 3.5333, 3.5667, 3.6, 3.6333, 3.6667, 3.7, 3.7333, 3.7667, 3.8, 3.8333, 3.8667, 3.9, 3.9333, 3.9667, 4.0, 4.0333, 4.0667, 4.1, 4.1333, 4.1667, 4.2, 4.2333, 4.2667, 4.3, 4.3333, 4.3667, 4.4, 4.4333, 4.4667, 4.5, 4.5333, 4.5667, 4.6, 4.6333, 4.6667, 4.7, 4.7333, 4.7667, 4.8, 4.8333, 4.8667],
            "transform": [
                [0.976107, 0.000213, -0.217287, -0.004225, -0.217287, 0.001942, -0.976106, -0.44394, 0.000214, 0.999998, 0.001942, 1.751151, 0.0, 0.0, 0.0, 1.0],
                [0.976871, 0.000209, -0.213826, 0.006606, -0.213826, 0.001943, -0.97687, -0.481602, 0.000211, 0.999998, 0.001942, 1.787348, 0.0, 0.0, 0.0, 1.0],
                [0.976966, 0.000209, -0.213393, 0.023181, -0.213393, 0.001943, -0.976965, -0.524411, 0.000211, 0.999998, 0.001943, 1.829262, 0.0, 0.0, 0.0, 1.0],
                [0.977061, 0.000208, -0.212959, 0.04205, -0.212959, 0.001943, -0.977059, -0.569284, 0.00021, 0.999998, 0.001943, 1.871177, 0.0, 0.0, 0.0, 1.0],
                [0.977155, 0.000208, -0.212526, 0.059772, -0.212526, 0.001943, -0.977154, -0.613126, 0.00021, 0.999998, 0.001943, 1.913091, 0.0, 0.0, 0.0, 1.0],
                [0.977249, 0.000207, -0.212092, 0.072904, -0.212092, 0.001943, -0.977248, -0.652848, 0.000209, 0.999998, 0.001942, 1.951196, 0.0, 0.0, 0.0, 1.0],
                [0.978549, 0.000201, -0.20601, 0.077993, -0.20601, 0.001944, -0.978549, -0.68536, 0.000203, 0.999999, 0.001943, 1.982644, 0.0, 0.0, 0.0, 1.0],
                [0.981219, 0.000188, -0.192897, 0.071593, -0.192897, 0.001945, -0.981217, -0.707572, 0.00019, 0.999998, 0.001945, 2.004575, 0.0, 0.0, 0.0, 1.0],
                [0.98515, 0.000167, -0.171693, 0.050261, -0.171693, 0.001946, -0.985149, -0.716395, 0.000169, 0.999998, 0.001946, 2.014147, 0.0, 0.0, 0.0, 1.0],
                [0.989461, 0.000141, -0.144802, 0.015511, -0.144802, 0.001949, -0.989459, -0.715272, 0.000143, 0.999998, 0.001949, 2.011665, 0.0, 0.0, 0.0, 1.0],
                [0.993581, 0.00011, -0.11312, -0.027901, -0.11312, 0.001951, -0.99358, -0.709722, 0.000112, 0.999999, 0.001951, 2.000525, 0.0, 0.0, 0.0, 1.0],
                [0.996688, 7.8e-05, -0.081322, -0.078541, -0.081322, 0.001952, -0.996686, -0.699774, 8.1e-05, 0.999998, 0.001952, 1.982459, 0.0, 0.0, 0.0, 1.0],
                [0.999026, 4.2e-05, -0.044104, -0.134995, -0.044104, 0.001954, -0.999026, -0.68545, 4.4e-05, 0.999998, 0.001954, 1.959202, 0.0, 0.0, 0.0, 1.0],
                [0.999977, 6e-06, -0.006825, -0.195826, -0.006825, 0.001954, -0.999975, -0.666781, 8e-06, 0.999998, 0.001954, 1.932503, 0.0, 0.0, 0.0, 1.0],
                [0.999269, -3.9e-05, 0.038223, -0.259626, 0.038223, 0.001954, -0.999268, -0.643789, -3.6e-05, 0.999998, 0.001954, 1.904118, 0.0, 0.0, 0.0, 1.0],
                [0.996533, -8.2e-05, 0.083193, -0.324954, 0.083193, 0.001952, -0.996532, -0.616503, -8e-05, 0.999998, 0.001952, 1.875732, 0.0, 0.0, 0.0, 1.0],
                [0.991481, -0.000128, 0.130252, -0.390391, 0.130252, 0.00195, -0.99148, -0.584946, -0.000127, 0.999998, 0.00195, 1.849126, 0.0, 0.0, 0.0, 1.0],
                [0.984207, -0.000175, 0.177019, -0.454509, 0.177019, 0.001946, -0.984206, -0.549147, -0.000173, 0.999998, 0.001947, 1.826043, 0.0, 0.0, 0.0, 1.0],
                [0.973768, -0.000225, 0.22754, -0.515894, 0.22754, 0.001942, -0.973768, -0.509129, -0.000223, 0.999998, 0.001942, 1.808207, 0.0, 0.0, 0.0, 1.0],
                [0.960738, -0.000275, 0.277456, -0.573113, 0.277456, 0.001935, -0.960737, -0.464922, -0.000273, 0.999998, 0.001935, 1.797363, 0.0, 0.0, 0.0, 1.0],
                [0.943269, -0.00033, 0.332028, -0.628292, 0.332028, 0.001926, -0.943268, -0.412627, -0.000328, 0.999998, 0.001926, 1.793849, 0.0, 0.0, 0.0, 1.0],
                [0.919597, -0.000393, 0.392862, -0.684178, 0.392862, 0.001914, -0.919596, -0.349855, -0.000391, 0.999998, 0.001915, 1.796034, 0.0, 0.0, 0.0, 1.0],
                [0.890057, -0.000459, 0.455848, -0.740277, 0.455848, 0.0019, -0.890056, -0.278888, -0.000457, 0.999998, 0.0019, 1.802684, 0.0, 0.0, 0.0, 1.0],
                [0.854083, -0.000529, 0.520135, -0.796101, 0.520135, 0.001882, -0.854083, -0.20201, -0.000527, 0.999999, 0.001882, 1.812597, 0.0, 0.0, 0.0, 1.0],
                [0.812952, -0.000599, 0.58233, -0.851161, 0.58233, 0.001862, -0.812951, -0.121497, -0.000597, 0.999998, 0.001862, 1.824942, 0.0, 0.0, 0.0, 1.0],
                [0.767302, -0.000667, 0.641286, -0.904964, 0.641286, 0.001837, -0.7673, -0.039644, -0.000666, 0.999998, 0.001837, 1.837288, 0.0, 0.0, 0.0, 1.0],
                [0.718754, -0.000734, 0.695264, -0.957022, 0.695264, 0.001811, -0.718753, 0.041282, -0.000732, 0.999998, 0.001812, 1.849633, 0.0, 0.0, 0.0, 1.0],
                [0.669441, -0.000795, 0.742865, -1.006845, 0.742864, 0.001785, -0.66944, 0.118994, -0.000794, 0.999998, 0.001786, 1.860349, 0.0, 0.0, 0.0, 1.0],
                [0.621129, -0.000851, 0.783708, -1.053941, 0.783708, 0.001759, -0.621128, 0.191214, -0.00085, 0.999999, 0.00176, 1.868215, 0.0, 0.0, 0.0, 1.0],
                [0.576831, -0.0009, 0.816863, -1.097818, 0.816863, 0.001735, -0.57683, 0.255663, -0.000898, 0.999999, 0.001736, 1.872005, 0.0, 0.0, 0.0, 1.0],
                [0.535886, -0.000943, 0.84429, -1.138371, 0.84429, 0.001713, -0.535885, 0.313814, -0.000941, 0.999999, 0.001714, 1.872429, 0.0, 0.0, 0.0, 1.0],
                [0.49364, -0.000984, 0.869666, -1.176104, 0.869666, 0.001689, -0.493638, 0.368912, -0.000983, 0.999999, 0.00169, 1.872854, 0.0, 0.0, 0.0, 1.0],
                [0.454856, -0.001021, 0.890565, -1.211423, 0.890565, 0.001667, -0.454854, 0.421347, -0.00102, 0.999998, 0.001668, 1.871355, 0.0, 0.0, 0.0, 1.0],
                [0.415189, -0.001058, 0.909735, -1.244756, 0.909735, 0.001643, -0.415187, 0.4715, -0.001056, 0.999998, 0.001645, 1.869857, 0.0, 0.0, 0.0, 1.0],
                [0.37965, -0.001089, 0.92513, -1.27651, 0.925129, 0.001623, -0.379649, 0.519761, -0.001088, 0.999998, 0.001624, 1.866315, 0.0, 0.0, 0.0, 1.0],
                [0.343541, -0.001121, 0.939137, -1.30711, 0.939137, 0.001601, -0.34354, 0.56651, -0.001119, 0.999998, 0.001603, 1.862774, 0.0, 0.0, 0.0, 1.0],
                [0.312808, -0.001147, 0.949816, -1.336963, 0.949816, 0.001583, -0.312806, 0.61214, -0.001145, 0.999998, 0.001584, 1.85708, 0.0, 0.0, 0.0, 1.0],
                [0.281743, -0.001172, 0.959489, -1.366496, 0.959489, 0.001564, -0.281741, 0.657028, -0.00117, 0.999998, 0.001565, 1.851385, 0.0, 0.0, 0.0, 1.0],
                [0.256916, -0.001192, 0.966433, -1.396116, 0.966433, 0.001549, -0.256914, 0.701568, -0.001191, 0.999998, 0.00155, 1.843417, 0.0, 0.0, 0.0, 1.0],
                [0.231919, -0.001212, 0.972735, -1.426251, 0.972734, 0.001533, -0.231917, 0.746137, -0.00121, 0.999998, 0.001535, 1.835449, 0.0, 0.0, 0.0, 1.0],
                [0.212261, -0.001227, 0.977213, -1.457305, 0.977212, 0.001521, -0.212259, 0.791125, -0.001226, 0.999998, 0.001522, 1.824715, 0.0, 0.0, 0.0, 1.0],
                [0.197305, -0.001239, 0.980342, -1.488939, 0.980341, 0.001512, -0.197303, 0.836278, -0.001238, 0.999998, 0.001513, 1.81398, 0.0, 0.0, 0.0, 1.0],
                [0.187769, -0.001246, 0.982213, -1.520466, 0.982212, 0.001506, -0.187767, 0.880939, -0.001245, 0.999998, 0.001507, 1.799769, 0.0, 0.0, 0.0, 1.0],
                [0.184351, -0.001249, 0.98286, -1.551993, 0.982859, 0.001503, -0.184349, 0.925169, -0.001247, 0.999998, 0.001505, 1.783358, 0.0, 0.0, 0.0, 1.0],
                [0.185042, -0.001248, 0.98273, -1.582859, 0.982729, 0.001504, -0.18504, 0.967953, -0.001247, 0.999998, 0.001505, 1.764886, 0.0, 0.0, 0.0, 1.0],
                [0.189813, -0.001245, 0.98182, -1.613557, 0.98182, 0.001507, -0.189811, 1.009888, -0.001243, 0.999998, 0.001508, 1.746299, 0.0, 0.0, 0.0, 1.0],
                [0.200029, -0.001237, 0.979789, -1.643807, 0.979789, 0.001513, -0.200028, 1.050496, -0.001236, 0.999998, 0.001515, 1.725984, 0.0, 0.0, 0.0, 1.0],
                [0.210224, -0.001229, 0.977653, -1.673529, 0.977652, 0.00152, -0.210222, 1.089563, -0.001227, 0.999998, 0.001521, 1.705671, 0.0, 0.0, 0.0, 1.0],
                [0.223271, -0.001219, 0.974756, -1.702635, 0.974755, 0.001528, -0.223269, 1.126885, -0.001217, 0.999998, 0.001529, 1.685357, 0.0, 0.0, 0.0, 1.0],
                [0.236279, -0.001209, 0.971685, -1.731041, 0.971684, 0.001536, -0.236277, 1.162248, -0.001207, 0.999998, 0.001538, 1.665043, 0.0, 0.0, 0.0, 1.0],
                [0.249246, -0.001198, 0.96844, -1.766744, 0.968439, 0.001544, -0.249244, 1.191729, -0.001197, 0.999998, 0.001545, 1.642947, 0.0, 0.0, 0.0, 1.0],
                [0.262167, -0.001188, 0.965022, -1.813828, 0.965021, 0.001552, -0.262166, 1.213576, -0.001187, 0.999998, 0.001553, 1.617327, 0.0, 0.0, 0.0, 1.0],
                [0.27504, -0.001177, 0.961432, -1.866338, 0.961432, 0.00156, -0.275039, 1.230836, -0.001176, 0.999998, 0.001561, 1.589806, 0.0, 0.0, 0.0, 1.0],
                [0.29044, -0.001165, 0.956893, -1.918319, 0.956892, 0.00157, -0.290438, 1.246558, -0.001164, 0.999999, 0.001571, 1.562284, 0.0, 0.0, 0.0, 1.0],
                [0.309776, -0.001149, 0.95081, -1.963813, 0.950808, 0.001581, -0.309774, 1.263787, -0.001147, 0.999998, 0.001582, 1.534762, 0.0, 0.0, 0.0, 1.0],
                [0.334965, -0.001128, 0.94223, -1.996866, 0.94223, 0.001596, -0.334964, 1.285575, -0.001126, 0.999998, 0.001597, 1.510462, 0.0, 0.0, 0.0, 1.0],
                [0.36914, -0.001098, 0.929374, -2.011517, 0.929373, 0.001617, -0.369138, 1.31497, -0.001097, 0.999998, 0.001618, 1.490348, 0.0, 0.0, 0.0, 1.0],
                [0.411971, -0.001061, 0.911197, -2.001814, 0.911196, 0.001642, -0.411969, 1.355016, -0.001059, 0.999998, 0.001643, 1.475962, 0.0, 0.0, 0.0, 1.0],
                [0.466114, -0.001011, 0.884724, -1.961796, 0.884724, 0.001673, -0.466113, 1.408764, -0.001009, 0.999998, 0.001674, 1.468833, 0.0, 0.0, 0.0, 1.0],
                [0.532393, -0.000946, 0.846497, -1.889077, 0.846496, 0.00171, -0.532391, 1.477445, -0.000944, 0.999998, 0.001711, 1.469783, 0.0, 0.0, 0.0, 1.0],
                [0.607295, -0.000867, 0.794476, -1.788418, 0.794475, 0.001751, -0.607294, 1.558623, -0.000865, 0.999998, 0.001753, 1.477705, 0.0, 0.0, 0.0, 1.0],
                [0.686344, -0.000775, 0.727277, -1.664582, 0.727276, 0.001794, -0.686343, 1.64985, -0.000773, 0.999998, 0.001795, 1.491189, 0.0, 0.0, 0.0, 1.0],
                [0.764851, -0.000671, 0.644207, -1.522335, 0.644206, 0.001836, -0.76485, 1.748676, -0.000669, 0.999998, 0.001836, 1.508857, 0.0, 0.0, 0.0, 1.0],
                [0.837675, -0.000557, 0.546169, -1.366442, 0.546169, 0.001873, -0.837673, 1.852648, -0.000556, 0.999998, 0.001874, 1.529321, 0.0, 0.0, 0.0, 1.0],
                [0.900198, -0.000438, 0.43548, -1.201669, 0.43548, 0.001905, -0.900196, 1.959319, -0.000436, 0.999998, 0.001905, 1.550732, 0.0, 0.0, 0.0, 1.0],
                [0.948772, -0.000314, 0.315962, -1.032786, 0.315962, 0.001929, -0.94877, 2.066241, -0.000312, 0.999998, 0.001929, 1.572143, 0.0, 0.0, 0.0, 1.0],
                [0.981391, -0.000189, 0.192018, -0.864564, 0.192018, 0.001945, -0.98139, 2.170965, -0.000188, 0.999998, 0.001945, 1.593554, 0.0, 0.0, 0.0, 1.0],
                [0.997543, -7e-05, 0.070049, -0.701774, 0.070049, 0.001953, -0.997543, 2.271041, -6.7e-05, 0.999999, 0.001953, 1.611279, 0.0, 0.0, 0.0, 1.0],
                [0.998275, 5.7e-05, -0.058709, -0.539782, -0.058709, 0.001953, -0.998273, 2.368782, 5.8e-05, 0.999998, 0.001953, 1.627173, 0.0, 0.0, 0.0, 1.0],
                [0.982742, 0.000181, -0.184978, -0.340902, -0.184978, 0.001945, -0.982742, 2.468858, 0.000182, 0.999998, 0.001945, 1.643068, 0.0, 0.0, 0.0, 1.0],
                [0.952739, 0.000299, -0.303788, -0.060287, -0.303788, 0.001931, -0.952738, 2.572366, 0.000301, 0.999998, 0.001931, 1.658963, 0.0, 0.0, 0.0, 1.0],
                [0.881336, 0.000475, -0.472488, 0.522785, -0.472488, 0.001896, -0.881335, 2.728543, 0.000477, 0.999998, 0.001895, 1.682854, 0.0, 0.0, 0.0, 1.0],
                [0.779893, 0.000647, -0.625912, 1.172182, -0.625911, 0.001843, -0.779893, 2.885515, 0.000649, 0.999998, 0.001843, 1.706646, 0.0, 0.0, 0.0, 1.0],
                [0.698165, 0.000758, -0.715936, 1.601528, -0.715936, 0.0018, -0.698164, 3.083667, 0.00076, 0.999998, 0.0018, 1.572207, 0.0, 0.0, 0.0, 1.0],
                [0.564849, 0.000911, -0.825194, 2.169919, -0.825194, 0.001729, -0.564847, 3.281818, 0.000912, 0.999998, 0.001729, 1.437768, 0.0, 0.0, 0.0, 1.0],
                [0.417759, 0.001053, -0.908558, 2.702837, -0.908557, 0.001645, -0.417757, 3.47997, 0.001055, 0.999999, 0.001645, 1.303329, 0.0, 0.0, 0.0, 1.0],
                [0.271093, 0.001179, -0.962553, 3.232396, -0.962552, 0.001558, -0.271091, 3.678121, 0.00118, 0.999998, 0.001557, 1.168891, 0.0, 0.0, 0.0, 1.0],
                [0.141959, 0.001279, -0.989872, 3.515097, -0.989872, 0.001477, -0.141958, 3.744223, 0.00128, 0.999999, 0.001476, 1.084853, 0.0, 0.0, 0.0, 1.0],
                [0.069736, 0.001332, -0.997565, 3.660924, -0.997565, 0.001429, -0.069734, 3.810325, 0.001333, 0.999998, 0.001428, 1.000815, 0.0, 0.0, 0.0, 1.0],
                [-0.029707, 0.001401, -0.999558, 3.803439, -0.999557, 0.001361, 0.029709, 3.876427, 0.001402, 0.999998, 0.00136, 0.916777, 0.0, 0.0, 0.0, 1.0],
                [-0.116558, 0.001459, -0.993183, 3.893722, -0.993182, 0.001298, 0.11656, 3.942529, 0.00146, 0.999998, 0.001298, 0.832739, 0.0, 0.0, 0.0, 1.0],
                [-0.185844, 0.001504, -0.982579, 3.954355, -0.982578, 0.001247, 0.185846, 4.008632, 0.001505, 0.999999, 0.001246, 0.748701, 0.0, 0.0, 0.0, 1.0],
                [-0.237328, 0.001536, -0.971429, 4.021029, -0.971428, 0.001207, 0.23733, 4.063764, 0.001537, 0.999998, 0.001206, 0.698602, 0.0, 0.0, 0.0, 1.0],
                [-0.260259, 0.00155, -0.965538, 4.07367, -0.965537, 0.001188, 0.260261, 4.118896, 0.001551, 0.999998, 0.001187, 0.648502, 0.0, 0.0, 0.0, 1.0],
                [-0.279063, 0.001562, -0.960272, 4.145583, -0.960272, 0.001173, 0.279064, 4.174027, 0.001563, 0.999999, 0.001172, 0.598403, 0.0, 0.0, 0.0, 1.0],
                [-0.28375, 0.001565, -0.958897, 4.206305, -0.958897, 0.00117, 0.283752, 4.229159, 0.001565, 0.999999, 0.001169, 0.548303, 0.0, 0.0, 0.0, 1.0],
                [-0.277051, 0.001561, -0.960854, 4.236564, -0.960853, 0.001175, 0.277053, 4.284291, 0.001561, 0.999998, 0.001174, 0.498204, 0.0, 0.0, 0.0, 1.0],
                [-0.26295, 0.001552, -0.964809, 4.256157, -0.964808, 0.001186, 0.262952, 4.339423, 0.001553, 0.999998, 0.001185, 0.448105, 0.0, 0.0, 0.0, 1.0],
                [-0.242057, 0.001539, -0.970261, 4.266213, -0.970261, 0.001203, 0.242059, 4.386768, 0.00154, 0.999998, 0.001202, 0.484871, 0.0, 0.0, 0.0, 1.0],
                [-0.215673, 0.001523, -0.976465, 4.267751, -0.976464, 0.001224, 0.215675, 4.434113, 0.001524, 0.999998, 0.001223, 0.521638, 0.0, 0.0, 0.0, 1.0],
                [-0.18913, 0.001506, -0.981951, 4.266731, -0.981951, 0.001244, 0.189132, 4.481457, 0.001506, 0.999998, 0.001243, 0.558405, 0.0, 0.0, 0.0, 1.0],
                [-0.159442, 0.001487, -0.987207, 4.263339, -0.987206, 0.001267, 0.159444, 4.528802, 0.001488, 0.999999, 0.001266, 0.595172, 0.0, 0.0, 0.0, 1.0],
                [-0.129609, 0.001467, -0.991564, 4.257757, -0.991564, 0.001289, 0.129611, 4.576146, 0.001468, 0.999998, 0.001288, 0.631938, 0.0, 0.0, 0.0, 1.0],
                [-0.096278, 0.001446, -0.995354, 4.25017, -0.995353, 0.001314, 0.09628, 4.623491, 0.001447, 0.999998, 0.001313, 0.668705, 0.0, 0.0, 0.0, 1.0],
                [-0.062838, 0.001424, -0.998023, 4.24076, -0.998022, 0.001337, 0.06284, 4.670835, 0.001424, 0.999998, 0.001337, 0.705472, 0.0, 0.0, 0.0, 1.0],
                [-0.026723, 0.001399, -0.999643, 4.229267, -0.999642, 0.001363, 0.026724, 4.718181, 0.0014, 0.999999, 0.001363, 0.742239, 0.0, 0.0, 0.0, 1.0],
                [0.008982, 0.001375, -0.999959, 4.217212, -0.999959, 0.001388, -0.00898, 4.765553, 0.001375, 0.999998, 0.001387, 0.804417, 0.0, 0.0, 0.0, 1.0],
                [0.047666, 0.001348, -0.998863, 4.20344, -0.998862, 0.001414, -0.047664, 4.812925, 0.001348, 0.999998, 0.001414, 0.866595, 0.0, 0.0, 0.0, 1.0],
                [0.086279, 0.00132, -0.996271, 4.188584, -0.99627, 0.00144, -0.086277, 4.860298, 0.001321, 0.999998, 0.001439, 0.928772, 0.0, 0.0, 0.0, 1.0],
                [0.127234, 0.00129, -0.991872, 4.172825, -0.991872, 0.001467, -0.127232, 4.90767, 0.001291, 0.999998, 0.001467, 0.99095, 0.0, 0.0, 0.0, 1.0],
                [0.167973, 0.001259, -0.985791, 4.156349, -0.98579, 0.001493, -0.167972, 4.955042, 0.001261, 0.999998, 0.001492, 1.053128, 0.0, 0.0, 0.0, 1.0],
                [0.210271, 0.001227, -0.977642, 4.139339, -0.977642, 0.00152, -0.210269, 5.002415, 0.001228, 0.999998, 0.00152, 1.115306, 0.0, 0.0, 0.0, 1.0],
                [0.252179, 0.001194, -0.96768, 4.121981, -0.96768, 0.001546, -0.252177, 5.049787, 0.001195, 0.999998, 0.001545, 1.177484, 0.0, 0.0, 0.0, 1.0],
                [0.295187, 0.001159, -0.955439, 4.104455, -0.955438, 0.001573, -0.295186, 5.097159, 0.001161, 0.999998, 0.001572, 1.239662, 0.0, 0.0, 0.0, 1.0],
                [0.337606, 0.001123, -0.941287, 4.086951, -0.941287, 0.001598, -0.337604, 5.144532, 0.001125, 0.999998, 0.001597, 1.30184, 0.0, 0.0, 0.0, 1.0],
                [0.381534, 0.001086, -0.924354, 4.06655, -0.924353, 0.001624, -0.381533, 5.191905, 0.001087, 0.999998, 0.001623, 1.364018, 0.0, 0.0, 0.0, 1.0],
                [0.429761, 0.001043, -0.902942, 4.042076, -0.902942, 0.001653, -0.429759, 5.239264, 0.001044, 0.999999, 0.001652, 1.424729, 0.0, 0.0, 0.0, 1.0],
                [0.476791, 0.000999, -0.879016, 4.013763, -0.879016, 0.001679, -0.47679, 5.286624, 0.001, 0.999998, 0.001678, 1.48544, 0.0, 0.0, 0.0, 1.0],
                [0.525879, 0.000951, -0.850559, 3.982978, -0.850559, 0.001707, -0.525877, 5.333984, 0.000952, 0.999998, 0.001707, 1.54615, 0.0, 0.0, 0.0, 1.0],
                [0.573273, 0.000902, -0.819364, 3.950473, -0.819364, 0.001733, -0.573272, 5.381344, 0.000903, 0.999998, 0.001733, 1.606861, 0.0, 0.0, 0.0, 1.0],
                [0.619635, 0.000852, -0.78489, 3.918345, -0.78489, 0.001759, -0.619633, 5.394499, 0.000853, 0.999999, 0.001759, 1.626787, 0.0, 0.0, 0.0, 1.0],
                [0.663928, 0.0008, -0.747796, 3.88667, -0.747795, 0.001783, -0.663927, 5.407653, 0.000802, 0.999998, 0.001782, 1.646713, 0.0, 0.0, 0.0, 1.0],
                [0.70478, 0.00075, -0.709425, 3.856873, -0.709425, 0.001805, -0.704779, 5.420808, 0.000752, 0.999998, 0.001804, 1.666639, 0.0, 0.0, 0.0, 1.0],
                [0.743419, 0.000699, -0.668826, 3.830037, -0.668826, 0.001825, -0.743417, 5.433963, 0.000701, 0.999998, 0.001824, 1.686565, 0.0, 0.0, 0.0, 1.0],
                [0.777701, 0.000651, -0.628634, 3.807255, -0.628634, 0.001843, -0.777699, 5.447118, 0.000653, 0.999999, 0.001842, 1.706491, 0.0, 0.0, 0.0, 1.0],
                [0.809812, 0.000602, -0.586689, 3.789606, -0.586688, 0.001859, -0.809811, 5.460272, 0.000603, 0.999999, 0.001859, 1.726417, 0.0, 0.0, 0.0, 1.0],
                [0.836985, 0.000557, -0.547224, 3.778188, -0.547224, 0.001873, -0.836984, 5.473427, 0.000559, 0.999998, 0.001873, 1.746343, 0.0, 0.0, 0.0, 1.0],
                [0.862237, 0.000512, -0.506505, 3.774734, -0.506504, 0.001886, -0.862236, 5.486582, 0.000514, 0.999998, 0.001885, 1.766269, 0.0, 0.0, 0.0, 1.0],
                [0.885757, 0.000466, -0.464149, 3.779221, -0.464149, 0.001898, -0.885755, 5.499736, 0.000468, 0.999998, 0.001897, 1.786195, 0.0, 0.0, 0.0, 1.0],
                [0.907197, 0.00042, -0.420705, 3.790075, -0.420705, 0.001908, -0.907196, 5.512891, 0.000422, 0.999999, 0.001908, 1.806121, 0.0, 0.0, 0.0, 1.0],
                [0.925656, 0.000376, -0.378366, 3.805731, -0.378365, 0.001918, -0.925655, 5.526046, 0.000378, 0.999998, 0.001917, 1.826047, 0.0, 0.0, 0.0, 1.0],
                [0.94223, 0.000331, -0.334966, 3.824736, -0.334966, 0.001926, -0.942229, 5.5392, 0.000333, 0.999999, 0.001926, 1.845973, 0.0, 0.0, 0.0, 1.0],
                [0.955017, 0.000292, -0.29655, 3.84515, -0.296549, 0.001932, -0.955016, 5.552355, 0.000294, 0.999999, 0.001932, 1.865899, 0.0, 0.0, 0.0, 1.0],
                [0.966308, 0.000253, -0.257387, 3.865769, -0.257387, 0.001938, -0.966307, 5.56551, 0.000255, 0.999998, 0.001937, 1.885825, 0.0, 0.0, 0.0, 1.0],
                [0.974546, 0.00022, -0.224187, 3.884906, -0.224187, 0.001942, -0.974545, 5.502253, 0.000221, 0.999999, 0.001942, 1.852358, 0.0, 0.0, 0.0, 1.0],
                [0.980523, 0.000192, -0.196404, 3.900985, -0.196404, 0.001945, -0.980522, 5.448876, 0.000194, 0.999999, 0.001945, 1.822995, 0.0, 0.0, 0.0, 1.0],
                [0.984524, 0.000171, -0.175246, 3.912432, -0.175246, 0.001947, -0.984523, 5.410299, 0.000173, 0.999999, 0.001947, 1.799663, 0.0, 0.0, 0.0, 1.0],
                [0.98681, 0.000158, -0.161883, 3.920294, -0.161883, 0.001948, -0.986808, 5.38301, 0.000159, 0.999998, 0.001948, 1.781219, 0.0, 0.0, 0.0, 1.0],
                [0.987676, 0.000152, -0.156508, 3.926779, -0.156508, 0.001948, -0.987675, 5.359939, 0.000154, 0.999998, 0.001948, 1.762775, 0.0, 0.0, 0.0, 1.0],
                [0.987534, 0.000153, -0.157405, 3.932065, -0.157405, 0.001948, -0.987533, 5.340702, 0.000155, 0.999999, 0.001948, 1.747097, 0.0, 0.0, 0.0, 1.0],
                [0.986514, 0.00016, -0.163671, 3.936328, -0.163671, 0.001947, -0.986514, 5.324903, 0.000161, 0.999998, 0.001947, 1.731419, 0.0, 0.0, 0.0, 1.0],
                [0.984694, 0.00017, -0.174287, 3.939743, -0.174287, 0.001946, -0.984694, 5.312157, 0.000172, 0.999998, 0.001946, 1.718969, 0.0, 0.0, 0.0, 1.0],
                [0.98276, 0.00018, -0.184883, 3.942483, -0.184883, 0.001946, -0.982759, 5.302072, 0.000183, 0.999999, 0.001946, 1.70652, 0.0, 0.0, 0.0, 1.0],
                [0.980712, 0.000191, -0.195458, 3.944726, -0.195458, 0.001945, -0.98071, 5.294263, 0.000193, 0.999998, 0.001945, 1.697745, 0.0, 0.0, 0.0, 1.0],
                [0.978549, 0.000201, -0.20601, 3.946652, -0.20601, 0.001943, -0.978549, 5.288336, 0.000203, 0.999998, 0.001943, 1.688971, 0.0, 0.0, 0.0, 1.0],
                [0.977251, 0.000207, -0.212085, 3.948431, -0.212085, 0.001942, -0.97725, 5.283901, 0.000209, 0.999998, 0.001942, 1.683234, 0.0, 0.0, 0.0, 1.0],
                [0.97591, 0.000213, -0.218173, 3.950259, -0.218172, 0.001942, -0.975909, 5.280566, 0.000215, 0.999999, 0.001942, 1.67968, 0.0, 0.0, 0.0, 1.0],
                [0.975721, 0.000214, -0.219015, 3.951781, -0.219015, 0.001942, -0.97572, 5.27958, 0.000216, 0.999999, 0.001942, 1.679075, 0.0, 0.0, 0.0, 1.0],
                [0.975527, 0.000215, -0.219878, 3.952669, -0.219878, 0.001942, -0.975526, 5.282008, 0.000217, 0.999998, 0.001942, 1.681722, 0.0, 0.0, 0.0, 1.0],
                [0.975332, 0.000216, -0.220741, 3.953031, -0.220741, 0.001942, -0.975331, 5.287258, 0.000218, 0.999998, 0.001942, 1.687051, 0.0, 0.0, 0.0, 1.0],
                [0.975443, 0.000216, -0.220248, 3.952975, -0.220248, 0.001942, -0.975443, 5.29472, 0.000217, 0.999999, 0.001942, 1.694485, 0.0, 0.0, 0.0, 1.0],
                [0.975555, 0.000215, -0.219754, 3.952618, -0.219754, 0.001942, -0.975554, 5.303795, 0.000217, 0.999998, 0.001942, 1.704216, 0.0, 0.0, 0.0, 1.0],
                [0.975666, 0.000215, -0.219261, 3.952071, -0.219261, 0.001942, -0.975665, 5.313875, 0.000216, 0.999998, 0.001942, 1.713948, 0.0, 0.0, 0.0, 1.0],
                [0.975777, 0.000214, -0.218768, 3.95145, -0.218768, 0.001942, -0.975775, 5.324357, 0.000216, 0.999998, 0.001942, 1.723679, 0.0, 0.0, 0.0, 1.0],
                [0.975887, 0.000214, -0.218274, 3.950865, -0.218274, 0.001942, -0.975886, 5.334637, 0.000215, 0.999998, 0.001942, 1.73341, 0.0, 0.0, 0.0, 1.0],
                [0.975997, 0.000213, -0.217781, 3.950432, -0.217781, 0.001942, -0.975996, 5.344116, 0.000215, 0.999998, 0.001942, 1.743141, 0.0, 0.0, 0.0, 1.0],
                [0.976107, 0.000213, -0.217287, 3.950263, -0.217287, 0.001942, -0.976106, 5.352182, 0.000215, 0.999998, 0.001942, 1.751155, 0.0, 0.0, 0.0, 1.0]
            ]
        },
        {
            "name": "Thigh_R",
            "time": [0.0, 0.0333, 0.0667, 0.1, 0.1333, 0.1667, 0.2, 0.2333, 0.2667, 0.3, 0.3333, 0.3667, 0.4, 0.4333, 0.4667, 0.5, 0.5333, 0.5667, 0.6, 0.6333, 0.6667, 0.7, 0.7333, 0.7667, 0.8, 0.8333, 0.8667, 0.9, 0.9333, 0.9667, 1.0, 1.0333, 1.0667, 1.1, 1.1333, 1.1667, 1.2, 1.2333, 1.2667, 1.3, 1.3333, 1.3667, 1.4, 1.4333, 1.4667, 1.5, 1.5333, 1.5667, 1.6, 1.6333, 1.6667, 1.7, 1.7333, 1.7667, 1.8, 1.8333, 1.8667, 1.9, 1.9333, 1.9667, 2.0, 2.0333, 2.0667, 2.1, 2.1333, 2.1667, 2.2, 2.2333, 2.2667, 2.3, 2.3333, 2.3667, 2.4, 2.4333, 2.4667, 2.5, 2.5333, 2.5667, 2.6, 2.6333, 2.6667, 2.7, 2.7333, 2.7667, 2.8, 2.8333, 2.8667, 2.9, 2.9333, 2.9667, 3.0, 3.0333, 3.0667, 3.1, 3.1333, 3.1667, 3.2, 3.2333, 3.2667, 3.3, 3.3333, 3.3667, 3.4, 3.4333, 3.4667, 3.5, 3.5333, 3.5667, 3.6, 3.6333, 3.6667, 3.7, 3.7333, 3.7667, 3.8, 3.8333, 3.8667, 3.9, 3.9333, 3.9667, 4.0, 4.0333, 4.0667, 4.1, 4.1333, 4.1667, 4.2, 4.2333, 4.2667, 4.3, 4.3333, 4.3667, 4.4, 4.4333, 4.4667, 4.5, 4.5333, 4.5667, 4.6, 4.6333, 4.6667, 4.7, 4.7333, 4.7667, 4.8, 4.8333, 4.8667],
            "transform": [
                [0.733467, 0.635893, 0.240136, 0.605448, 0.361602, -0.664176, 0.654304, 0.37853, 0.57556, -0.393077, -0.717092, -0.264695, 0.0, 0.0, 0.0, 1.0],
                [0.74336, 0.619398, 0.25251, 0.605448, 0.328303, -0.666763, 0.669062, 0.37853, 0.58278, -0.414454, -0.698995, -0.264695, 0.0, 0.0, 0.0, 1.0],
                [0.754958, 0.598591, 0.26782, 0.605448, 0.287141, -0.668917, 0.685639, 0.37853, 0.589566, -0.440728, -0.676884, -0.264695, 0.0, 0.0, 0.0, 1.0],
                [0.765166, 0.577613, 0.284399, 0.605448, 0.24529, -0.669948, 0.700716, 0.37853, 0.595276, -0.466405, -0.654304, -0.264695, 0.0, 0.0, 0.0, 1.0],
                [0.775648, 0.555502, 0.299645, 0.605448, 0.204362, -0.670212, 0.713479, 0.37853, 0.597165, -0.492173, -0.633372, -0.264695, 0.0, 0.0, 0.0, 1.0],
                [0.78585, 0.534381, 0.311251, 0.605448, 0.168184, -0.669009, 0.723975, 0.37853, 0.595109, -0.516588, -0.615615, -0.264695, 0.0, 0.0, 0.0, 1.0],
                [0.792741, 0.520059, 0.317964, 0.605448, 0.142645, -0.665419, 0.732714, 0.378529, 0.592633, -0.535497, -0.601688, -0.264695, 0.0, 0.0, 0.0, 1.0],
                [0.796764, 0.514324, 0.317232, 0.605448, 0.1307, -0.659216, 0.740508, 0.378529, 0.589985, -0.548549, -0.592462, -0.264695, 0.0, 0.0, 0.0, 1.0],
                [0.797697, 0.518698, 0.307623, 0.605448, 0.135953, -0.651649, 0.746237, 0.37853, 0.587534, -0.553448, -0.590337, -0.264695, 0.0, 0.0, 0.0, 1.0],
                [0.795335, 0.532532, 0.28957, 0.605448, 0.154865, -0.64036, 0.7523, 0.37853, 0.586054, -0.553486, -0.591772, -0.264695, 0.0, 0.0, 0.0, 1.0],
                [0.790511, 0.551372, 0.266611, 0.605448, 0.181571, -0.626739, 0.757779, 0.37853, 0.584913, -0.550624, -0.595557, -0.264695, 0.0, 0.0, 0.0, 1.0],
                [0.783441, 0.573055, 0.240474, 0.605448, 0.215529, -0.61347, 0.759738, 0.378529, 0.582895, -0.543381, -0.604127, -0.264695, 0.0, 0.0, 0.0, 1.0],
                [0.769709, 0.601741, 0.213205, 0.605448, 0.257387, -0.598134, 0.758939, 0.37853, 0.58421, -0.529286, -0.615269, -0.264695, 0.0, 0.0, 0.0, 1.0],
                [0.752268, 0.631885, 0.186588, 0.605448, 0.304525, -0.584599, 0.752004, 0.37853, 0.584258, -0.508888, -0.632199, -0.264695, 0.0, 0.0, 0.0, 1.0],
                [0.729311, 0.663887, 0.165407, 0.605448, 0.355287, -0.574095, 0.73769, 0.37853, 0.584702, -0.479238, -0.654564, -0.264695, 0.0, 0.0, 0.0, 1.0],
                [0.700879, 0.696757, 0.152635, 0.605448, 0.408381, -0.567431, 0.715015, 0.37853, 0.584802, -0.438806, -0.682243, -0.264695, 0.0, 0.0, 0.0, 1.0],
                [0.671159, 0.725874, 0.150508, 0.605448, 0.459741, -0.566833, 0.683622, 0.37853, 0.581536, -0.389625, -0.714149, -0.264695, 0.0, 0.0, 0.0, 1.0],
                [0.637062, 0.753903, 0.160569, 0.605448, 0.5116, -0.569366, 0.643497, 0.37853, 0.576557, -0.3278, -0.748417, -0.264695, 0.0, 0.0, 0.0, 1.0],
                [0.603424, 0.775617, 0.185197, 0.605448, 0.560389, -0.57769, 0.593497, 0.37853, 0.567313, -0.254348, -0.783239, -0.264695, 0.0, 0.0, 0.0, 1.0],
                [0.5733, 0.787791, 0.225193, 0.605448, 0.604103, -0.592092, 0.533373, 0.37853, 0.553521, -0.169743, -0.815353, -0.264695, 0.0, 0.0, 0.0, 1.0],
                [0.547942, 0.787146, 0.283128, 0.605448, 0.643067, -0.612831, 0.459242, 0.37853, 0.535, -0.069568, -0.841983, -0.264695, 0.0, 0.0, 0.0, 1.0],
                [0.545614, 0.775493, 0.317673, 0.605448, 0.657255, -0.631155, 0.411897, 0.37853, 0.519924, -0.015945, -0.854063, -0.264695, 0.0, 0.0, 0.0, 1.0],
                [0.560751, 0.755323, 0.339183, 0.605448, 0.65704, -0.655207, 0.372831, 0.37853, 0.503843, 0.013791, -0.863685, -0.264695, 0.0, 0.0, 0.0, 1.0],
                [0.586341, 0.730501, 0.350105, 0.605448, 0.644904, -0.682487, 0.343964, 0.37853, 0.490208, 0.024104, -0.871272, -0.264695, 0.0, 0.0, 0.0, 1.0],
                [0.616621, 0.704238, 0.351891, 0.605448, 0.622168, -0.709799, 0.330292, 0.37853, 0.482376, 0.015271, -0.875831, -0.264695, 0.0, 0.0, 0.0, 1.0],
                [0.643287, 0.684005, 0.343974, 0.605448, 0.594325, -0.729351, 0.338857, 0.37853, 0.482657, -0.01355, -0.875704, -0.264695, 0.0, 0.0, 0.0, 1.0],
                [0.660608, 0.674442, 0.329735, 0.605448, 0.568424, -0.736268, 0.367156, 0.37853, 0.490399, -0.055117, -0.869753, -0.264695, 0.0, 0.0, 0.0, 1.0],
                [0.663358, 0.678964, 0.314586, 0.605448, 0.548186, -0.72709, 0.413318, 0.37853, 0.50936, -0.101727, -0.854519, -0.264695, 0.0, 0.0, 0.0, 1.0],
                [0.641709, 0.714029, 0.279951, 0.605448, 0.507155, -0.66888, 0.543501, 0.37853, 0.575329, -0.206791, -0.791349, -0.264695, 0.0, 0.0, 0.0, 1.0],
                [0.601731, 0.762142, 0.238872, 0.605448, 0.421912, -0.557258, 0.715159, 0.37853, 0.678166, -0.32955, -0.656876, -0.264695, 0.0, 0.0, 0.0, 1.0],
                [0.561956, 0.793938, 0.232095, 0.605448, 0.334195, -0.474592, 0.814295, 0.37853, 0.75665, -0.380033, -0.53203, -0.264695, 0.0, 0.0, 0.0, 1.0],
                [0.531027, 0.80972, 0.24973, 0.605448, 0.315223, -0.462338, 0.828782, 0.37853, 0.78654, -0.361385, -0.500756, -0.264695, 0.0, 0.0, 0.0, 1.0],
                [0.509379, 0.818725, 0.264993, 0.605448, 0.355387, -0.480593, 0.801705, 0.37853, 0.78373, -0.314197, -0.535769, -0.264695, 0.0, 0.0, 0.0, 1.0],
                [0.490882, 0.823565, 0.284211, 0.605448, 0.392346, -0.500238, 0.771899, 0.37853, 0.777881, -0.267402, -0.56868, -0.264694, 0.0, 0.0, 0.0, 1.0],
                [0.476019, 0.824681, 0.305463, 0.605448, 0.42613, -0.520135, 0.740184, 0.37853, 0.769297, -0.222175, -0.599015, -0.264694, 0.0, 0.0, 0.0, 1.0],
                [0.464679, 0.821833, 0.329644, 0.605448, 0.455055, -0.540994, 0.707284, 0.37853, 0.759604, -0.178654, -0.625368, -0.264695, 0.0, 0.0, 0.0, 1.0],
                [0.454132, 0.817497, 0.354208, 0.605448, 0.482122, -0.559822, 0.673913, 0.37853, 0.749214, -0.135274, -0.648366, -0.264694, 0.0, 0.0, 0.0, 1.0],
                [0.447479, 0.809563, 0.379961, 0.605448, 0.504371, -0.579314, 0.640317, 0.37853, 0.738494, -0.094887, -0.66755, -0.264695, 0.0, 0.0, 0.0, 1.0],
                [0.441595, 0.799852, 0.406486, 0.605448, 0.525014, -0.597751, 0.605851, 0.37853, 0.727568, -0.05413, -0.683897, -0.264695, 0.0, 0.0, 0.0, 1.0],
                [0.438942, 0.787134, 0.433301, 0.605448, 0.539775, -0.616528, 0.573181, 0.37853, 0.718312, -0.017708, -0.695495, -0.264695, 0.0, 0.0, 0.0, 1.0],
                [0.437949, 0.772765, 0.459386, 0.605448, 0.552971, -0.634451, 0.540088, 0.37853, 0.708819, 0.017496, -0.705173, -0.264694, 0.0, 0.0, 0.0, 1.0],
                [0.43673, 0.758737, 0.483306, 0.605448, 0.563851, -0.649496, 0.510124, 0.37853, 0.700956, 0.049726, -0.711469, -0.264695, 0.0, 0.0, 0.0, 1.0],
                [0.43624, 0.744966, 0.504698, 0.605448, 0.572157, -0.66254, 0.483401, 0.37853, 0.694501, 0.077887, -0.715264, -0.264695, 0.0, 0.0, 0.0, 1.0],
                [0.436462, 0.732293, 0.522731, 0.605448, 0.578871, -0.67333, 0.459928, 0.37853, 0.688773, 0.101853, -0.717786, -0.264694, 0.0, 0.0, 0.0, 1.0],
                [0.434816, 0.722561, 0.537439, 0.605449, 0.585777, -0.680235, 0.440619, 0.37853, 0.683959, 0.123231, -0.719037, -0.264695, 0.0, 0.0, 0.0, 1.0],
                [0.433593, 0.713531, 0.550337, 0.605448, 0.590508, -0.686313, 0.424587, 0.37853, 0.680659, 0.14088, -0.718926, -0.264694, 0.0, 0.0, 0.0, 1.0],
                [0.432203, 0.707804, 0.558762, 0.605448, 0.596277, -0.689145, 0.411745, 0.37853, 0.676502, 0.155219, -0.719897, -0.264694, 0.0, 0.0, 0.0, 1.0],
                [0.430653, 0.702013, 0.5672, 0.605448, 0.602026, -0.691662, 0.39896, 0.37853, 0.672385, 0.169656, -0.720496, -0.264694, 0.0, 0.0, 0.0, 1.0],
                [0.429573, 0.69911, 0.571587, 0.605448, 0.607786, -0.691973, 0.389577, 0.37853, 0.66788, 0.180051, -0.722162, -0.264694, 0.0, 0.0, 0.0, 1.0],
                [0.427668, 0.698536, 0.573714, 0.605449, 0.614749, -0.690071, 0.381951, 0.37853, 0.662709, 0.189342, -0.724545, -0.264695, 0.0, 0.0, 0.0, 1.0],
                [0.425045, 0.700555, 0.573201, 0.605448, 0.626369, -0.684787, 0.372463, 0.37853, 0.653451, 0.200722, -0.729871, -0.264695, 0.0, 0.0, 0.0, 1.0],
                [0.420999, 0.706153, 0.569305, 0.605448, 0.644268, -0.6746, 0.360325, 0.37853, 0.638497, 0.215089, -0.738957, -0.264695, 0.0, 0.0, 0.0, 1.0],
                [0.41678, 0.713477, 0.563245, 0.605448, 0.664673, -0.661881, 0.346588, 0.37853, 0.620083, 0.229923, -0.750088, -0.264695, 0.0, 0.0, 0.0, 1.0],
                [0.412668, 0.724748, 0.551766, 0.605448, 0.685754, -0.645893, 0.335506, 0.37853, 0.599538, 0.239923, -0.763538, -0.264695, 0.0, 0.0, 0.0, 1.0],
                [0.410823, 0.738704, 0.53436, 0.605448, 0.704154, -0.629383, 0.328701, 0.37853, 0.579129, 0.241234, -0.778727, -0.264694, 0.0, 0.0, 0.0, 1.0],
                [0.406923, 0.756913, 0.511367, 0.605448, 0.7198, -0.610367, 0.330667, 0.37853, 0.562408, 0.233526, -0.793198, -0.264695, 0.0, 0.0, 0.0, 1.0],
                [0.408482, 0.776847, 0.479219, 0.605448, 0.725952, -0.594754, 0.345341, 0.37853, 0.553295, 0.206824, -0.8069, -0.264695, 0.0, 0.0, 0.0, 1.0],
                [0.419627, 0.794289, 0.439339, 0.605448, 0.72103, -0.585704, 0.370226, 0.37853, 0.551389, 0.16142, -0.818483, -0.264695, 0.0, 0.0, 0.0, 1.0],
                [0.441433, 0.806953, 0.392382, 0.605448, 0.701893, -0.582966, 0.409263, 0.378529, 0.559002, 0.094748, -0.823735, -0.264695, 0.0, 0.0, 0.0, 1.0],
                [0.477499, 0.810577, 0.339058, 0.605448, 0.664642, -0.58562, 0.464005, 0.37853, 0.574671, 0.00379, -0.818375, -0.264695, 0.0, 0.0, 0.0, 1.0],
                [0.530777, 0.798219, 0.284821, 0.605448, 0.606641, -0.592508, 0.53002, 0.37853, 0.591831, -0.108538, -0.798721, -0.264695, 0.0, 0.0, 0.0, 1.0],
                [0.599624, 0.762733, 0.242262, 0.605448, 0.524973, -0.603375, 0.600285, 0.37853, 0.604032, -0.232765, -0.762211, -0.264695, 0.0, 0.0, 0.0, 1.0],
                [0.676273, 0.702203, 0.222636, 0.605448, 0.418168, -0.614754, 0.668739, 0.37853, 0.606457, -0.359151, -0.70938, -0.264694, 0.0, 0.0, 0.0, 1.0],
                [0.74838, 0.621352, 0.232055, 0.605448, 0.292983, -0.623568, 0.724793, 0.37853, 0.595053, -0.474433, -0.648711, -0.264694, 0.0, 0.0, 0.0, 1.0],
                [0.801278, 0.531572, 0.274562, 0.605448, 0.159782, -0.632371, 0.758008, 0.37853, 0.576561, -0.563506, -0.59164, -0.264695, 0.0, 0.0, 0.0, 1.0],
                [0.821992, 0.453983, 0.343845, 0.605448, 0.036397, -0.64441, 0.763813, 0.37853, 0.568335, -0.615334, -0.546223, -0.264694, 0.0, 0.0, 0.0, 1.0],
                [0.808098, 0.40068, 0.431779, 0.605448, -0.064844, -0.668047, 0.741289, 0.37853, 0.585468, -0.627033, -0.513865, -0.264695, 0.0, 0.0, 0.0, 1.0],
                [0.765847, 0.372967, 0.523808, 0.605448, -0.130486, -0.707511, 0.694551, 0.37853, 0.629644, -0.600269, -0.493178, -0.264694, 0.0, 0.0, 0.0, 1.0],
                [0.702096, 0.36466, 0.611625, 0.605448, -0.154366, -0.760556, 0.630655, 0.37853, 0.69515, -0.537194, -0.477692, -0.264694, 0.0, 0.0, 0.0, 1.0],
                [0.612654, 0.350073, 0.708593, 0.605448, -0.144024, -0.832092, 0.535612, 0.37853, 0.777117, -0.430199, -0.459366, -0.264695, 0.0, 0.0, 0.0, 1.0],
                [0.510394, 0.287574, 0.810431, 0.605448, -0.100073, -0.916162, 0.388115, 0.37853, 0.854097, -0.279194, -0.438825, -0.264694, 0.0, 0.0, 0.0, 1.0],
                [0.465139, 0.084865, 0.881161, 0.605448, 0.033443, -0.996368, 0.078308, 0.378529, 0.884606, -0.006956, -0.466288, -0.264694, 0.0, 0.0, 0.0, 1.0],
                [0.571058, -0.13027, 0.810508, 0.605448, 0.150185, -0.954085, -0.259162, 0.37853, 0.807054, 0.269723, -0.525274, -0.264695, 0.0, 0.0, 0.0, 1.0],
                [0.679951, -0.24476, 0.691201, 0.605448, 0.190382, -0.851388, -0.488767, 0.37853, 0.70811, 0.46393, -0.532305, -0.264695, 0.0, 0.0, 0.0, 1.0],
                [0.816152, 0.011919, 0.577714, 0.605448, 0.215254, -0.934099, -0.284825, 0.37853, 0.536247, 0.356816, -0.764932, -0.264693, 0.0, 0.0, 0.0, 1.0],
                [0.862936, 0.390783, 0.32036, 0.605448, 0.3221, -0.913876, 0.247146, 0.37853, 0.38935, -0.110083, -0.914488, -0.264695, 0.0, 0.0, 0.0, 1.0],
                [0.860149, 0.506777, -0.057632, 0.605449, 0.375741, -0.55319, 0.743504, 0.37853, 0.344909, -0.661179, -0.666243, -0.264695, 0.0, 0.0, 0.0, 1.0],
                [0.912452, 0.37912, -0.153948, 0.605448, 0.23767, -0.184786, 0.953608, 0.37853, 0.333084, -0.90671, -0.258714, -0.264695, 0.0, 0.0, 0.0, 1.0],
                [0.945534, 0.322975, -0.040648, 0.605448, 0.118049, -0.223838, 0.96745, 0.37853, 0.303363, -0.919556, -0.249774, -0.264695, 0.0, 0.0, 0.0, 1.0],
                [0.961999, 0.272724, 0.013452, 0.605448, 0.061172, -0.263263, 0.962783, 0.37853, 0.266115, -0.925372, -0.269941, -0.264695, 0.0, 0.0, 0.0, 1.0],
                [0.970203, 0.242191, -0.007218, 0.605449, 0.058989, -0.207203, 0.976518, 0.37853, 0.235008, -0.947844, -0.215315, -0.264695, 0.0, 0.0, 0.0, 1.0],
                [0.976964, 0.211693, -0.02699, 0.605448, 0.063507, -0.167655, 0.983798, 0.37853, 0.203738, -0.962849, -0.177237, -0.264694, 0.0, 0.0, 0.0, 1.0],
                [0.980589, 0.188162, -0.055134, 0.605448, 0.082239, -0.139429, 0.986811, 0.37853, 0.177993, -0.97219, -0.152197, -0.264695, 0.0, 0.0, 0.0, 1.0],
                [0.981225, 0.174267, -0.082632, 0.605449, 0.106072, -0.129792, 0.985851, 0.37853, 0.161076, -0.976107, -0.14584, -0.264694, 0.0, 0.0, 0.0, 1.0],
                [0.979705, 0.148896, -0.134194, 0.605449, 0.153666, -0.128044, 0.979791, 0.37853, 0.128704, -0.980528, -0.148326, -0.264694, 0.0, 0.0, 0.0, 1.0],
                [0.97332, 0.127696, -0.190635, 0.605448, 0.207714, -0.137386, 0.968494, 0.378531, 0.097482, -0.982252, -0.160245, -0.264695, 0.0, 0.0, 0.0, 1.0],
                [0.965818, 0.121791, -0.22883, 0.605449, 0.245835, -0.150317, 0.957585, 0.37853, 0.082228, -0.981106, -0.175119, -0.264696, 0.0, 0.0, 0.0, 1.0],
                [0.953846, 0.130807, -0.270311, 0.605448, 0.289751, -0.164439, 0.94287, 0.37853, 0.078884, -0.977675, -0.194751, -0.264695, 0.0, 0.0, 0.0, 1.0],
