{
    "animation": [
        {
            "name": "Root",
            "time": [0.0, 0.2667, 0.3, 0.3333, 0.3667, 0.4, 0.4333, 0.4667, 0.5, 0.5333, 0.5667, 0.6, 0.6333, 0.6667, 0.7, 0.7333, 0.7667, 0.8, 0.8333, 0.8667, 0.9, 0.9333, 0.9667, 1.0, 1.0333, 1.0667, 1.1, 1.1333, 1.1667, 1.2, 1.2333, 1.2667, 1.3, 1.3333, 1.3667, 1.4, 1.4333, 1.4667, 1.5, 1.5333, 1.5667, 1.6, 1.6333, 1.6667, 1.7, 1.7333, 1.7667, 1.8, 1.8333, 1.8667, 1.9, 1.9333, 1.9667, 2.0, 2.0333, 2.0667, 2.1, 2.1333, 2.1667, 2.2, 2.2333, 2.2667, 2.3, 2.3333, 2.3667, 2.4, 2.4333, 2.4667, 2.5, 2.5333, 2.5667, 2.6, 2.6333, 2.6667, 2.7, 2.7333, 2.7667, 2.8, 2.8333, 2.8667, 3.3333],
            "transform": [
                [0.361285, 0.001104, -0.932456, 0.355618, -0.932304, 0.018407, -0.361206, -0.167146, 0.016765, 0.99983, 0.00768, -0.023442, 0.0, 0.0, 0.0, 1.0],
                [-0.545125, 0.001718, -0.838354, 0.35819, -0.838206, 0.017727, 0.545067, 0.110494, 0.015798, 0.999842, -0.008224, 0.044843, 0.0, 0.0, 0.0, 1.0],
                [-0.568517, 0.001731, -0.822671, 0.384927, -0.822525, 0.017703, 0.568454, 0.316764, 0.015547, 0.999842, -0.008641, 0.082314, 0.0, 0.0, 0.0, 1.0],
                [-0.554763, 0.001723, -0.832008, 0.416023, -0.83186, 0.017717, 0.554703, 0.542744, 0.015697, 0.999842, -0.008396, 0.206717, 0.0, 0.0, 0.0, 1.0],
                [-0.507878, 0.001697, -0.861428, 0.447854, -0.861277, 0.017764, 0.507826, 0.781818, 0.016164, 0.999841, -0.007561, 0.446299, 0.0, 0.0, 0.0, 1.0],
                [-0.426098, 0.00165, -0.904677, 0.476662, -0.904521, 0.017842, 0.426058, 1.026144, 0.016844, 0.99984, -0.00611, 0.759492, 0.0, 0.0, 0.0, 1.0],
                [-0.305781, 0.001579, -0.952102, 0.498629, -0.95194, 0.017946, 0.30576, 1.26731, 0.01757, 0.999838, -0.003985, 1.072737, 0.0, 0.0, 0.0, 1.0],
                [-0.14333, 0.001478, -0.989675, 0.509955, -0.98951, 0.018074, 0.143333, 1.496924, 0.018099, 0.999836, -0.001129, 1.315469, 0.0, 0.0, 0.0, 1.0],
                [0.12961, 0.001289, -0.991565, 0.503721, -0.991404, 0.018264, -0.129565, 1.717634, 0.017943, 0.999833, 0.003645, 1.475506, 0.0, 0.0, 0.0, 1.0],
                [0.535433, 0.000942, -0.844578, 0.480824, -0.844443, 0.018507, -0.535327, 1.93694, 0.015127, 0.999829, 0.010705, 1.597412, 0.0, 0.0, 0.0, 1.0],
                [0.917965, 0.000396, -0.396663, 0.449166, -0.3966, 0.018709, -0.917802, 2.153584, 0.007058, 0.999825, 0.017331, 1.693208, 0.0, 0.0, 0.0, 1.0],
                [0.928179, -0.00037, 0.372133, 0.416689, 0.372074, 0.018714, -0.928015, 2.366121, -0.00662, 0.999825, 0.017507, 1.774067, 0.0, 0.0, 0.0, 1.0],
                [0.410038, -0.001061, 0.912069, 0.39208, 0.911922, 0.018436, -0.409951, 2.573306, -0.016379, 0.99983, 0.008527, 1.855015, 0.0, 0.0, 0.0, 1.0],
                [-0.15429, -0.001485, 0.988026, 0.375942, 0.98786, 0.018066, 0.154292, 2.772617, -0.018078, 0.999836, -0.001321, 1.938233, 0.0, 0.0, 0.0, 1.0],
                [-0.551757, -0.001721, 0.834004, 0.362513, 0.833857, 0.01772, 0.551698, 2.964958, -0.015728, 0.999842, -0.008342, 2.018926, 0.0, 0.0, 0.0, 1.0],
                [-0.80294, -0.001855, 0.596057, 0.351051, 0.595941, 0.017409, 0.802841, 3.154558, -0.011866, 0.999847, -0.012872, 2.09264, 0.0, 0.0, 0.0, 1.0],
                [-0.956567, -0.001933, 0.291506, 0.340893, 0.291432, 0.017083, 0.956441, 3.345493, -0.006828, 0.999852, -0.015778, 2.155201, 0.0, 0.0, 0.0, 1.0],
                [-0.994018, -0.001951, -0.109201, 0.331495, -0.109218, 0.016688, 0.993879, 3.541814, -0.000117, 0.999859, -0.016802, 2.202334, 0.0, 0.0, 0.0, 1.0],
                [-0.835091, -0.001872, -0.550109, 0.322412, -0.550063, 0.016234, 0.834966, 3.747756, 0.007368, 0.999867, -0.014587, 2.229725, 0.0, 0.0, 0.0, 1.0],
                [-0.507261, -0.001696, -0.861792, 0.314907, -0.861698, 0.015826, 0.507176, 3.996272, 0.012778, 0.999873, -0.009489, 2.204892, 0.0, 0.0, 0.0, 1.0],
                [-0.151552, -0.001483, -0.98845, 0.309886, -0.988334, 0.015523, 0.151511, 4.267667, 0.015119, 0.999879, -0.003818, 2.118286, 0.0, 0.0, 0.0, 1.0],
                [0.138531, -0.001283, -0.990358, 0.306376, -0.990239, 0.015321, -0.138535, 4.487302, 0.015351, 0.999882, 0.000852, 1.999719, 0.0, 0.0, 0.0, 1.0],
                [0.365215, -0.001101, -0.930924, 0.303861, -0.93081, 0.015181, -0.365189, 4.641582, 0.014534, 0.999884, 0.00452, 1.875156, 0.0, 0.0, 0.0, 1.0],
                [0.545126, -0.000932, -0.838354, 0.302102, -0.83825, 0.015078, -0.545078, 4.773218, 0.013149, 0.999886, 0.007438, 1.747493, 0.0, 0.0, 0.0, 1.0],
                [0.69442, -0.000764, -0.719571, 0.300691, -0.719481, 0.014997, -0.694351, 4.891913, 0.011322, 0.999887, 0.009865, 1.611805, 0.0, 0.0, 0.0, 1.0],
                [0.817939, -0.00059, -0.575305, 0.299196, -0.575233, 0.014933, -0.817855, 5.007399, 0.009073, 0.999889, 0.011875, 1.463303, 0.0, 0.0, 0.0, 1.0],
                [0.913656, -0.000406, -0.406489, 0.297168, -0.406437, 0.014884, -0.913558, 5.129422, 0.006421, 0.999889, 0.013434, 1.297023, 0.0, 0.0, 0.0, 1.0],
                [0.976107, -0.000214, -0.217287, 0.29415, -0.21726, 0.014853, -0.976003, 5.267729, 0.003436, 0.99989, 0.014452, 1.108175, 0.0, 0.0, 0.0, 1.0],
                [0.996213, -8.5e-05, -0.086932, 0.287894, -0.08692, 0.014843, -0.996107, 5.437165, 0.001375, 0.99989, 0.01478, 0.847471, 0.0, 0.0, 0.0, 1.0],
                [0.998045, -6.1e-05, -0.062496, 0.279056, -0.062488, 0.014842, -0.997937, 5.629488, 0.000989, 0.99989, 0.01481, 0.520892, 0.0, 0.0, 0.0, 1.0],
                [0.997202, -7.3e-05, -0.074754, 0.271541, -0.074744, 0.014843, -0.997094, 5.819853, 0.001183, 0.99989, 0.014796, 0.20638, 0.0, 0.0, 0.0, 1.0],
                [0.998385, -5.6e-05, -0.056812, 0.269178, -0.056804, 0.014842, -0.998276, 5.983429, 0.000899, 0.99989, 0.014815, -0.017985, 0.0, 0.0, 0.0, 1.0],
                [0.999631, 2.7e-05, 0.027167, 0.274497, 0.027164, 0.014842, -0.999523, 6.103231, -0.00043, 0.99989, 0.014835, -0.08914, 0.0, 0.0, 0.0, 1.0],
                [0.987676, 0.000153, 0.156507, 0.286739, 0.156487, 0.014847, -0.98757, 6.190122, -0.002475, 0.99989, 0.01464, -0.046394, 0.0, 0.0, 0.0, 1.0],
                [0.956319, 0.000289, 0.292328, 0.304731, 0.292292, 0.014863, -0.956214, 6.261043, -0.004621, 0.99989, 0.014129, 0.03453, 0.0, 0.0, 0.0, 1.0],
                [0.886716, 0.000465, 0.462316, 0.335327, 0.462259, 0.014897, -0.886621, 6.309621, -0.0073, 0.999889, 0.012995, 0.204275, 0.0, 0.0, 0.0, 1.0],
                [0.755461, 0.000683, 0.655194, 0.371681, 0.655113, 0.014965, -0.755384, 6.326395, -0.010321, 0.999888, 0.010858, 0.355702, 0.0, 0.0, 0.0, 1.0],
                [0.933074, 0.000357, 0.359685, 0.405052, 0.35964, 0.014874, -0.932974, 6.320668, -0.005684, 0.999889, 0.01375, 0.343556, 0.0, 0.0, 0.0, 1.0],
                [0.981904, 0.000186, 0.189382, 0.437887, 0.189358, 0.01485, -0.981797, 6.302671, -0.002995, 0.99989, 0.014546, 0.276942, 0.0, 0.0, 0.0, 1.0],
                [0.989983, 0.000138, 0.141184, 0.46311, 0.141166, 0.014846, -0.989877, 6.285399, -0.002233, 0.99989, 0.014678, 0.224819, 0.0, 0.0, 0.0, 1.0],
                [0.991958, 0.000124, 0.126568, 0.48078, 0.126552, 0.014845, -0.991851, 6.272872, -0.002002, 0.99989, 0.01471, 0.208246, 0.0, 0.0, 0.0, 1.0],
                [0.992856, 0.000117, 0.119316, 0.495424, 0.119301, 0.014845, -0.992749, 6.260744, -0.001887, 0.99989, 0.014725, 0.199739, 0.0, 0.0, 0.0, 1.0],
                [0.992966, 0.000116, 0.118398, 0.507409, 0.118384, 0.014845, -0.992858, 6.248793, -0.001872, 0.99989, 0.014727, 0.194827, 0.0, 0.0, 0.0, 1.0],
                [0.992466, 0.00012, 0.122518, 0.516739, 0.122502, 0.014845, -0.992359, 6.237104, -0.001938, 0.99989, 0.014719, 0.189911, 0.0, 0.0, 0.0, 1.0],
                [0.991949, 0.000124, 0.126635, 0.523502, 0.126619, 0.014845, -0.991842, 6.225675, -0.002003, 0.99989, 0.01471, 0.180191, 0.0, 0.0, 0.0, 1.0],
                [0.992634, 0.000118, 0.121149, 0.528849, 0.121133, 0.014845, -0.992527, 6.211835, -0.001916, 0.99989, 0.014721, 0.164355, 0.0, 0.0, 0.0, 1.0],
                [0.993752, 0.000109, 0.111618, 0.533534, 0.111604, 0.014844, -0.993643, 6.194642, -0.001765, 0.99989, 0.014739, 0.144135, 0.0, 0.0, 0.0, 1.0],
                [0.994777, 0.0001, 0.102076, 0.53705, 0.102063, 0.014844, -0.994669, 6.176733, -0.001614, 0.99989, 0.014756, 0.123927, 0.0, 0.0, 0.0, 1.0],
                [0.995711, 9e-05, 0.092525, 0.538884, 0.092514, 0.014844, -0.995602, 6.160689, -0.001463, 0.99989, 0.014772, 0.103689, 0.0, 0.0, 0.0, 1.0],
                [0.995882, 8.8e-05, 0.090662, 0.538529, 0.090651, 0.014843, -0.995773, 6.149113, -0.001434, 0.99989, 0.014774, 0.08545, 0.0, 0.0, 0.0, 1.0],
                [0.995447, 9.3e-05, 0.095315, 0.535471, 0.095303, 0.014844, -0.995339, 6.144618, -0.001507, 0.99989, 0.014767, 0.071439, 0.0, 0.0, 0.0, 1.0],
                [0.993815, 0.000109, 0.111044, 0.529202, 0.11103, 0.014844, -0.993708, 6.149806, -0.001756, 0.99989, 0.01474, 0.063527, 0.0, 0.0, 0.0, 1.0],
                [0.990367, 0.000136, 0.138465, 0.520092, 0.138448, 0.014846, -0.99026, 6.162672, -0.00219, 0.99989, 0.014684, 0.061224, 0.0, 0.0, 0.0, 1.0],
                [0.984208, 0.000174, 0.17702, 0.509078, 0.176998, 0.014849, -0.9841, 6.1792, -0.002799, 0.99989, 0.014584, 0.063033, 0.0, 0.0, 0.0, 1.0],
                [0.975501, 0.000216, 0.219991, 0.496485, 0.219963, 0.014852, -0.975396, 6.198984, -0.003478, 0.99989, 0.014441, 0.069831, 0.0, 0.0, 0.0, 1.0],
                [0.964916, 0.000259, 0.26256, 0.482645, 0.262527, 0.014858, -0.964811, 6.221627, -0.004151, 0.999889, 0.014268, 0.082388, 0.0, 0.0, 0.0, 1.0],
                [0.952479, 0.000301, 0.304603, 0.467892, 0.304565, 0.014865, -0.952376, 6.246721, -0.004814, 0.999889, 0.014067, 0.101409, 0.0, 0.0, 0.0, 1.0],
                [0.940715, 0.000336, 0.339197, 0.452554, 0.339154, 0.01487, -0.940615, 6.273863, -0.00536, 0.999889, 0.013875, 0.127629, 0.0, 0.0, 0.0, 1.0],
                [0.928938, 0.000368, 0.370237, 0.43697, 0.370191, 0.014876, -0.928838, 6.302763, -0.00585, 0.999889, 0.013682, 0.169192, 0.0, 0.0, 0.0, 1.0],
                [0.916132, 0.0004, 0.400878, 0.421479, 0.400827, 0.014882, -0.916034, 6.333015, -0.006332, 0.999889, 0.013474, 0.226871, 0.0, 0.0, 0.0, 1.0],
                [0.90232, 0.000432, 0.431068, 0.406408, 0.431014, 0.01489, -0.902223, 6.364058, -0.006808, 0.999889, 0.013249, 0.290553, 0.0, 0.0, 0.0, 1.0],
                [0.889436, 0.000459, 0.457061, 0.392083, 0.457004, 0.014896, -0.889341, 6.395324, -0.007217, 0.999889, 0.013039, 0.350197, 0.0, 0.0, 0.0, 1.0],
                [0.8758, 0.000487, 0.482674, 0.378834, 0.482614, 0.014903, -0.875707, 6.42625, -0.00762, 0.999889, 0.012817, 0.395761, 0.0, 0.0, 0.0, 1.0],
                [0.86143, 0.000514, 0.507876, 0.365707, 0.507813, 0.01491, -0.86134, 6.460917, -0.008016, 0.999889, 0.012583, 0.429732, 0.0, 0.0, 0.0, 1.0],
                [0.844487, 0.000545, 0.535577, 0.351866, 0.535511, 0.014918, -0.844398, 6.502112, -0.00845, 0.999889, 0.012307, 0.463594, 0.0, 0.0, 0.0, 1.0],
                [0.824224, 0.000579, 0.566265, 0.337816, 0.566195, 0.014929, -0.824137, 6.547265, -0.008931, 0.999888, 0.011976, 0.495007, 0.0, 0.0, 0.0, 1.0],
                [0.802838, 0.000614, 0.596198, 0.324054, 0.596124, 0.01494, -0.802755, 6.593846, -0.0094, 0.999888, 0.011628, 0.524135, 0.0, 0.0, 0.0, 1.0],
                [0.780374, 0.000648, 0.625314, 0.311083, 0.625236, 0.014952, -0.780293, 6.639304, -0.009855, 0.999888, 0.011263, 0.550431, 0.0, 0.0, 0.0, 1.0],
                [0.758312, 0.000679, 0.651892, 0.299345, 0.651811, 0.014963, -0.758235, 6.681317, -0.01027, 0.999888, 0.010904, 0.573638, 0.0, 0.0, 0.0, 1.0],
                [0.739362, 0.000705, 0.673309, 0.289521, 0.673225, 0.014973, -0.739287, 6.716672, -0.010603, 0.999888, 0.010595, 0.592849, 0.0, 0.0, 0.0, 1.0],
                [0.726027, 0.000723, 0.687667, 0.281926, 0.687582, 0.01498, -0.725953, 6.743492, -0.010826, 0.999888, 0.010379, 0.60798, 0.0, 0.0, 0.0, 1.0],
                [0.720318, 0.000731, 0.693645, 0.277122, 0.693559, 0.014983, -0.720245, 6.759007, -0.010919, 0.999888, 0.010286, 0.618466, 0.0, 0.0, 0.0, 1.0],
                [0.721359, 0.000729, 0.692562, 0.274039, 0.692476, 0.014982, -0.721286, 6.767429, -0.010902, 0.999888, 0.010303, 0.625768, 0.0, 0.0, 0.0, 1.0],
                [0.722399, 0.000728, 0.691477, 0.271278, 0.691391, 0.014982, -0.722326, 6.774728, -0.010885, 0.999888, 0.01032, 0.633088, 0.0, 0.0, 0.0, 1.0],
                [0.723436, 0.000727, 0.690392, 0.268818, 0.690306, 0.014981, -0.723364, 6.78095, -0.010869, 0.999888, 0.010337, 0.639157, 0.0, 0.0, 0.0, 1.0],
                [0.727062, 0.000722, 0.686572, 0.26664, 0.686487, 0.01498, -0.726989, 6.78617, -0.010809, 0.999888, 0.010396, 0.645243, 0.0, 0.0, 0.0, 1.0],
                [0.730668, 0.000717, 0.682734, 0.264729, 0.682649, 0.014978, -0.730594, 6.79043, -0.01075, 0.999888, 0.010454, 0.649719, 0.0, 0.0, 0.0, 1.0],
                [0.736576, 0.000709, 0.676355, 0.263068, 0.676271, 0.014974, -0.736502, 6.793809, -0.01065, 0.999888, 0.01055, 0.654209, 0.0, 0.0, 0.0, 1.0],
                [0.742429, 0.000701, 0.669925, 0.261641, 0.669842, 0.014971, -0.742354, 6.796374, -0.01055, 0.999888, 0.010645, 0.658714, 0.0, 0.0, 0.0, 1.0],
                [0.748226, 0.000693, 0.663444, 0.260432, 0.663362, 0.014969, -0.74815, 6.798183, -0.01045, 0.999888, 0.01074, 0.663231, 0.0, 0.0, 0.0, 1.0],
                [0.907198, 0.000421, -0.420704, 0.260432, -0.420638, 0.018703, -0.907037, 6.798183, 0.007487, 0.999825, 0.017144, 0.677598, 0.0, 0.0, 0.0, 1.0]
            ]
        },
        {
            "name": "Thigh_R",
            "time": [0.0, 0.1667, 0.2667, 0.3, 0.3333, 0.3667, 0.4, 0.4333, 0.4667, 0.5, 0.5333, 0.5667, 0.6, 0.6333, 0.6667, 0.7, 0.7333, 0.7667, 0.8, 0.8333, 1.0, 1.1667, 1.3333, 1.3667, 1.4, 1.4333, 1.4667, 1.5, 1.5333, 1.5667, 1.6, 1.6333, 1.6667, 1.7, 1.7333, 1.7667, 1.8, 1.8333, 1.8667, 1.9, 1.9333, 1.9667, 2.0, 2.0333, 2.0667, 2.1, 2.1333, 2.1667, 2.2, 2.2333, 2.2667, 2.3, 2.3333, 2.3667, 2.4, 2.4333, 2.4667, 2.5, 2.5333, 2.5667, 2.6, 2.6333, 2.6667, 2.7, 2.7333, 2.7667, 2.8, 2.8333, 2.8667, 3.3333],
            "transform": [
                [0.38983, 0.818629, -0.421756, 0.150429, 0.917087, -0.386673, 0.09713, -0.013298, -0.083569, -0.424651, -0.901492, 0.000761, 0.0, 0.0, 0.0, 1.0],
                [0.321086, 0.458377, -0.828735, 0.064544, 0.895482, -0.431706, 0.108201, 0.155529, -0.308155, -0.776903, -0.549083, -0.016451, 0.0, 0.0, 0.0, 1.0],
                [0.225854, 0.171929, -0.95887, 0.089738, 0.882676, -0.452496, 0.126799, 0.166061, -0.412047, -0.875089, -0.253955, 0.02669, 0.0, 0.0, 0.0, 1.0],
                [0.414652, 0.135391, -0.899845, 0.098136, 0.833034, -0.45436, 0.315543, 0.169571, -0.366099, -0.880523, -0.301186, 0.041071, 0.0, 0.0, 0.0, 1.0],
                [0.534738, 0.142394, -0.83292, 0.106533, 0.795553, -0.416988, 0.439516, 0.173082, -0.284707, -0.897741, -0.336261, 0.055451, 0.0, 0.0, 0.0, 1.0],
                [0.556598, 0.177484, -0.811588, 0.111847, 0.809752, -0.334069, 0.48234, 0.161396, -0.185502, -0.925738, -0.32966, 0.055091, 0.0, 0.0, 0.0, 1.0],
                [0.559757, 0.213137, -0.800762, 0.117161, 0.82411, -0.243699, 0.511271, 0.14971, -0.086166, -0.946191, -0.31206, 0.054731, 0.0, 0.0, 0.0, 1.0],
                [0.540616, 0.248555, -0.803701, 0.122474, 0.841213, -0.161785, 0.515872, 0.138024, -0.001804, -0.95506, -0.296552, 0.054371, 0.0, 0.0, 0.0, 1.0],
                [0.499359, 0.278971, -0.820245, 0.127788, 0.865057, -0.109003, 0.48962, 0.126338, 0.047176, -0.954143, -0.295757, 0.054011, 0.0, 0.0, 0.0, 1.0],
                [0.453759, 0.307563, -0.83636, 0.133102, 0.889433, -0.099398, 0.446048, 0.114652, 0.05405, -0.946371, -0.318659, 0.053651, 0.0, 0.0, 0.0, 1.0],
                [0.439742, 0.368799, -0.818908, 0.11643, 0.897761, -0.156508, 0.411653, 0.110977, 0.023649, -0.91629, -0.399917, 0.071864, 0.0, 0.0, 0.0, 1.0],
                [0.498741, 0.511666, -0.699612, 0.099757, 0.866638, -0.284799, 0.409595, 0.107302, 0.010326, -0.810667, -0.585469, 0.090077, 0.0, 0.0, 0.0, 1.0],
                [0.620086, 0.704985, -0.344242, 0.083084, 0.769959, -0.462907, 0.439144, 0.103627, 0.150223, -0.537409, -0.82985, 0.10829, 0.0, 0.0, 0.0, 1.0],
                [0.658957, 0.73833, 0.143727, 0.066412, 0.614087, -0.638492, 0.463928, 0.099952, 0.43426, -0.217468, -0.874136, 0.126503, 0.0, 0.0, 0.0, 1.0],
                [0.64419, 0.574041, 0.505461, 0.049739, 0.394155, -0.815557, 0.423742, 0.096277, 0.655416, -0.073747, -0.751633, 0.144716, 0.0, 0.0, 0.0, 1.0],
                [0.668363, 0.319275, 0.671806, 0.051559, 0.115826, -0.936901, 0.329976, 0.058708, 0.734699, -0.142744, -0.66317, 0.128854, 0.0, 0.0, 0.0, 1.0],
                [0.740985, 0.079183, 0.6668, 0.053379, -0.150409, -0.94826, 0.279755, 0.021139, 0.65439, -0.307614, -0.690737, 0.112993, 0.0, 0.0, 0.0, 1.0],
                [0.826617, -0.050342, 0.560453, 0.055198, -0.29355, -0.888333, 0.353215, -0.016432, 0.480043, -0.456537, -0.749088, 0.097131, 0.0, 0.0, 0.0, 1.0],
                [0.903496, -0.001786, 0.428505, 0.057018, -0.237874, -0.833875, 0.498126, -0.054001, 0.356397, -0.552036, -0.753827, 0.08127, 0.0, 0.0, 0.0, 1.0],
                [0.918217, 0.230516, 0.321976, 0.058837, -0.017651, -0.788509, 0.614818, -0.091571, 0.395569, -0.570272, -0.719953, 0.065409, 0.0, 0.0, 0.0, 1.0],
                [0.47497, 0.867197, 0.149747, -0.012652, 0.149817, -0.247386, 0.957267, -0.06418, 0.867103, -0.432279, -0.247422, 0.076735, 0.0, 0.0, 0.0, 1.0],
                [-0.133468, 0.91549, -0.379659, -0.038075, -0.130329, 0.363562, 0.922415, -0.018119, 0.9824, 0.172609, 0.07079, 0.066175, 0.0, 0.0, 0.0, 1.0],
                [0.778243, 0.397094, -0.486432, 0.128878, 0.484738, 0.112446, 0.867391, -0.085146, 0.399095, -0.910915, -0.104977, -0.017274, 0.0, 0.0, 0.0, 1.0],
                [0.766635, 0.449592, -0.45837, 0.128253, 0.543423, -0.07425, 0.836153, -0.083706, 0.34186, -0.890197, -0.301241, -0.015275, 0.0, 0.0, 0.0, 1.0],
                [0.817906, 0.502844, -0.279535, 0.127627, 0.494835, -0.36715, 0.787611, -0.082267, 0.293387, -0.782587, -0.549119, -0.013274, 0.0, 0.0, 0.0, 1.0],
                [0.817468, 0.575543, -0.021659, 0.127002, 0.412441, -0.558836, 0.719452, -0.080828, 0.401934, -0.597115, -0.694207, -0.011275, 0.0, 0.0, 0.0, 1.0],
                [0.913359, 0.355022, -0.199178, 0.126378, 0.371123, -0.525334, 0.765706, -0.079389, 0.167192, -0.773355, -0.611575, -0.009274, 0.0, 0.0, 0.0, 1.0],
                [0.935715, 0.26989, -0.226992, 0.125752, 0.324539, -0.407339, 0.853673, -0.07795, 0.137922, -0.872541, -0.468743, -0.007273, 0.0, 0.0, 0.0, 1.0],
                [0.938897, 0.277589, -0.203336, 0.125127, 0.287438, -0.307994, 0.90693, -0.07651, 0.18911, -0.910042, -0.368964, -0.005274, 0.0, 0.0, 0.0, 1.0],
                [0.945652, 0.258347, -0.19729, 0.124501, 0.266547, -0.268993, 0.925526, -0.075071, 0.18602, -0.927898, -0.323235, -0.003274, 0.0, 0.0, 0.0, 1.0],
                [0.954377, 0.224453, -0.196747, 0.123876, 0.250486, -0.24395, 0.936882, -0.073632, 0.162275, -0.943504, -0.289043, -0.001273, 0.0, 0.0, 0.0, 1.0],
                [0.958517, 0.199162, -0.203713, 0.123251, 0.246938, -0.224332, 0.942707, -0.072193, 0.142039, -0.953993, -0.264208, 0.000726, 0.0, 0.0, 0.0, 1.0],
                [0.960561, 0.183605, -0.208644, 0.122625, 0.244858, -0.204041, 0.947846, -0.070754, 0.131445, -0.961639, -0.240952, 0.002727, 0.0, 0.0, 0.0, 1.0],
                [0.961467, 0.181119, -0.206633, 0.123323, 0.238733, -0.178429, 0.954552, -0.07171, 0.136005, -0.967188, -0.214793, 0.003724, 0.0, 0.0, 0.0, 1.0],
                [0.962734, 0.174263, -0.206625, 0.124021, 0.232441, -0.143699, 0.961936, -0.072666, 0.137925, -0.974205, -0.178851, 0.004719, 0.0, 0.0, 0.0, 1.0],
                [0.9643, 0.161694, -0.209521, 0.124718, 0.227685, -0.103364, 0.968232, -0.073622, 0.134888, -0.98146, -0.13649, 0.005716, 0.0, 0.0, 0.0, 1.0],
                [0.965795, 0.147336, -0.213188, 0.125416, 0.223993, -0.061005, 0.972679, -0.074578, 0.130292, -0.987251, -0.091921, 0.006712, 0.0, 0.0, 0.0, 1.0],
                [0.966203, 0.137207, -0.218047, 0.126114, 0.223074, -0.022292, 0.974545, -0.075534, 0.128841, -0.990338, -0.052146, 0.007709, 0.0, 0.0, 0.0, 1.0],
                [0.965547, 0.132231, -0.223944, 0.126811, 0.224519, 0.010662, 0.97441, -0.07649, 0.131223, -0.991209, -0.019394, 0.008706, 0.0, 0.0, 0.0, 1.0],
                [0.962661, 0.13522, -0.234345, 0.127509, 0.231875, 0.033886, 0.972154, -0.077446, 0.139382, -0.990283, 0.001266, 0.009702, 0.0, 0.0, 0.0, 1.0],
                [0.957058, 0.151847, -0.246784, 0.128206, 0.243231, 0.041775, 0.969067, -0.078402, 0.157445, -0.987567, 0.003047, 0.010699, 0.0, 0.0, 0.0, 1.0],
                [0.947596, 0.180947, -0.263139, 0.128904, 0.260869, 0.036607, 0.964678, -0.079359, 0.184171, -0.982859, -0.012516, 0.011695, 0.0, 0.0, 0.0, 1.0],
                [0.934081, 0.216699, -0.283656, 0.129602, 0.28633, 0.019581, 0.957928, -0.080315, 0.213117, -0.97609, -0.043757, 0.012692, 0.0, 0.0, 0.0, 1.0],
                [0.918785, 0.252205, -0.303575, 0.131285, 0.316807, -0.012664, 0.948402, -0.063491, 0.235325, -0.967639, -0.091537, 0.01168, 0.0, 0.0, 0.0, 1.0],
                [0.902924, 0.282743, -0.323604, 0.132968, 0.353898, -0.062188, 0.933209, -0.046668, 0.243711, -0.957226, -0.156214, 0.010668, 0.0, 0.0, 0.0, 1.0],
                [0.891518, 0.303941, -0.335786, 0.134651, 0.388658, -0.132851, 0.911749, -0.029845, 0.232486, -0.943433, -0.236568, 0.009655, 0.0, 0.0, 0.0, 1.0],
                [0.886219, 0.313706, -0.340795, 0.136334, 0.417424, -0.222126, 0.88114, -0.013021, 0.2007, -0.923224, -0.327801, 0.008643, 0.0, 0.0, 0.0, 1.0],
                [0.890377, 0.314774, -0.32876, 0.138017, 0.428168, -0.334426, 0.839539, 0.003802, 0.154304, -0.888353, -0.432542, 0.007631, 0.0, 0.0, 0.0, 1.0],
                [0.899986, 0.313027, -0.303272, 0.1397, 0.422949, -0.459519, 0.781, 0.020626, 0.105104, -0.831236, -0.545955, 0.006618, 0.0, 0.0, 0.0, 1.0],
                [0.912624, 0.305912, -0.271045, 0.141383, 0.404357, -0.579633, 0.707487, 0.037449, 0.059316, -0.755341, -0.652685, 0.005606, 0.0, 0.0, 0.0, 1.0],
                [0.924627, 0.2975, -0.237673, 0.143066, 0.380003, -0.681858, 0.625059, 0.054273, 0.023893, -0.668325, -0.743515, 0.004592, 0.0, 0.0, 0.0, 1.0],
                [0.934245, 0.288577, -0.20937, 0.14475, 0.356497, -0.758732, 0.545234, 0.071096, -0.001514, -0.584077, -0.811718, 0.003581, 0.0, 0.0, 0.0, 1.0],
                [0.942347, 0.281951, -0.180027, 0.146432, 0.334121, -0.818912, 0.466692, 0.087919, -0.015841, -0.499985, -0.865904, 0.00257, 0.0, 0.0, 0.0, 1.0],
                [0.94926, 0.280474, -0.141993, 0.142579, 0.313936, -0.868838, 0.382924, 0.090017, -0.015967, -0.408111, -0.912802, 0.012401, 0.0, 0.0, 0.0, 1.0],
                [0.957963, 0.272943, -0.087912, 0.138724, 0.286712, -0.914793, 0.284649, 0.092114, -0.002728, -0.297917, -0.954593, 0.022234, 0.0, 0.0, 0.0, 1.0],
                [0.96488, 0.261487, -0.023458, 0.13487, 0.261358, -0.948519, 0.179125, 0.094211, 0.024586, -0.178982, -0.983547, 0.032065, 0.0, 0.0, 0.0, 1.0],
                [0.968687, 0.243631, 0.046967, 0.131014, 0.24039, -0.968535, 0.065114, 0.096308, 0.061347, -0.05179, -0.996772, 0.041899, 0.0, 0.0, 0.0, 1.0],
                [0.96865, 0.215935, 0.122493, 0.12716, 0.224779, -0.97237, -0.06371, 0.098405, 0.105341, 0.089256, -0.990423, 0.05173, 0.0, 0.0, 0.0, 1.0],
                [0.96183, 0.176884, 0.208589, 0.123306, 0.200717, -0.974662, -0.099185, 0.100502, 0.185741, 0.137281, -0.972961, 0.061562, 0.0, 0.0, 0.0, 1.0],
                [0.936968, 0.149776, 0.315556, 0.119451, 0.16649, -0.985732, -0.026573, 0.102599, 0.307043, 0.077443, -0.948535, 0.071395, 0.0, 0.0, 0.0, 1.0],
                [0.8938, 0.138844, 0.426346, 0.115597, 0.113227, -0.989977, 0.084973, 0.104697, 0.433829, -0.027677, -0.900561, 0.081226, 0.0, 0.0, 0.0, 1.0],
                [0.837116, 0.127173, 0.531975, 0.111743, 0.045454, -0.985457, 0.164026, 0.106794, 0.545045, -0.113138, -0.830722, 0.091058, 0.0, 0.0, 0.0, 1.0],
                [0.779159, 0.102001, 0.618425, 0.107888, -0.019573, -0.982278, 0.186661, 0.108891, 0.626443, -0.157558, -0.763354, 0.100891, 0.0, 0.0, 0.0, 1.0],
                [0.776783, 0.088492, 0.623474, 0.109186, -0.017432, -0.986726, 0.161757, 0.103501, 0.62945, -0.136532, -0.764928, 0.097998, 0.0, 0.0, 0.0, 1.0],
                [0.777462, 0.073714, 0.624549, 0.110484, -0.016033, -0.99051, 0.136858, 0.09811, 0.628649, -0.116426, -0.768901, 0.095105, 0.0, 0.0, 0.0, 1.0],
                [0.778195, 0.058924, 0.625206, 0.111782, -0.014646, -0.993664, 0.111873, 0.09272, 0.627776, -0.096225, -0.7724, 0.092213, 0.0, 0.0, 0.0, 1.0],
                [0.779691, 0.046575, 0.624384, 0.113079, -0.013082, -0.995849, 0.090614, 0.08733, 0.625952, -0.078826, -0.775844, 0.08932, 0.0, 0.0, 0.0, 1.0],
                [0.781226, 0.034264, 0.62326, 0.114378, -0.011549, -0.997578, 0.069314, 0.081939, 0.624064, -0.061353, -0.778937, 0.086427, 0.0, 0.0, 0.0, 1.0],
                [0.782661, 0.023593, 0.621954, 0.115676, -0.011094, -0.998643, 0.05184, 0.076549, 0.622273, -0.047477, -0.781336, 0.083534, 0.0, 0.0, 0.0, 1.0],
                [0.945483, 0.067158, 0.318674, 0.133847, 0.064694, -0.997738, 0.018325, 0.001085, 0.319184, 0.00329, -0.947688, 0.043037, 0.0, 0.0, 0.0, 1.0]
            ]
        },
        {
            "name": "Leg_R",
            "time": [0.0, 0.2667, 0.3, 0.3333, 0.3667, 0.4, 0.4333, 0.4667, 0.5, 0.5333, 0.5667, 0.6, 0.6333, 0.6667, 0.7, 0.7333, 0.7667, 0.8, 0.8333, 0.8667, 0.9, 0.9333, 0.9667, 1.0, 1.0333, 1.0667, 1.1, 1.1333, 1.1667, 1.2, 1.2333, 1.2667, 1.3, 1.3333, 1.3667, 1.4, 1.4333, 1.4667, 1.5, 1.5333, 1.5667, 1.6, 1.6333, 1.6667, 1.7, 1.7333, 1.7667, 1.8, 1.8333, 1.8667, 1.9, 1.9333, 1.9667, 2.0, 2.0333, 2.0667, 2.1, 2.1333, 2.1667, 2.2, 2.2333, 2.2667, 2.3, 2.3333, 2.3667, 2.4, 2.4333, 2.4667, 2.5, 2.5333, 2.5667, 2.6, 2.6333, 2.6667, 2.7, 2.7333, 2.7667, 2.8, 2.8333, 2.8667, 3.3333],
            "transform": [
                [1.000006, -0.001878, 0.000544, 0.0, 0.000542, 0.533562, 0.845759, 0.37472, -0.001879, -0.845752, 0.533564, 0.0, 0.0, 0.0, 0.0, 1.0],
                [0.999955, 0.0019, -0.000449, -0.0, -0.000451, 0.44865, 0.8937, 0.37472, 0.0019, -0.893786, 0.448605, -0.0, 0.0, 0.0, 0.0, 1.0],
                [0.999955, 0.001951, 7e-05, 0.0, 6.9e-05, -0.070997, 0.997441, 0.37472, 0.001951, -0.997556, -0.070989, 0.0, 0.0, 0.0, 0.0, 1.0],
                [0.999954, 0.001912, 0.000396, 0.0, 0.000396, -0.397451, 0.917609, 0.37472, 0.001911, -0.917702, -0.39741, 0.0, 0.0, 0.0, 0.0, 1.0],
                [0.999955, 0.001894, 0.000475, 0.0, 0.000475, -0.472333, 0.881415, 0.37472, 0.001894, -0.881499, -0.472287, 0.0, 0.0, 0.0, 0.0, 1.0],
                [0.999954, 0.001878, 0.000532, -0.0, 0.000533, -0.524898, 0.851167, 0.37472, 0.001878, -0.851244, -0.52485, -0.0, 0.0, 0.0, 0.0, 1.0],
                [0.999955, 0.001868, 0.000568, -0.0, 0.000568, -0.556676, 0.830736, 0.37472, 0.001868, -0.830808, -0.556627, 0.0, 0.0, 0.0, 0.0, 1.0],
                [0.999955, 0.001864, 0.000583, 0.0, 0.000582, -0.569592, 0.821936, 0.37472, 0.001864, -0.822006, -0.569542, 0.0, 0.0, 0.0, 0.0, 1.0],
                [0.999956, 0.001866, 0.000576, 0.0, 0.000576, -0.563803, 0.825916, 0.37472, 0.001866, -0.825986, -0.563754, 0.0, 0.0, 0.0, 0.0, 1.0],
                [0.999955, 0.001874, 0.00055, -0.0, 0.00055, -0.540262, 0.841501, 0.37472, 0.001874, -0.841575, -0.540213, 0.0, 0.0, 0.0, 0.0, 1.0],
                [0.999955, 0.001887, 0.000503, -0.0, 0.000503, -0.497575, 0.867419, 0.37472, 0.001887, -0.867499, -0.497528, 0.0, 0.0, 0.0, 0.0, 1.0],
                [0.999955, 0.001905, 0.000435, 0.0, 0.000435, -0.434044, 0.900882, 0.37472, 0.001905, -0.900971, -0.434, 0.0, 0.0, 0.0, 0.0, 1.0],
                [0.999955, 0.001921, 0.000347, -0.0, 0.000345, -0.348719, 0.937208, 0.37472, 0.001921, -0.937306, -0.348682, -0.0, 0.0, 0.0, 0.0, 1.0],
                [0.999956, 0.001944, 0.000184, 0.0, 0.000182, -0.186756, 0.982375, 0.37472, 0.001944, -0.982485, -0.186735, 0.0, 0.0, 0.0, 0.0, 1.0],
                [0.999955, 0.001952, -7.2e-05, 0.0, -7.4e-05, 0.07476, 0.997166, 0.37472, 0.001951, -0.997281, 0.074751, 0.0, 0.0, 0.0, 0.0, 1.0],
                [0.999956, 0.001916, -0.000377, -0.0, -0.000379, 0.37988, 0.92502, 0.37472, 0.001916, -0.925115, 0.37984, 0.0, 0.0, 0.0, 0.0, 1.0],
                [0.999955, 0.001834, -0.000671, 0.0, -0.000673, 0.646574, 0.762871, 0.37472, 0.001833, -0.76293, 0.646523, 0.0, 0.0, 0.0, 0.0, 1.0],
                [0.999955, 0.00173, -0.000908, 0.0, -0.000909, 0.823532, 0.567325, 0.37472, 0.001729, -0.567354, 0.823487, 0.0, 0.0, 0.0, 0.0, 1.0],
                [0.999955, 0.001649, -0.001048, 0.0, -0.001049, 0.905918, 0.423537, 0.37472, 0.001647, -0.423552, 0.905881, 0.0, 0.0, 0.0, 0.0, 1.0],
                [0.999956, 0.001901, -0.00045, -0.0, -0.000452, 0.449375, 0.893335, 0.37472, 0.0019, -0.893421, 0.449331, -0.0, 0.0, 0.0, 0.0, 1.0],
                [0.999956, 0.001905, -0.000427, 0.0, -0.000428, 0.427407, 0.904048, 0.37472, 0.001905, -0.904137, 0.427365, -0.0, 0.0, 0.0, 0.0, 1.0],
                [0.999956, 0.001927, 0.000318, 0.0, 0.000317, -0.320827, 0.947116, 0.37472, 0.001927, -0.947215, -0.320793, 0.0, 0.0, 0.0, 0.0, 1.0],
                [0.999956, 0.001874, 0.000547, 0.0, 0.000548, -0.538272, 0.842775, 0.37472, 0.001874, -0.842849, -0.538223, 0.0, 0.0, 0.0, 0.0, 1.0],
                [0.999955, 0.001894, 0.000474, 0.0, 0.000475, -0.471623, 0.881795, 0.37472, 0.001894, -0.881879, -0.471576, 0.0, 0.0, 0.0, 0.0, 1.0],
                [0.999955, 0.00193, 0.000299, 0.0, 0.000299, -0.302996, 0.952968, 0.37472, 0.00193, -0.953071, -0.302963, 0.0, 0.0, 0.0, 0.0, 1.0],
                [0.999954, 0.001952, 5.3e-05, -0.0, 5.3e-05, -0.053967, 0.998507, 0.37472, 0.001952, -0.998623, -0.053961, -0.0, 0.0, 0.0, 0.0, 1.0],
                [0.999956, 0.001937, -0.000252, -0.0, -0.000252, 0.255722, 0.966723, 0.37472, 0.001937, -0.966829, 0.255693, 0.0, 0.0, 0.0, 0.0, 1.0],
                [0.999956, 0.001858, -0.000604, -0.0, -0.000605, 0.588609, 0.808429, 0.37472, 0.001857, -0.808496, 0.588558, -0.0, 0.0, 0.0, 0.0, 1.0],
                [0.999955, 0.001857, -0.000605, 0.0, -0.000607, 0.589861, 0.807516, 0.37472, 0.001857, -0.807583, 0.589811, -0.0, 0.0, 0.0, 0.0, 1.0],
                [0.999955, 0.001925, -0.000334, 0.0, -0.000334, 0.336837, 0.941543, 0.37472, 0.001924, -0.941642, 0.336801, -0.0, 0.0, 0.0, 0.0, 1.0],
                [0.999955, 0.001943, -0.000203, 1e-06, -0.000205, 0.207766, 0.978149, 0.37472, 0.001943, -0.978258, 0.207742, 0.0, 0.0, 0.0, 0.0, 1.0],
                [0.999955, 0.001951, -9.1e-05, 0.0, -9.2e-05, 0.093463, 0.995588, 0.37472, 0.001951, -0.995702, 0.093452, -0.0, 0.0, 0.0, 0.0, 1.0],
                [0.999955, 0.001941, 0.000212, -0.0, 0.000212, -0.215575, 0.976458, 0.37472, 0.001941, -0.976566, -0.21555, -0.0, 0.0, 0.0, 0.0, 1.0],
                [0.999956, 0.001928, 0.000313, -0.0, 0.000314, -0.316795, 0.948472, 0.37472, 0.001927, -0.948572, -0.316761, -0.0, 0.0, 0.0, 0.0, 1.0],
                [0.999955, 0.001927, 0.000316, -0.0, 0.000316, -0.319216, 0.94766, 0.37472, 0.001927, -0.947761, -0.319182, 0.0, 0.0, 0.0, 0.0, 1.0],
                [0.999956, 0.001949, 0.000117, -0.0, 0.000117, -0.119324, 0.992821, 0.37472, 0.001949, -0.992934, -0.11931, 0.0, 0.0, 0.0, 0.0, 1.0],
                [0.999955, 0.001948, -0.000144, -0.0, -0.000145, 0.147522, 0.989025, 0.374721, 0.001947, -0.989138, 0.147505, 0.0, 0.0, 0.0, 0.0, 1.0],
                [0.999956, 0.00195, -0.000109, 0.0, -0.00011, 0.111974, 0.993677, 0.37472, 0.00195, -0.99379, 0.111961, -0.0, 0.0, 0.0, 0.0, 1.0],
                [0.999956, 0.001953, 1.7e-05, 0.0, 1.6e-05, -0.016539, 0.999827, 0.37472, 0.001953, -0.999942, -0.016537, 0.0, 0.0, 0.0, 0.0, 1.0],
                [0.999955, 0.00195, 0.000106, -0.0, 0.000106, -0.108287, 0.994085, 0.37472, 0.00195, -0.994199, -0.108275, -0.0, 0.0, 0.0, 0.0, 1.0],
                [0.999955, 0.001948, 0.000136, 0.0, 0.000135, -0.138621, 0.990312, 0.37472, 0.001948, -0.990425, -0.138605, -0.0, 0.0, 0.0, 0.0, 1.0],
                [0.999956, 0.001946, 0.000151, 0.0, 0.000152, -0.154725, 0.987925, 0.37472, 0.001946, -0.988037, -0.154707, -0.0, 0.0, 0.0, 0.0, 1.0],
                [0.999955, 0.001947, 0.000158, 0.0, 0.000158, -0.161439, 0.98685, 0.374721, 0.001946, -0.986962, -0.16142, 0.0, 0.0, 0.0, 0.0, 1.0],
                [0.999955, 0.001946, 0.000165, -0.0, 0.000165, -0.168146, 0.98573, 0.374721, 0.001946, -0.985842, -0.168126, -0.0, 0.0, 0.0, 0.0, 1.0],
                [0.999955, 0.001945, 0.000175, -0.0, 0.000175, -0.178806, 0.983853, 0.37472, 0.001945, -0.983963, -0.178786, -0.0, 0.0, 0.0, 0.0, 1.0],
                [0.999955, 0.001944, 0.000191, -0.0, 0.00019, -0.194129, 0.980945, 0.37472, 0.001944, -0.981056, -0.194107, 0.0, 0.0, 0.0, 0.0, 1.0],
                [0.999956, 0.001943, 0.000206, 0.0, 0.000205, -0.209409, 0.977798, 0.37472, 0.001943, -0.977907, -0.209385, 0.0, 0.0, 0.0, 0.0, 1.0],
                [0.999956, 0.001941, 0.000221, -0.0, 0.00022, -0.224641, 0.974413, 0.37472, 0.00194, -0.97452, -0.224615, 0.0, 0.0, 0.0, 0.0, 1.0],
                [0.999956, 0.001939, 0.000236, -0.0, 0.000236, -0.239817, 0.97079, 0.37472, 0.001939, -0.970896, -0.239791, -0.0, 0.0, 0.0, 0.0, 1.0],
                [0.999956, 0.001937, 0.000251, -0.0, 0.000251, -0.254933, 0.966932, 0.37472, 0.001937, -0.967037, -0.254905, 0.0, 0.0, 0.0, 0.0, 1.0],
                [0.999955, 0.001935, 0.000266, -0.0, 0.000266, -0.269983, 0.962839, 0.374721, 0.001935, -0.962944, -0.269953, -0.0, 0.0, 0.0, 0.0, 1.0],
                [0.999955, 0.001932, 0.000286, -0.0, 0.000286, -0.289461, 0.957166, 0.37472, 0.001932, -0.957269, -0.28943, 0.0, 0.0, 0.0, 0.0, 1.0],
                [0.999955, 0.001929, 0.000305, -0.0, 0.000305, -0.308824, 0.951096, 0.37472, 0.001929, -0.951198, -0.30879, 0.0, 0.0, 0.0, 0.0, 1.0],
                [0.999955, 0.001926, 0.000325, 0.0, 0.000325, -0.328055, 0.944637, 0.37472, 0.001926, -0.944737, -0.32802, -0.0, 0.0, 0.0, 0.0, 1.0],
                [0.999955, 0.001923, 0.000339, 0.0, 0.000339, -0.342396, 0.939537, 0.374721, 0.001923, -0.939634, -0.342359, -0.0, 0.0, 0.0, 0.0, 1.0],
                [0.999955, 0.001922, 0.000345, -0.0, 0.000344, -0.34714, 0.937794, 0.37472, 0.001923, -0.937892, -0.347103, -0.0, 0.0, 0.0, 0.0, 1.0],
                [0.999955, 0.001924, 0.000336, -0.0, 0.000336, -0.339223, 0.940685, 0.37472, 0.001924, -0.940786, -0.339186, 0.0, 0.0, 0.0, 0.0, 1.0],
                [0.999955, 0.001927, 0.000311, -0.0, 0.000311, -0.314371, 0.949277, 0.37472, 0.001927, -0.94938, -0.314336, 0.0, 0.0, 0.0, 0.0, 1.0],
                [0.999954, 0.001936, 0.000254, -0.0, 0.000253, -0.257407, 0.966274, 0.37472, 0.001936, -0.966384, -0.257378, 0.0, 0.0, 0.0, 0.0, 1.0],
                [0.999954, 0.001946, 0.000157, -0.0, 0.000156, -0.160106, 0.987065, 0.374721, 0.001946, -0.987181, -0.160087, 0.0, 0.0, 0.0, 0.0, 1.0],
                [0.999954, 0.001952, 3.6e-05, 0.0, 3.6e-05, -0.036784, 0.999284, 0.37472, 0.001952, -0.999406, -0.03678, -0.0, 0.0, 0.0, 0.0, 1.0],
                [0.999954, 0.001951, -9e-05, 0.0, -9.2e-05, 0.093464, 0.995584, 0.37472, 0.001951, -0.995706, 0.093452, 0.0, 0.0, 0.0, 0.0, 1.0],
                [0.999953, 0.001942, -0.000203, -0.0, -0.000204, 0.206897, 0.978329, 0.37472, 0.001942, -0.978447, 0.206872, -0.0, 0.0, 0.0, 0.0, 1.0],
                [0.999953, 0.00193, -0.000301, 0.0, -0.000302, 0.305442, 0.952185, 0.37472, 0.001929, -0.952295, 0.305406, 0.0, 0.0, 0.0, 0.0, 1.0],
                [0.999953, 0.00191, -0.000412, 0.0, -0.000414, 0.413275, 0.910591, 0.37472, 0.001909, -0.91069, 0.413229, 1e-06, 0.0, 0.0, 0.0, 1.0],
                [0.999953, 0.001878, -0.000536, -1e-06, -0.000537, 0.528261, 0.849083, 0.37472, 0.001878, -0.849166, 0.528208, -0.0, 0.0, 0.0, 0.0, 1.0],
                [0.999954, 0.001833, -0.000674, 1e-06, -0.000676, 0.648896, 0.760898, 0.37472, 0.001832, -0.760961, 0.64884, 0.0, 0.0, 0.0, 0.0, 1.0],
                [0.999954, 0.001768, -0.00083, 0.0, -0.000832, 0.769905, 0.638203, 0.37472, 0.001767, -0.638245, 0.769852, 0.0, 0.0, 0.0, 0.0, 1.0],
                [0.999953, 0.001671, -0.001011, 0.0, -0.001014, 0.886548, 0.462717, 0.37472, 0.00167, -0.462739, 0.886502, -0.0, 0.0, 0.0, 0.0, 1.0],
                [0.999952, 0.001615, -0.001099, 0.0, -0.001102, 0.930965, 0.365215, 0.37472, 0.001613, -0.365229, 0.930924, 0.0, 0.0, 0.0, 0.0, 1.0],
                [0.999953, 0.001636, -0.001068, 0.0, -0.001069, 0.915837, 0.401645, 0.37472, 0.001635, -0.401662, 0.915794, -0.0, 0.0, 0.0, 0.0, 1.0],
                [0.999953, 0.001681, -0.000995, 0.0, -0.000998, 0.877696, 0.479293, 0.37472, 0.001679, -0.479317, 0.87765, 0.0, 0.0, 0.0, 0.0, 1.0],
                [0.999953, 0.001702, -0.000958, 0.0, -0.00096, 0.855591, 0.517722, 0.37472, 0.001701, -0.517749, 0.855542, -0.0, 0.0, 0.0, 0.0, 1.0],
                [0.999953, 0.001693, -0.000974, 0.0, -0.000977, 0.865443, 0.50108, 0.37472, 0.001691, -0.501106, 0.865395, -0.0, 0.0, 0.0, 0.0, 1.0],
                [0.999953, 0.001671, -0.001012, -0.0, -0.001014, 0.88702, 0.46181, 0.37472, 0.00167, -0.461831, 0.886975, -0.0, 0.0, 0.0, 0.0, 1.0],
                [0.999953, 0.001647, -0.001049, 0.0, -0.001051, 0.906818, 0.421612, 0.37472, 0.001646, -0.42163, 0.906775, -0.0, 0.0, 0.0, 0.0, 1.0],
                [0.999953, 0.001626, -0.001083, -0.0, -0.001085, 0.923285, 0.384215, 0.37472, 0.001624, -0.384231, 0.923243, -0.0, 0.0, 0.0, 0.0, 1.0],
                [0.999953, 0.001604, -0.001116, -0.0, -0.001118, 0.93821, 0.346177, 0.37472, 0.001602, -0.34619, 0.93817, -0.0, 0.0, 0.0, 0.0, 1.0],
                [0.999952, 0.001583, -0.001145, -0.0, -0.001147, 0.950072, 0.312154, 0.37472, 0.001581, -0.312164, 0.950034, -0.0, 0.0, 0.0, 0.0, 1.0],
                [0.999953, 0.001562, -0.001173, -0.0, -0.001175, 0.960701, 0.277724, 0.37472, 0.00156, -0.277732, 0.960664, -0.0, 0.0, 0.0, 0.0, 1.0],
                [1.000002, 0.001608, -0.001109, 0.0, -0.00111, 0.934967, 0.354727, 0.37472, 0.001607, -0.354724, 0.934969, 0.0, 0.0, 0.0, 0.0, 1.0]
            ]
        },
        {
            "name": "Knee_R",
            "time": [0.0, 3.3333],
            "transform": [
                [1.0, 0.0, -0.0, 0.0, -0.0, 1e-06, -1.0, 0.37472, -0.0, 1.0, 1e-06, 0.0, 0.0, 0.0, 0.0, 1.0],
                [1.0, 0.0, -0.0, 0.0, -0.0, 1e-06, -1.0, 0.37472, -0.0, 1.0, 1e-06, 0.0, 0.0, 0.0, 0.0, 1.0]
            ]
        },
        {
            "name": "Thigh_L",
            "time": [0.0, 0.1667, 0.2667, 0.3, 0.3333, 0.3667, 0.4, 0.4333, 0.4667, 0.5, 0.5333, 0.5667, 0.6, 0.6333, 0.6667, 0.7, 0.7333, 0.7667, 0.8, 0.8333, 0.8667, 0.9, 0.9333, 0.9667, 1.0, 1.0333, 1.0667, 1.1, 1.1333, 1.1667, 1.2, 1.2333, 1.2667, 1.3, 1.3333, 1.3667, 1.4, 1.4333, 1.4667, 1.5, 1.5333, 1.5667, 1.6, 1.6333, 1.6667, 1.7, 1.7333, 1.7667, 1.8, 1.8333, 1.8667, 1.9, 1.9333, 1.9667, 2.0, 2.0333, 2.0667, 2.1, 2.1333, 2.1667, 2.2, 2.2333, 2.2667, 2.3, 2.3333, 2.3667, 2.4, 2.4333, 2.4667, 2.5, 2.5333, 2.5667, 2.6, 2.6333, 2.6667, 2.7, 2.7333, 2.7667, 2.8, 2.8333, 2.8667, 3.0, 3.3333],
            "transform": [
                [0.636685, -0.072388, -0.767694, -0.116644, 0.770379, 0.017843, 0.637292, -0.089693, -0.032431, -0.997266, 0.067126, 0.03404, 0.0, 0.0, 0.0, 1.0],
                [0.529139, -0.238649, -0.81428, -0.030162, 0.516362, -0.670934, 0.532188, -0.067909, -0.673309, -0.70209, -0.231789, 0.106482, 0.0, 0.0, 0.0, 1.0],
                [0.423964, -0.278254, -0.861876, -0.047888, 0.173286, -0.909131, 0.378752, -0.030088, -0.888945, -0.309928, -0.337222, 0.074546, 0.0, 0.0, 0.0, 1.0],
                [0.325333, -0.058691, -0.943777, -0.053796, 0.406544, -0.892439, 0.19564, -0.017482, -0.853744, -0.447335, -0.26648, 0.0639, 0.0, 0.0, 0.0, 1.0],
