{
    "animation": [
        {
            "name": "Root",
            "time": [0.0, 0.0333, 0.0667, 0.1, 0.1333, 0.1667, 0.2, 0.2333, 0.2667, 0.3, 0.3333, 0.3667, 0.4, 0.4333, 0.4667, 0.5, 0.5333, 0.5667, 0.6, 0.6333, 0.6667, 0.7, 0.7333, 0.7667, 0.8, 0.8333, 0.8667, 0.9, 0.9333, 0.9667, 1.0, 1.0333, 1.0667, 1.1, 1.1333, 1.1667, 1.2, 1.2333, 1.2667, 1.3, 1.3333, 1.3667, 1.4, 1.4333, 1.4667, 1.5, 1.5333, 1.5667, 1.6, 1.6333, 1.6667, 1.7, 1.7333, 1.7667, 1.8, 1.8333, 1.8667, 2.5333],
            "transform": [
                [-0.150469, -0.045555, -0.987565, -0.330796, -0.880029, 0.461331, 0.112804, -0.114061, 0.450455, 0.886059, -0.109506, 0.318564, 0.0, 0.0, 0.0, 1.0],
                [0.111977, -0.267439, -0.957047, -0.415942, -0.859535, 0.457232, -0.228338, -0.032405, 0.498658, 0.848184, -0.178673, 0.240609, 0.0, 0.0, 0.0, 1.0],
                [0.340954, -0.427705, -0.837151, -0.582333, -0.763056, 0.394222, -0.512188, 0.107169, 0.549088, 0.813423, -0.191952, 0.189608, 0.0, 0.0, 0.0, 1.0],
                [0.547629, -0.441177, -0.710962, -1.021317, -0.62831, 0.34431, -0.697624, 0.44547, 0.552566, 0.828742, -0.088642, 0.21991, 0.0, 0.0, 0.0, 1.0],
                [0.694138, -0.400969, -0.597827, -1.484241, -0.4997, 0.329387, -0.801128, 0.791977, 0.518143, 0.854827, 0.028276, 0.276381, 0.0, 0.0, 0.0, 1.0],
                [0.738481, -0.397873, -0.544374, -1.791487, -0.445278, 0.318494, -0.836833, 1.008597, 0.506333, 0.860384, 0.058038, 0.32183, 0.0, 0.0, 0.0, 1.0],
                [0.755751, -0.396513, -0.52117, -2.047727, -0.421106, 0.315221, -0.850475, 1.181042, 0.501507, 0.862214, 0.071255, 0.367899, 0.0, 0.0, 0.0, 1.0],
                [0.810175, -0.343369, -0.475094, -2.263289, -0.372645, 0.323941, -0.869598, 1.321807, 0.452495, 0.881567, 0.134495, 0.398631, 0.0, 0.0, 0.0, 1.0],
                [0.926445, -0.178903, -0.331203, -2.448216, -0.249682, 0.366404, -0.896331, 1.431191, 0.28171, 0.913094, 0.294785, 0.408068, 0.0, 0.0, 0.0, 1.0],
                [0.993706, 0.03021, -0.107873, -2.5925, -0.109874, 0.450575, -0.885953, 1.508861, 0.02184, 0.892227, 0.451059, 0.402833, 0.0, 0.0, 0.0, 1.0],
                [0.985162, 0.166568, 0.041369, -2.676366, -0.051902, 0.518895, -0.853261, 1.566499, -0.163592, 0.838453, 0.519841, 0.388909, 0.0, 0.0, 0.0, 1.0],
                [0.968953, 0.222529, 0.107762, -2.721249, -0.035244, 0.555705, -0.830633, 1.612396, -0.244724, 0.801045, 0.546295, 0.371744, 0.0, 0.0, 0.0, 1.0],
                [0.9465, 0.269966, 0.176797, -2.761748, -0.017262, 0.58943, -0.807636, 1.649009, -0.322244, 0.761375, 0.562555, 0.354709, 0.0, 0.0, 0.0, 1.0],
                [0.918499, 0.310321, 0.245074, -2.797812, -0.001054, 0.621694, -0.783261, 1.679228, -0.395423, 0.719165, 0.571353, 0.336087, 0.0, 0.0, 0.0, 1.0],
                [0.887313, 0.342813, 0.30847, -2.829407, 0.011862, 0.651702, -0.758384, 1.706025, -0.461013, 0.676583, 0.574198, 0.317513, 0.0, 0.0, 0.0, 1.0],
                [0.855314, 0.368722, 0.363982, -2.856492, 0.019263, 0.679401, -0.733515, 1.732301, -0.517752, 0.634397, 0.573999, 0.297678, 0.0, 0.0, 0.0, 1.0],
                [0.826564, 0.389607, 0.406201, -2.879024, 0.018942, 0.70203, -0.711897, 1.761014, -0.562524, 0.596121, 0.572894, 0.27781, 0.0, 0.0, 0.0, 1.0],
                [0.802933, 0.408683, 0.43391, -2.896967, 0.00804, 0.72046, -0.693451, 1.795069, -0.596016, 0.560283, 0.575195, 0.25674, 0.0, 0.0, 0.0, 1.0],
                [0.788465, 0.427962, 0.441782, -2.910282, -0.016019, 0.732295, -0.6808, 1.837422, -0.61487, 0.52971, 0.584246, 0.235553, 0.0, 0.0, 0.0, 1.0],
                [0.783997, 0.446627, 0.431131, -2.918933, -0.051829, 0.739185, -0.671507, 1.890996, -0.618598, 0.504113, 0.602667, 0.21421, 0.0, 0.0, 0.0, 1.0],
                [0.790986, 0.46865, 0.39333, -2.922878, -0.104392, 0.736819, -0.667983, 1.95872, -0.602863, 0.487305, 0.631737, 0.192667, 0.0, 0.0, 0.0, 1.0],
                [0.806462, 0.4925, 0.327205, -2.922075, -0.173563, 0.726177, -0.66524, 2.043526, -0.565238, 0.4797, 0.671115, 0.170886, 0.0, 0.0, 0.0, 1.0],
                [0.85807, 0.508287, 0.073225, -2.894083, -0.343819, 0.674536, -0.653292, 2.184507, -0.381452, 0.535393, 0.753558, 0.139909, 0.0, 0.0, 0.0, 1.0],
                [0.793848, 0.457773, -0.400312, -2.826048, -0.608019, 0.585708, -0.535966, 2.403226, -0.010885, 0.668872, 0.743299, 0.100913, 0.0, 0.0, 0.0, 1.0],
                [0.500994, 0.321056, -0.803698, -2.732625, -0.799844, 0.526437, -0.288295, 2.676262, 0.330537, 0.787266, 0.520537, 0.068488, 0.0, 0.0, 0.0, 1.0],
                [0.179367, 0.205881, -0.961999, -2.628287, -0.86594, 0.497107, -0.055069, 2.980604, 0.466879, 0.84291, 0.267446, 0.057229, 0.0, 0.0, 0.0, 1.0],
                [0.064681, 0.185277, -0.980557, -2.499166, -0.909805, 0.414631, 0.018332, 3.349791, 0.409965, 0.890929, 0.195385, 0.083172, 0.0, 0.0, 0.0, 1.0],
                [0.085031, 0.228189, -0.969898, -2.341865, -0.954989, 0.296309, -0.014011, 3.788523, 0.284192, 0.927432, 0.243114, 0.138078, 0.0, 0.0, 0.0, 1.0],
                [0.054285, 0.297509, -0.953176, -2.186305, -0.964689, 0.262023, 0.026843, 4.23054, 0.25774, 0.918059, 0.301228, 0.200164, 0.0, 0.0, 0.0, 1.0],
                [-0.103383, 0.428391, -0.897662, -2.037641, -0.844337, 0.439241, 0.306861, 4.682758, 0.525745, 0.789652, 0.316297, 0.278305, 0.0, 0.0, 0.0, 1.0],
                [-0.202235, 0.583614, -0.786446, -1.904566, -0.557118, 0.59188, 0.582494, 5.088385, 0.805432, 0.555942, 0.205444, 0.34926, 0.0, 0.0, 0.0, 1.0],
                [-0.224544, 0.664626, -0.712639, -1.794619, -0.308126, 0.645365, 0.698974, 5.400859, 0.924466, 0.376532, 0.059876, 0.394782, 0.0, 0.0, 0.0, 1.0],
                [-0.222905, 0.727665, -0.648704, -1.691629, -0.050603, 0.655911, 0.753141, 5.685948, 0.973526, 0.200705, -0.109385, 0.436204, 0.0, 0.0, 0.0, 1.0],
                [-0.200578, 0.769858, -0.605878, -1.595316, 0.176352, 0.636716, 0.750663, 5.950499, 0.963674, 0.043718, -0.263478, 0.462964, 0.0, 0.0, 0.0, 1.0],
                [-0.175148, 0.790927, -0.586309, -1.505396, 0.35901, 0.605817, 0.71, 6.201353, 0.916753, -0.086136, -0.390058, 0.464491, 0.0, 0.0, 0.0, 1.0],
                [-0.154993, 0.793755, -0.588159, -1.421675, 0.497918, 0.57697, 0.647444, 6.441042, 0.853261, -0.192505, -0.484652, 0.442452, 0.0, 0.0, 0.0, 1.0],
                [-0.144345, 0.784148, -0.603555, -1.342827, 0.60478, 0.552674, 0.573405, 6.669971, 0.783201, -0.28225, -0.554014, 0.407616, 0.0, 0.0, 0.0, 1.0],
                [-0.142648, 0.766179, -0.626596, -1.266856, 0.690398, 0.530653, 0.491691, 6.891791, 0.709227, -0.362462, -0.604665, 0.363131, 0.0, 0.0, 0.0, 1.0],
                [-0.144711, 0.718617, -0.680183, -1.094997, 0.851055, 0.441055, 0.284914, 7.385286, 0.504742, -0.537642, -0.675409, 0.24412, 0.0, 0.0, 0.0, 1.0],
                [-0.111646, 0.685767, -0.719208, -0.904719, 0.981052, 0.191378, 0.030185, 7.887119, 0.15834, -0.702211, -0.69414, 0.086412, 0.0, 0.0, 0.0, 1.0],
                [-0.125453, 0.46595, -0.875874, -0.610091, 0.85421, -0.398271, -0.334225, 8.474637, -0.504566, -0.790109, -0.348055, -0.210505, 0.0, 0.0, 0.0, 1.0],
                [-0.158264, -0.065782, -0.985204, -0.45039, 0.155238, -0.987028, 0.040966, 8.721524, -0.975118, -0.146458, 0.166423, -0.363758, 0.0, 0.0, 0.0, 1.0],
                [-0.164778, -0.243997, -0.955676, -0.404989, -0.349603, -0.891565, 0.287908, 8.967207, -0.922294, 0.381547, 0.061609, -0.34263, 0.0, 0.0, 0.0, 1.0],
                [-0.160757, -0.24536, -0.956012, -0.360041, -0.667592, -0.686393, 0.288422, 9.272567, -0.726965, 0.68459, -0.053458, -0.20741, 0.0, 0.0, 0.0, 1.0],
                [-0.233613, -0.185635, -0.954446, -0.332837, -0.943042, -0.195849, 0.268914, 9.450563, -0.236847, 0.962903, -0.129309, -0.104647, 0.0, 0.0, 0.0, 1.0],
                [-0.23957, -0.125699, -0.962709, -0.311007, -0.963537, 0.1525, 0.219865, 9.556199, 0.119176, 0.980278, -0.157651, -0.019094, 0.0, 0.0, 0.0, 1.0],
                [-0.216669, -0.11038, -0.969986, -0.296795, -0.955482, 0.227806, 0.187507, 9.594027, 0.200271, 0.967431, -0.154825, 0.035296, 0.0, 0.0, 0.0, 1.0],
                [-0.189389, -0.099733, -0.976825, -0.282239, -0.948399, 0.276232, 0.155675, 9.625866, 0.254304, 0.955902, -0.146903, 0.08977, 0.0, 0.0, 0.0, 1.0],
                [-0.159513, -0.093139, -0.982793, -0.267703, -0.943124, 0.308516, 0.123836, 9.653617, 0.291673, 0.946648, -0.137054, 0.144301, 0.0, 0.0, 0.0, 1.0],
                [-0.138453, -0.090448, -0.986232, -0.258192, -0.941668, 0.320456, 0.102808, 9.669761, 0.306745, 0.942936, -0.12954, 0.179523, 0.0, 0.0, 0.0, 1.0],
                [-0.107545, -0.086767, -0.990408, -0.244485, -0.941369, 0.329303, 0.073371, 9.691157, 0.319778, 0.940229, -0.117095, 0.231203, 0.0, 0.0, 0.0, 1.0],
                [-0.078106, -0.084441, -0.993363, -0.231586, -0.942778, 0.330227, 0.046058, 9.710306, 0.324147, 0.940117, -0.105402, 0.280528, 0.0, 0.0, 0.0, 1.0],
                [-0.059215, -0.083018, -0.994789, -0.223692, -0.943544, 0.33001, 0.028625, 9.721949, 0.325914, 0.94032, -0.097873, 0.310886, 0.0, 0.0, 0.0, 1.0],
                [-0.043265, -0.08064, -0.995805, -0.216445, -0.943806, 0.330193, 0.014267, 9.733041, 0.327657, 0.940463, -0.090395, 0.339159, 0.0, 0.0, 0.0, 1.0],
                [-0.027307, -0.078286, -0.996558, -0.20995, -0.943804, 0.330509, -0.000102, 9.743797, 0.329379, 0.940551, -0.082912, 0.365032, 0.0, 0.0, 0.0, 1.0],
                [-0.014473, -0.07607, -0.996999, -0.204301, -0.943082, 0.332357, -0.011668, 9.754476, 0.332247, 0.940081, -0.076551, 0.388203, 0.0, 0.0, 0.0, 1.0],
                [-0.001641, -0.073913, -0.997265, -0.199942, -0.942182, 0.334297, -0.023226, 9.763788, 0.335099, 0.939565, -0.070188, 0.407219, 0.0, 0.0, 0.0, 1.0],
                [0.907198, 0.000421, -0.420704, -0.199942, -0.420638, 0.018703, -0.907037, 9.763789, 0.007487, 0.999825, 0.017144, 0.674235, 0.0, 0.0, 0.0, 1.0]
            ]
        },
        {
            "name": "Thigh_R",
            "time": [0.0, 0.0333, 0.0667, 0.1, 0.1333, 0.1667, 0.2, 0.2333, 0.2667, 0.3, 0.3333, 0.3667, 0.4, 0.4333, 0.4667, 0.5, 0.5333, 0.5667, 0.6, 0.6333, 0.6667, 0.7, 0.7333, 0.7667, 0.8, 0.8333, 0.8667, 0.9, 0.9333, 0.9667, 1.0, 1.0333, 1.0667, 1.1, 1.1333, 1.1667, 1.2, 1.2333, 1.2667, 1.3, 1.3333, 1.3667, 1.4, 1.4333, 1.4667, 1.5, 1.5333, 1.5667, 1.6, 1.6333, 1.6667, 1.7, 1.7333, 1.7667, 1.8, 1.8333, 1.8667, 2.5333],
            "transform": [
                [0.355348, -0.667014, -0.65485, 0.08812, -0.235065, -0.741838, 0.628039, 0.090808, -0.904682, -0.069241, -0.420402, -0.123641, 0.0, 0.0, 0.0, 1.0],
                [0.366114, -0.8521, -0.374053, 0.097162, -0.290485, -0.486539, 0.823958, 0.068092, -0.884043, -0.193015, -0.425651, -0.129942, 0.0, 0.0, 0.0, 1.0],
                [0.329996, -0.934377, -0.134523, 0.106203, -0.24707, -0.223042, 0.942979, 0.045376, -0.911037, -0.277962, -0.30446, -0.136243, 0.0, 0.0, 0.0, 1.0],
                [0.185987, -0.976424, -0.109978, 0.115244, 0.214216, -0.068944, 0.974349, 0.02266, -0.958866, -0.204795, 0.196343, -0.142544, 0.0, 0.0, 0.0, 1.0],
                [0.057228, -0.993761, -0.096242, 0.124285, 0.586288, -0.044573, 0.808855, -5.6e-05, -0.808019, -0.102724, 0.580078, -0.148845, 0.0, 0.0, 0.0, 1.0],
                [0.059646, -0.996703, -0.055904, 0.133326, 0.537364, -0.015136, 0.843198, -0.022772, -0.841183, -0.080342, 0.534687, -0.155146, 0.0, 0.0, 0.0, 1.0],
                [0.104306, -0.993941, -0.036003, 0.134435, 0.345041, 0.002215, 0.938581, -0.019801, -0.932722, -0.110333, 0.343182, -0.146546, 0.0, 0.0, 0.0, 1.0],
                [0.22926, -0.969159, -0.090865, 0.135543, 0.227837, -0.037326, 0.972982, -0.016831, -0.946274, -0.243792, 0.212253, -0.137946, 0.0, 0.0, 0.0, 1.0],
                [0.491331, -0.811215, -0.317121, 0.136651, 0.352448, -0.14777, 0.924087, -0.01386, -0.796417, -0.565855, 0.213307, -0.129345, 0.0, 0.0, 0.0, 1.0],
                [0.661948, -0.44087, -0.606166, 0.13776, 0.5927, -0.1871, 0.783372, -0.010889, -0.458734, -0.877909, 0.137453, -0.120746, 0.0, 0.0, 0.0, 1.0],
                [0.631761, -0.146229, -0.761223, 0.138868, 0.744903, -0.156922, 0.648417, -0.007919, -0.21425, -0.976775, 0.009789, -0.112145, 0.0, 0.0, 0.0, 1.0],
                [0.563096, -0.00552, -0.826356, 0.123255, 0.816511, -0.150033, 0.557442, -0.007694, -0.127046, -0.988714, -0.079976, -0.117748, 0.0, 0.0, 0.0, 1.0],
                [0.475449, 0.123129, -0.871073, 0.107641, 0.877917, -0.129251, 0.460961, -0.00747, -0.055825, -0.983987, -0.169549, -0.123351, 0.0, 0.0, 0.0, 1.0],
                [0.375822, 0.236468, -0.896011, 0.092027, 0.926632, -0.100726, 0.362121, -0.007246, -0.004622, -0.966453, -0.256974, -0.128953, 0.0, 0.0, 0.0, 1.0],
                [0.27413, 0.330706, -0.903046, 0.076414, 0.96119, -0.065361, 0.267875, -0.007021, 0.029561, -0.941518, -0.335788, -0.134556, 0.0, 0.0, 0.0, 1.0],
                [0.178605, 0.407094, -0.895762, 0.0608, 0.983024, -0.036, 0.179662, -0.006797, 0.040887, -0.912728, -0.406613, -0.140159, 0.0, 0.0, 0.0, 1.0],
                [0.093449, 0.467925, -0.878826, 0.058357, 0.99511, -0.01684, 0.096858, -0.021616, 0.03052, -0.883662, -0.46721, -0.141841, 0.0, 0.0, 0.0, 1.0],
                [0.023532, 0.515772, -0.856418, 0.055912, 0.999675, -0.010546, 0.02112, -0.036435, 0.001861, -0.856716, -0.515852, -0.143524, 0.0, 0.0, 0.0, 1.0],
                [-0.026641, 0.551486, -0.833777, 0.053469, 0.998557, -0.023398, -0.047384, -0.051254, -0.045637, -0.833912, -0.550067, -0.145207, 0.0, 0.0, 0.0, 1.0],
                [-0.056601, 0.567373, -0.821532, 0.051025, 0.992768, -0.054918, -0.10633, -0.066073, -0.105436, -0.821685, -0.560161, -0.14689, 0.0, 0.0, 0.0, 1.0],
                [-0.061001, 0.565014, -0.822843, 0.048581, 0.982097, -0.113023, -0.150416, -0.080892, -0.177971, -0.817362, -0.548003, -0.148573, 0.0, 0.0, 0.0, 1.0],
                [-0.034672, 0.548469, -0.83547, 0.023574, 0.962982, -0.205153, -0.174634, -0.054373, -0.267155, -0.810672, -0.521052, -0.150349, 0.0, 0.0, 0.0, 1.0],
                [0.06197, 0.349752, -0.934798, -0.001434, 0.894771, -0.434377, -0.103184, -0.027853, -0.442103, -0.83011, -0.339866, -0.152125, 0.0, 0.0, 0.0, 1.0],
                [0.250306, -0.081895, -0.964695, -0.026442, 0.644432, -0.729528, 0.229149, -0.001333, -0.72247, -0.6791, -0.129829, -0.153901, 0.0, 0.0, 0.0, 1.0],
                [0.305955, -0.356695, -0.882703, -0.051449, 0.223759, -0.874293, 0.430827, 0.025186, -0.925327, -0.329357, -0.187681, -0.155677, 0.0, 0.0, 0.0, 1.0],
                [0.193254, -0.244206, -0.950274, -0.076457, 0.002785, -0.968438, 0.249417, 0.051707, -0.981097, -0.050852, -0.186474, -0.157454, 0.0, 0.0, 0.0, 1.0],
                [0.128543, 0.049253, -0.990481, -0.058395, -0.134817, -0.988672, -0.066656, 0.047225, -0.98245, 0.142116, -0.120446, -0.151299, 0.0, 0.0, 0.0, 1.0],
                [0.15379, 0.387583, -0.908924, -0.040335, -0.21635, -0.884377, -0.413692, 0.042744, -0.964079, 0.260292, -0.052154, -0.145144, 0.0, 0.0, 0.0, 1.0],
                [0.165041, 0.687418, -0.707291, -0.022274, -0.141654, -0.693201, -0.706719, 0.038263, -0.976013, 0.216849, -0.017031, -0.13899, 0.0, 0.0, 0.0, 1.0],
                [0.302674, 0.533472, -0.78982, -0.004212, 0.198658, -0.845845, -0.495123, 0.033782, -0.932109, -0.007043, -0.361994, -0.132836, 0.0, 0.0, 0.0, 1.0],
                [0.523827, 0.258046, -0.811788, 0.013848, 0.289282, -0.950308, -0.115365, 0.029301, -0.801142, -0.17442, -0.572445, -0.126681, 0.0, 0.0, 0.0, 1.0],
                [0.423528, 0.036278, -0.905148, 0.026737, 0.349254, -0.928526, 0.126223, 0.033061, -0.835794, -0.36962, -0.405928, -0.120094, 0.0, 0.0, 0.0, 1.0],
                [0.227633, -0.228716, -0.946507, 0.039627, 0.433227, -0.846765, 0.308795, 0.036821, -0.872012, -0.480388, -0.093666, -0.113506, 0.0, 0.0, 0.0, 1.0],
                [0.033532, -0.475691, -0.878987, 0.052516, 0.520441, -0.742541, 0.421667, 0.04058, -0.853184, -0.471645, 0.22267, -0.106919, 0.0, 0.0, 0.0, 1.0],
                [-0.061145, -0.645098, -0.761677, 0.065405, 0.566971, -0.650504, 0.50537, 0.04434, -0.821409, -0.400985, 0.405526, -0.100332, 0.0, 0.0, 0.0, 1.0],
                [-0.059859, -0.744302, -0.665197, 0.078295, 0.554043, -0.579111, 0.598056, 0.048101, -0.830277, -0.33278, 0.44704, -0.093745, 0.0, 0.0, 0.0, 1.0],
                [-0.031718, -0.810464, -0.584986, 0.086735, 0.497823, -0.520345, 0.693843, 0.042698, -0.866644, -0.269238, 0.419971, -0.096993, 0.0, 0.0, 0.0, 1.0],
                [0.006022, -0.856946, -0.515441, 0.095176, 0.409628, -0.468123, 0.782989, 0.037296, -0.912181, -0.215875, 0.348209, -0.100244, 0.0, 0.0, 0.0, 1.0],
                [0.062053, -0.932447, -0.356056, 0.103617, 0.21627, -0.33572, 0.916803, 0.031894, -0.974311, -0.133907, 0.180827, -0.103494, 0.0, 0.0, 0.0, 1.0],
                [0.022909, -0.985046, -0.17104, 0.112059, 0.36141, -0.151361, 0.920035, 0.026492, -0.932075, -0.0829, 0.352537, -0.106744, 0.0, 0.0, 0.0, 1.0],
                [-0.177477, -0.934262, -0.309414, 0.120498, 0.197315, -0.341819, 0.918823, 0.021089, -0.964093, 0.102027, 0.245009, -0.109994, 0.0, 0.0, 0.0, 1.0],
                [-0.131632, -0.95473, -0.266927, 0.116148, -0.101577, -0.254874, 0.961628, 0.031816, -0.986034, 0.153709, -0.063429, -0.116562, 0.0, 0.0, 0.0, 1.0],
                [0.099385, -0.921505, -0.375544, 0.111797, -0.011627, -0.378481, 0.925544, 0.042542, -0.994933, -0.087627, -0.04833, -0.123128, 0.0, 0.0, 0.0, 1.0],
                [0.164432, -0.811107, -0.561364, 0.107447, 0.052176, -0.561189, 0.826061, 0.053269, -0.984959, -0.165136, -0.049958, -0.129696, 0.0, 0.0, 0.0, 1.0],
                [0.178358, -0.780861, -0.59875, 0.103094, 0.006982, -0.607516, 0.7943, 0.063996, -0.983894, -0.145863, -0.102904, -0.136263, 0.0, 0.0, 0.0, 1.0],
                [0.188343, -0.788801, -0.58513, 0.098746, -0.057181, -0.603619, 0.795242, 0.074723, -0.980389, -0.116331, -0.158792, -0.142831, 0.0, 0.0, 0.0, 1.0],
                [0.190291, -0.761676, -0.619429, 0.095289, -0.086762, -0.641569, 0.762169, 0.071232, -0.977838, -0.091299, -0.188169, -0.142239, 0.0, 0.0, 0.0, 1.0],
                [0.192816, -0.732449, -0.652985, 0.091832, -0.110276, -0.677466, 0.727271, 0.06774, -0.974971, -0.068227, -0.211398, -0.141648, 0.0, 0.0, 0.0, 1.0],
                [0.194063, -0.701138, -0.686142, 0.088378, -0.131141, -0.711738, 0.69013, 0.064248, -0.972136, -0.043951, -0.23007, -0.141056, 0.0, 0.0, 0.0, 1.0],
                [0.191832, -0.678313, -0.70932, 0.084925, -0.142246, -0.734364, 0.663722, 0.060756, -0.971017, -0.026427, -0.237361, -0.140464, 0.0, 0.0, 0.0, 1.0],
                [0.184484, -0.636125, -0.749232, 0.081467, -0.15262, -0.771649, 0.617513, 0.057265, -0.970865, 0.000427, -0.239442, -0.139873, 0.0, 0.0, 0.0, 1.0],
                [0.174959, -0.586753, -0.790659, 0.078668, -0.160657, -0.809336, 0.565001, 0.055448, -0.971332, 0.028176, -0.235867, -0.142913, 0.0, 0.0, 0.0, 1.0],
                [0.169871, -0.547784, -0.81921, 0.075868, -0.163136, -0.835495, 0.524787, 0.053633, -0.97182, 0.044502, -0.23129, -0.145953, 0.0, 0.0, 0.0, 1.0],
                [0.164802, -0.507441, -0.845794, 0.073069, -0.165883, -0.859607, 0.483353, 0.051817, -0.972228, 0.060651, -0.225841, -0.148993, 0.0, 0.0, 0.0, 1.0],
                [0.16208, -0.471976, -0.866596, 0.070269, -0.166954, -0.878707, 0.447296, 0.05, -0.972503, 0.072191, -0.221219, -0.152032, 0.0, 0.0, 0.0, 1.0],
                [0.161282, -0.445718, -0.880535, 0.067468, -0.166014, -0.891799, 0.420964, 0.048185, -0.972795, 0.078296, -0.217826, -0.155072, 0.0, 0.0, 0.0, 1.0],
                [0.16213, -0.425252, -0.890445, 0.07063, -0.163005, -0.901572, 0.400842, 0.045941, -0.973164, 0.080167, -0.21549, -0.145639, 0.0, 0.0, 0.0, 1.0],
                [0.945483, 0.067158, 0.318675, 0.133847, 0.064694, -0.997738, 0.018325, 0.001085, 0.319184, 0.00329, -0.947687, 0.043039, 0.0, 0.0, 0.0, 1.0]
            ]
        },
        {
            "name": "Leg_R",
            "time": [0.0, 0.0333, 0.0667, 0.1, 0.1333, 0.1667, 0.2, 0.2333, 0.2667, 0.3, 0.3333, 0.3667, 0.4, 0.4333, 0.4667, 0.5, 0.5333, 0.5667, 0.6, 0.6333, 0.6667, 0.7, 0.7333, 0.7667, 0.8, 0.8333, 0.8667, 0.9, 0.9333, 0.9667, 1.0, 1.0333, 1.0667, 1.1, 1.1333, 1.1667, 1.2, 1.2333, 1.2667, 1.3, 1.3333, 1.3667, 1.4, 1.4333, 1.4667, 1.5, 1.5333, 1.5667, 1.6, 1.6333, 1.6667, 1.7, 1.7333, 1.7667, 1.8, 1.8333, 1.8667, 2.5333],
            "transform": [
                [0.999989, 0.001904, 0.000431, -0.0, 0.000432, -0.431074, 0.902317, 0.37472, 0.001904, -0.902328, -0.431068, -0.0, 0.0, 0.0, 0.0, 1.0],
                [0.999979, 0.001874, 0.000551, 0.0, 0.00055, -0.540901, 0.841093, 0.37472, 0.001874, -0.841113, -0.540887, -0.0, 0.0, 0.0, 0.0, 1.0],
                [0.999967, 0.001839, 0.000658, 0.0, 0.000659, -0.634845, 0.772655, 0.37472, 0.001839, -0.772686, -0.634818, -0.0, 0.0, 0.0, 0.0, 1.0],
                [0.999955, 0.0018, 0.000757, -0.0, 0.000757, -0.714934, 0.699224, 0.37472, 0.0018, -0.69927, -0.714885, 0.0, 0.0, 0.0, 0.0, 1.0],
                [0.999953, 0.001778, 0.000808, -0.0, 0.000808, -0.753207, 0.657826, 0.37472, 0.001778, -0.657867, -0.753157, 0.0, 0.0, 0.0, 0.0, 1.0],
                [0.999955, 0.001785, 0.000793, 0.0, 0.000793, -0.742412, 0.669983, 0.37472, 0.001785, -0.670027, -0.742361, -0.0, 0.0, 0.0, 0.0, 1.0],
                [0.999955, 0.001805, 0.000745, -0.0, 0.000744, -0.704937, 0.709301, 0.37472, 0.001805, -0.70935, -0.704886, 0.0, 0.0, 0.0, 0.0, 1.0],
                [0.999955, 0.001843, 0.000646, 0.0, 0.000646, -0.624156, 0.781316, 0.37472, 0.001843, -0.781379, -0.624105, 0.0, 0.0, 0.0, 0.0, 1.0],
                [0.999954, 0.001905, 0.000427, 0.0, 0.000428, -0.427409, 0.904049, 0.37472, 0.001904, -0.904137, -0.427366, 0.0, 0.0, 0.0, 0.0, 1.0],
                [0.999955, 0.001946, 0.000151, -0.0, 0.000152, -0.154725, 0.987925, 0.37472, 0.001946, -0.988037, -0.154707, -0.0, 0.0, 0.0, 0.0, 1.0],
                [0.999955, 0.001952, 8e-06, -0.0, 1e-05, -0.008773, 0.999925, 0.37472, 0.001952, -1.000041, -0.008772, 0.0, 0.0, 0.0, 0.0, 1.0],
                [0.999955, 0.001951, 3.3e-05, -0.0, 3.4e-05, -0.034866, 0.999356, 0.37472, 0.001951, -0.999471, -0.034862, 0.0, 0.0, 0.0, 0.0, 1.0],
                [0.999953, 0.00195, 5.4e-05, 0.0, 5.5e-05, -0.055664, 0.998414, 0.37472, 0.00195, -0.99853, -0.055658, -0.0, 0.0, 0.0, 0.0, 1.0],
                [0.999954, 0.00195, 7.5e-05, -0.0, 7.5e-05, -0.07644, 0.997039, 0.37472, 0.00195, -0.997154, -0.076431, -0.0, 0.0, 0.0, 0.0, 1.0],
                [0.999954, 0.00195, 9.5e-05, -0.0, 9.5e-05, -0.097182, 0.995232, 0.37472, 0.001949, -0.995347, -0.097171, 0.0, 0.0, 0.0, 0.0, 1.0],
                [0.999954, 0.001948, 0.000122, -0.0, 0.000122, -0.124819, 0.992146, 0.37472, 0.001948, -0.992259, -0.124804, -0.0, 0.0, 0.0, 0.0, 1.0],
                [0.999954, 0.001946, 0.000155, -0.0, 0.000155, -0.158315, 0.987356, 0.37472, 0.001946, -0.987469, -0.158296, 0.0, 0.0, 0.0, 0.0, 1.0],
                [0.999954, 0.001943, 0.000193, -0.0, 0.000194, -0.197295, 0.980313, 0.37472, 0.001943, -0.980425, -0.197272, -0.0, 0.0, 0.0, 0.0, 1.0],
                [0.999954, 0.001939, 0.000238, 0.0, 0.000239, -0.242173, 0.970205, 0.37472, 0.001939, -0.970313, -0.242146, -0.0, 0.0, 0.0, 0.0, 1.0],
                [0.999954, 0.001929, 0.000304, 0.0, 0.000305, -0.307883, 0.951401, 0.37472, 0.001929, -0.951504, -0.307849, -0.0, 0.0, 0.0, 0.0, 1.0],
                [0.999954, 0.001914, 0.000387, 0.0, 0.000388, -0.389078, 0.921189, 0.37472, 0.001914, -0.921284, -0.389037, 0.0, 0.0, 0.0, 0.0, 1.0],
                [0.999955, 0.001894, 0.000475, -0.0, 0.000476, -0.472333, 0.881415, 0.37472, 0.001894, -0.881499, -0.472287, -0.0, 0.0, 0.0, 0.0, 1.0],
                [0.999954, 0.001842, 0.00065, -0.0, 0.000651, -0.62834, 0.777957, 0.37472, 0.001841, -0.778019, -0.628289, 0.0, 0.0, 0.0, 0.0, 1.0],
                [0.999954, 0.001785, 0.000792, -0.0, 0.000792, -0.741411, 0.671089, 0.37472, 0.001785, -0.671131, -0.741364, 0.0, 0.0, 0.0, 0.0, 1.0],
                [0.999955, 0.001842, 0.000649, 0.0, 0.000649, -0.627141, 0.778924, 0.37472, 0.001842, -0.778983, -0.627091, 0.0, 0.0, 0.0, 0.0, 1.0],
                [0.999955, 0.001939, 0.000241, -0.0, 0.000241, -0.244722, 0.969566, 0.37472, 0.001939, -0.969673, -0.244694, -0.0, 0.0, 0.0, 0.0, 1.0],
                [0.999955, 0.001945, -0.000192, 0.0, -0.000192, 0.195543, 0.980664, 0.37472, 0.001944, -0.980775, 0.195521, -0.0, 0.0, 0.0, 0.0, 1.0],
                [0.999953, 0.001813, -0.000728, 0.0, -0.000729, 0.692061, 0.721869, 0.37472, 0.001812, -0.72192, 0.692009, 0.0, 0.0, 0.0, 0.0, 1.0],
                [0.999954, 0.001389, -0.001373, 0.0, -0.001375, 0.999981, 0.010364, 0.37472, 0.001387, -0.010362, 0.999955, 0.0, 0.0, 0.0, 0.0, 1.0],
                [0.999955, 0.001428, -0.001333, 0.0, -0.001334, 0.997742, 0.067668, 0.37472, 0.001427, -0.067667, 0.997717, 0.0, 0.0, 0.0, 0.0, 1.0],
                [0.999957, 0.001389, -0.001373, 0.0, -0.001375, 0.99998, 0.010364, 0.37472, 0.001387, -0.010362, 0.999955, -0.0, 0.0, 0.0, 0.0, 1.0],
                [0.999956, 0.001383, -0.001379, 0.0, -0.001381, 1.000032, 0.001383, 0.37472, 0.001381, -0.001381, 1.000008, 0.0, 0.0, 0.0, 0.0, 1.0],
                [0.999956, 0.001375, -0.001388, 0.0, -0.00139, 0.999972, -0.011053, 0.37472, 0.001373, 0.011055, 0.999948, -0.0, 0.0, 0.0, 0.0, 1.0],
                [0.999955, 0.001373, -0.00139, -1e-06, -0.001391, 0.999937, -0.013816, 0.37472, 0.001371, 0.013818, 0.999914, -0.0, 0.0, 0.0, 0.0, 1.0],
                [0.999955, 0.001389, -0.001374, 0.0, -0.001375, 0.999986, 0.009673, 0.37472, 0.001387, -0.009671, 0.999963, -0.0, 0.0, 0.0, 0.0, 1.0],
                [0.999955, 0.001413, -0.001348, -0.0, -0.00135, 0.998994, 0.045587, 0.374721, 0.001411, -0.045586, 0.99897, -0.0, 0.0, 0.0, 0.0, 1.0],
                [0.999955, 0.001429, -0.001331, 0.0, -0.001333, 0.997598, 0.069737, 0.37472, 0.001428, -0.069737, 0.997576, 0.0, 0.0, 0.0, 0.0, 1.0],
                [0.999954, 0.001453, -0.001305, -0.0, -0.001307, 0.994447, 0.105557, 0.37472, 0.001451, -0.105558, 0.994423, 0.0, 0.0, 0.0, 0.0, 1.0],
                [0.999956, 0.001606, -0.001119, -0.0, -0.001121, 0.938676, 0.344903, 0.37472, 0.001604, -0.344914, 0.938642, -0.0, 0.0, 0.0, 0.0, 1.0],
                [0.999956, 0.001983, -8.6e-05, -0.0, -8.8e-05, 0.087688, 0.996118, 0.37472, 0.001983, -0.996221, 0.087678, -0.0, 0.0, 0.0, 0.0, 1.0],
                [0.999956, 0.001908, 0.000416, -0.0, 0.000414, -0.415358, 0.909646, 0.374721, 0.001909, -0.909736, -0.415316, 0.0, 0.0, 0.0, 0.0, 1.0],
                [0.999955, 0.001799, 0.000764, -0.0, 0.000763, -0.719184, 0.694853, 0.37472, 0.001799, -0.694899, -0.719135, 1e-06, 0.0, 0.0, 0.0, 1.0],
                [0.999955, 0.001838, 0.00067, -0.0, 0.000669, -0.64324, 0.765685, 0.374721, 0.001838, -0.765743, -0.64319, -0.0, 0.0, 0.0, 0.0, 1.0],
                [0.999955, 0.001722, 0.000921, -0.0, 0.000922, -0.832048, 0.554763, 0.37472, 0.001722, -0.55479, -0.832004, -0.0, 0.0, 0.0, 0.0, 1.0],
                [0.999955, 0.001763, 0.000844, 0.0, 0.000843, -0.778716, 0.627421, 0.37472, 0.001763, -0.627457, -0.778669, -0.0, 0.0, 0.0, 0.0, 1.0],
                [0.999954, 0.001843, 0.000648, -0.0, 0.000647, -0.625401, 0.780321, 0.374719, 0.001843, -0.780382, -0.625351, -1e-06, 0.0, 0.0, 0.0, 1.0],
                [0.999954, 0.001889, 0.000498, 0.0, 0.000497, -0.492716, 0.870188, 0.37472, 0.001889, -0.870269, -0.49267, 0.0, 0.0, 0.0, 0.0, 1.0],
                [0.999954, 0.001924, 0.000344, 0.0, 0.000343, -0.346294, 0.938108, 0.37472, 0.001924, -0.938204, -0.346258, -0.0, 0.0, 0.0, 0.0, 1.0],
                [0.999954, 0.001944, 0.000195, -0.0, 0.000194, -0.198171, 0.980137, 0.37472, 0.001944, -0.980247, -0.198149, -1e-06, 0.0, 0.0, 0.0, 1.0],
                [0.999954, 0.001951, 9.8e-05, 0.0, 9.7e-05, -0.099963, 0.994955, 0.37472, 0.001951, -0.995072, -0.099952, 0.0, 0.0, 0.0, 0.0, 1.0],
                [0.999954, 0.001954, -4.7e-05, 0.0, -4.9e-05, 0.049093, 0.998757, 0.37472, 0.001953, -0.998875, 0.049087, 1e-06, 0.0, 0.0, 0.0, 1.0],
                [0.999953, 0.001944, -0.000199, -0.0, -0.000202, 0.204284, 0.978879, 0.37472, 0.001943, -0.978995, 0.204259, -0.0, 0.0, 0.0, 0.0, 1.0],
                [0.999953, 0.00193, -0.000305, 0.0, -0.000307, 0.309508, 0.950871, 0.37472, 0.001929, -0.95098, 0.309472, -0.0, 0.0, 0.0, 0.0, 1.0],
                [0.999954, 0.001911, -0.00041, -0.0, -0.000412, 0.411029, 0.911607, 0.37472, 0.00191, -0.911706, 0.410983, 0.0, 0.0, 0.0, 0.0, 1.0],
                [0.999953, 0.001888, -0.000501, -0.0, -0.000503, 0.496886, 0.867812, 0.37472, 0.001888, -0.8679, 0.496834, -1e-06, 0.0, 0.0, 0.0, 1.0],
                [0.999953, 0.001868, -0.000573, 0.0, -0.000576, 0.561869, 0.827232, 0.37472, 0.001867, -0.827311, 0.561814, -1e-06, 0.0, 0.0, 0.0, 1.0],
                [0.999953, 0.001851, -0.000627, 0.0, -0.000629, 0.609035, 0.793157, 0.37472, 0.00185, -0.793227, 0.60898, 1e-06, 0.0, 0.0, 0.0, 1.0],
                [1.000002, 0.001608, -0.001109, 0.0, -0.00111, 0.934967, 0.354727, 0.37472, 0.001607, -0.354724, 0.934969, -1e-06, 0.0, 0.0, 0.0, 1.0]
            ]
        },
        {
            "name": "Knee_R",
            "time": [1.8667, 2.5333, 0.0],
            "transform": [
                [1.0, 0.0, -0.0, -0.0, -0.0, 1e-06, -1.0, 0.37472, -0.0, 1.0, 1e-06, -0.0, 0.0, 0.0, 0.0, 1.0],
                [1.0, 0.0, -0.0, 0.0, -0.0, 1e-06, -1.0, 0.37472, -0.0, 1.0, 1e-06, 1e-06, 0.0, 0.0, 0.0, 1.0],
                [1.0, 0.0, -0.0, 0.0, -0.0, 1e-06, -1.0, 0.37472, -0.0, 1.0, 1e-06, -1e-06, 0.0, 0.0, 0.0, 1.0]
            ]
        },
        {
            "name": "Thigh_L",
            "time": [0.0, 0.0333, 0.0667, 0.1, 0.1333, 0.1667, 0.2, 0.2333, 0.2667, 0.3, 0.3333, 0.3667, 0.4, 0.4333, 0.4667, 0.5, 0.5333, 0.5667, 0.6, 0.6333, 0.6667, 0.7, 0.7333, 0.7667, 0.8, 0.8333, 0.8667, 0.9, 0.9333, 0.9667, 1.0, 1.0333, 1.0667, 1.1, 1.1333, 1.1667, 1.2, 1.2333, 1.2667, 1.3, 1.3333, 1.3667, 1.4, 1.4333, 1.4667, 1.5, 1.5333, 1.5667, 1.6, 1.6333, 1.6667, 1.7, 1.7333, 1.7667, 1.8, 1.8333, 1.8667, 2.5333],
            "transform": [
                [-0.11522, -0.958595, -0.260557, 0.07468, 0.230094, -0.280937, 0.931737, -0.023974, -0.966285, 0.047405, 0.252936, 0.111424, 0.0, 0.0, 0.0, 1.0],
                [-0.023367, -0.950807, -0.308977, 0.047771, 0.326942, -0.299341, 0.896384, 0.002524, -0.944729, -0.080075, 0.317853, 0.118933, 0.0, 0.0, 0.0, 1.0],
                [0.00138, -0.832248, -0.554418, 0.020861, 0.437737, -0.497981, 0.748601, 0.029022, -0.899088, -0.243728, 0.363619, 0.126441, 0.0, 0.0, 0.0, 1.0],
                [-0.248583, -0.272098, -0.929608, -0.006049, 0.414079, -0.897466, 0.151963, 0.05552, -0.875639, -0.347155, 0.335765, 0.13395, 0.0, 0.0, 0.0, 1.0],
                [-0.334369, 0.431399, -0.837911, -0.032958, 0.14535, -0.85484, -0.498119, 0.082018, -0.931165, -0.288346, 0.223129, 0.141458, 0.0, 0.0, 0.0, 1.0],
                [-0.256097, 0.501471, -0.826403, -0.059868, 0.090983, -0.838612, -0.537078, 0.108516, -0.962359, -0.212732, 0.169142, 0.148967, 0.0, 0.0, 0.0, 1.0],
                [-0.159483, 0.553745, -0.817273, -0.06548, 0.11244, -0.812291, -0.572313, 0.115385, -0.980775, -0.183168, 0.067284, 0.138546, 0.0, 0.0, 0.0, 1.0],
                [-0.07562, 0.613536, -0.786039, -0.071092, 0.113569, -0.777865, -0.618085, 0.122254, -0.990647, -0.136008, -0.010856, 0.128125, 0.0, 0.0, 0.0, 1.0],
                [0.022084, 0.454407, -0.890521, -0.076705, 0.079246, -0.888731, -0.451529, 0.129124, -0.996609, -0.060599, -0.055637, 0.117705, 0.0, 0.0, 0.0, 1.0],
                [0.15753, 0.369084, -0.91595, -0.082316, 0.046675, -0.929275, -0.366428, 0.135993, -0.986409, 0.014972, -0.163616, 0.107284, 0.0, 0.0, 0.0, 1.0],
                [0.233282, 0.169031, -0.957606, -0.087928, 0.038926, -0.98561, -0.164491, 0.142862, -0.971628, 0.001097, -0.236506, 0.096864, 0.0, 0.0, 0.0, 1.0],
                [0.19898, -0.140186, -0.969926, -0.050802, 0.072507, -0.984898, 0.157225, 0.139455, -0.977317, -0.10161, -0.185811, 0.110837, 0.0, 0.0, 0.0, 1.0],
                [0.13459, -0.388198, -0.911696, -0.013676, 0.16305, -0.898849, 0.406798, 0.136048, -0.977394, -0.203403, -0.057681, 0.124811, 0.0, 0.0, 0.0, 1.0],
                [0.100159, -0.501972, -0.859066, 0.02345, 0.284316, -0.812966, 0.508184, 0.13264, -0.953483, -0.295145, 0.061293, 0.138784, 0.0, 0.0, 0.0, 1.0],
                [0.099986, -0.488394, -0.866878, 0.060576, 0.394517, -0.78037, 0.48516, 0.129233, -0.913432, -0.390507, 0.114653, 0.152759, 0.0, 0.0, 0.0, 1.0],
                [0.108822, -0.435338, -0.893668, 0.097703, 0.484318, -0.761868, 0.43011, 0.125826, -0.868096, -0.479625, 0.127934, 0.166732, 0.0, 0.0, 0.0, 1.0],
                [0.096051, -0.368931, -0.924481, 0.0925, 0.484719, -0.793871, 0.367171, 0.131741, -0.869379, -0.48338, 0.102576, 0.158015, 0.0, 0.0, 0.0, 1.0],
                [0.048921, -0.338014, -0.939871, 0.087297, 0.463831, -0.825688, 0.321092, 0.137656, -0.88457, -0.45165, 0.116388, 0.149297, 0.0, 0.0, 0.0, 1.0],
                [-0.0134, -0.329452, -0.944079, 0.082094, 0.423194, -0.857299, 0.293163, 0.143571, -0.905939, -0.395599, 0.150911, 0.14058, 0.0, 0.0, 0.0, 1.0],
                [-0.078885, -0.326151, -0.942022, 0.076892, 0.366759, -0.888183, 0.276799, 0.149486, -0.926965, -0.32366, 0.189683, 0.131863, 0.0, 0.0, 0.0, 1.0],
                [-0.131337, -0.307725, -0.942369, 0.071689, 0.299647, -0.918459, 0.258156, 0.155401, -0.944965, -0.248473, 0.212837, 0.123146, 0.0, 0.0, 0.0, 1.0],
                [-0.201184, -0.311074, -0.92885, 0.065279, 0.247815, -0.933552, 0.258974, 0.140529, -0.947686, -0.178081, 0.264906, 0.121942, 0.0, 0.0, 0.0, 1.0],
                [-0.28432, -0.234636, -0.929575, 0.058868, 0.072004, -0.972078, 0.22334, 0.125657, -0.95602, -0.003432, 0.293276, 0.12074, 0.0, 0.0, 0.0, 1.0],
                [-0.297015, 0.232139, -0.926226, 0.052457, -0.193867, -0.964456, -0.179553, 0.110786, -0.934984, 0.126235, 0.331463, 0.119536, 0.0, 0.0, 0.0, 1.0],
                [-0.245713, 0.43267, -0.867424, 0.046047, -0.394003, -0.862179, -0.318447, 0.095913, -0.885654, 0.263522, 0.382324, 0.118333, 0.0, 0.0, 0.0, 1.0],
                [-0.242777, 0.615172, -0.750083, 0.039636, -0.462794, -0.753001, -0.467774, 0.081041, -0.852571, 0.233569, 0.467511, 0.11713, 0.0, 0.0, 0.0, 1.0],
                [-0.293139, 0.595469, -0.747989, 0.036512, -0.485188, -0.766782, -0.420284, 0.085897, -0.823808, 0.239714, 0.51369, 0.122648, 0.0, 0.0, 0.0, 1.0],
                [-0.347313, 0.271748, -0.897513, 0.033387, -0.408894, -0.905199, -0.115844, 0.090754, -0.843905, 0.326754, 0.425505, 0.128166, 0.0, 0.0, 0.0, 1.0],
                [-0.489773, -0.370629, -0.789149, 0.030262, -0.053379, -0.890698, 0.451451, 0.09561, -0.870213, 0.263233, 0.416456, 0.133684, 0.0, 0.0, 0.0, 1.0],
                [-0.470875, -0.518881, -0.713471, 0.027138, 0.02838, -0.81723, 0.575613, 0.100466, -0.881742, 0.250794, 0.39954, 0.139202, 0.0, 0.0, 0.0, 1.0],
                [-0.439747, -0.628159, -0.641903, 0.024013, 0.092157, -0.742505, 0.663472, 0.105322, -0.893379, 0.232605, 0.384404, 0.14472, 0.0, 0.0, 0.0, 1.0],
                [-0.404112, -0.706698, -0.580752, 0.024048, 0.138475, -0.674851, 0.724847, 0.11385, -0.904166, 0.2125, 0.370575, 0.135534, 0.0, 0.0, 0.0, 1.0],
                [-0.367934, -0.763986, -0.530048, 0.024083, 0.17344, -0.616418, 0.768082, 0.122377, -0.913532, 0.190672, 0.359308, 0.126348, 0.0, 0.0, 0.0, 1.0],
                [-0.33527, -0.806849, -0.486406, 0.024118, 0.198087, -0.565117, 0.800878, 0.130905, -0.921061, 0.17216, 0.349294, 0.117162, 0.0, 0.0, 0.0, 1.0],
                [-0.304999, -0.840795, -0.447259, 0.024153, 0.218644, -0.518912, 0.826394, 0.139433, -0.926913, 0.15426, 0.342103, 0.107977, 0.0, 0.0, 0.0, 1.0],
                [-0.280389, -0.866354, -0.413297, 0.024188, 0.231125, -0.478835, 0.846936, 0.147961, -0.931644, 0.141949, 0.334497, 0.09879, 0.0, 0.0, 0.0, 1.0],
                [-0.263505, -0.884034, -0.386074, 0.034605, 0.235259, -0.447026, 0.863032, 0.132651, -0.935529, 0.136586, 0.325771, 0.108048, 0.0, 0.0, 0.0, 1.0],
                [-0.252935, -0.893044, -0.372151, 0.045021, 0.232427, -0.429483, 0.872653, 0.117343, -0.939148, 0.134227, 0.316199, 0.117304, 0.0, 0.0, 0.0, 1.0],
                [-0.241408, -0.879645, -0.409816, 0.055438, 0.226738, -0.461746, 0.857545, 0.102034, -0.943561, 0.114097, 0.310919, 0.126561, 0.0, 0.0, 0.0, 1.0],
                [-0.270927, -0.628644, -0.728977, 0.065854, 0.244855, -0.777396, 0.579398, 0.086725, -0.930936, -0.021519, 0.364545, 0.135818, 0.0, 0.0, 0.0, 1.0],
                [-0.440463, -0.695835, -0.567279, 0.076272, 0.097509, -0.665215, 0.740258, 0.071415, -0.892459, 0.270742, 0.360854, 0.145075, 0.0, 0.0, 0.0, 1.0],
                [-0.634198, -0.761697, -0.132704, 0.063623, 0.011097, -0.180586, 0.983498, 0.060634, -0.77309, 0.622259, 0.122979, 0.142428, 0.0, 0.0, 0.0, 1.0],
                [-0.479932, -0.876219, -0.043646, 0.050976, -0.010993, -0.043741, 0.998984, 0.049852, -0.877235, 0.479924, 0.011359, 0.139782, 0.0, 0.0, 0.0, 1.0],
                [-0.189752, -0.913845, -0.359004, 0.038328, -0.012806, -0.363312, 0.931581, 0.03907, -0.981747, 0.181367, 0.057236, 0.137135, 0.0, 0.0, 0.0, 1.0],
                [-0.150983, -0.976723, -0.15237, 0.02568, 0.089852, -0.167059, 0.981846, 0.028289, -0.984443, 0.134551, 0.112984, 0.134488, 0.0, 0.0, 0.0, 1.0],
                [-0.148311, -0.988568, -0.027195, 0.013034, 0.142782, -0.048616, 0.988561, 0.017507, -0.978577, 0.142731, 0.14836, 0.131841, 0.0, 0.0, 0.0, 1.0],
                [-0.139821, -0.9884, -0.059299, 0.01531, 0.134563, -0.078299, 0.987808, 0.019854, -0.98099, 0.130137, 0.14395, 0.132473, 0.0, 0.0, 0.0, 1.0],
                [-0.126715, -0.984066, -0.124738, 0.017586, 0.119434, -0.139973, 0.982927, 0.022202, -0.984721, 0.109654, 0.135268, 0.133104, 0.0, 0.0, 0.0, 1.0],
                [-0.113313, -0.97227, -0.204578, 0.019862, 0.103676, -0.216351, 0.970797, 0.024549, -0.988133, 0.088795, 0.125317, 0.133736, 0.0, 0.0, 0.0, 1.0],
                [-0.105427, -0.959107, -0.262683, 0.022139, 0.094857, -0.272649, 0.957428, 0.026897, -0.989891, 0.076021, 0.119722, 0.134368, 0.0, 0.0, 0.0, 1.0],
                [-0.095883, -0.933648, -0.345124, 0.024416, 0.0827, -0.352995, 0.931965, 0.029243, -0.99195, 0.060818, 0.111059, 0.134999, 0.0, 0.0, 0.0, 1.0],
                [-0.094896, -0.90577, -0.41301, 0.017106, 0.071856, -0.420033, 0.904661, 0.032704, -0.99289, 0.056172, 0.104944, 0.130984, 0.0, 0.0, 0.0, 1.0],
                [-0.095145, -0.887251, -0.451371, 0.009799, 0.065949, -0.45805, 0.886478, 0.036163, -0.993275, 0.054577, 0.102094, 0.126969, 0.0, 0.0, 0.0, 1.0],
                [-0.096619, -0.869684, -0.484063, 0.002489, 0.060517, -0.490572, 0.869298, 0.039624, -0.993479, 0.054697, 0.100029, 0.122954, 0.0, 0.0, 0.0, 1.0],
                [-0.097449, -0.853537, -0.511841, -0.00482, 0.057544, -0.51826, 0.853286, 0.043083, -0.993575, 0.053699, 0.099619, 0.118939, 0.0, 0.0, 0.0, 1.0],
                [-0.09827, -0.836503, -0.539081, -0.012129, 0.054548, -0.545417, 0.836389, 0.046543, -0.993662, 0.052787, 0.099228, 0.114924, 0.0, 0.0, 0.0, 1.0],
                [-0.099337, -0.816758, -0.568365, -0.017509, 0.054394, -0.574793, 0.81649, 0.044692, -0.993566, 0.050192, 0.101524, 0.109483, 0.0, 0.0, 0.0, 1.0],
                [0.944623, -0.062107, -0.322093, -0.125094, 0.027246, -0.963713, 0.265721, 0.007652, -0.326876, -0.259807, -0.908652, 0.000655, 0.0, 0.0, 0.0, 1.0]
            ]
        },
        {
            "name": "Leg_L",
