{
    "animation": [
        {
            "name": "Root",
            "time": [0.0, 0.1, 0.1333, 0.1667, 0.2, 0.2333, 0.2667, 0.3, 0.3333, 0.4667, 0.5333, 0.6333, 0.7, 0.8333, 0.8667, 0.9, 0.9333, 0.9667, 1.0, 1.0333, 1.0667, 1.1, 1.1333, 1.1667, 1.2, 1.2333, 1.2667, 1.3, 1.3333, 1.8, 1.8333, 1.8667, 2.0, 2.9],
            "transform": [
                [-0.063409, 0.312883, -0.947674, -0.406057, -0.948974, 0.275028, 0.154299, -0.243891, 0.308914, 0.909101, 0.279478, 1.440699, 0.0, 0.0, 0.0, 1.0],
                [-0.004537, 0.346971, -0.937867, -0.468744, -0.932857, 0.336375, 0.128958, -0.18943, 0.360218, 0.875479, 0.322148, 1.335097, 0.0, 0.0, 0.0, 1.0],
                [0.093671, 0.393149, -0.914692, -0.066173, -0.910088, 0.406334, 0.08145, 0.26315, 0.403692, 0.824819, 0.395863, 1.84095, 0.0, 0.0, 0.0, 1.0],
                [0.138566, 0.414886, -0.899262, 0.336397, -0.883119, 0.462721, 0.077404, 0.715731, 0.44822, 0.783428, 0.430511, 2.346804, 0.0, 0.0, 0.0, 1.0],
                [0.069974, 0.395272, -0.915896, 0.738968, -0.860232, 0.488786, 0.145223, 1.168312, 0.505079, 0.77772, 0.374228, 2.852657, 0.0, 0.0, 0.0, 1.0],
                [-0.056622, 0.35966, -0.931365, 1.141538, -0.828176, 0.504079, 0.245007, 1.620892, 0.5576, 0.785206, 0.269321, 3.35851, 0.0, 0.0, 0.0, 1.0],
                [-0.157936, 0.36016, -0.919425, 1.544109, -0.780335, 0.525043, 0.339716, 2.073473, 0.605089, 0.771113, 0.198122, 3.864364, 0.0, 0.0, 0.0, 1.0],
                [-0.148231, 0.42379, -0.89355, 1.946679, -0.711963, 0.581376, 0.393842, 2.526053, 0.686394, 0.694553, 0.215545, 4.370218, 0.0, 0.0, 0.0, 1.0],
                [-0.100274, 0.513836, -0.852008, 2.34925, -0.635636, 0.62571, 0.452168, 2.978633, 0.76545, 0.586907, 0.26387, 4.876071, 0.0, 0.0, 0.0, 1.0],
                [0.303757, 0.325349, -0.895478, 2.413526, -0.947778, 0.199073, -0.249171, 4.200175, 0.097198, 0.924401, 0.368829, 5.051592, 0.0, 0.0, 0.0, 1.0],
                [0.678926, 0.231435, -0.696778, 2.442681, -0.734133, 0.227415, -0.63979, 4.619799, 0.010388, 0.945897, 0.324303, 4.8311, 0.0, 0.0, 0.0, 1.0],
                [0.918083, 0.139248, -0.371125, 2.416101, -0.393764, 0.212819, -0.894237, 5.299437, -0.045539, 0.967119, 0.250216, 4.465736, 0.0, 0.0, 0.0, 1.0],
                [0.961879, 0.027583, 0.272078, 2.36294, 0.267358, 0.114354, -0.956789, 5.446208, -0.057504, 0.993057, 0.10262, 4.140303, 0.0, 0.0, 0.0, 1.0],
                [0.757448, -0.000681, 0.652896, 2.309779, 0.652791, 0.018627, -0.75731, 5.664299, -0.011646, 0.999826, 0.014553, 0.862888, 0.0, 0.0, 0.0, 1.0],
                [0.752132, -0.001095, 0.659012, 2.304445, 0.658913, 0.018593, -0.75199, 5.667439, -0.011429, 0.999827, 0.014706, 0.847574, 0.0, 0.0, 0.0, 1.0],
                [0.746754, -0.00151, 0.6651, 2.299111, 0.665006, 0.018555, -0.746608, 5.670579, -0.011213, 0.999827, 0.014861, 0.832261, 0.0, 0.0, 0.0, 1.0],
                [0.741313, -0.001926, 0.671158, 2.293777, 0.67107, 0.018514, -0.741164, 5.673718, -0.010998, 0.999827, 0.015017, 0.816947, 0.0, 0.0, 0.0, 1.0],
                [0.735809, -0.002343, 0.677185, 2.288443, 0.677102, 0.01847, -0.735658, 5.676858, -0.010784, 0.999827, 0.015177, 0.801633, 0.0, 0.0, 0.0, 1.0],
                [0.730245, -0.00276, 0.683181, 2.283109, 0.683104, 0.018422, -0.73009, 5.679999, -0.01057, 0.999827, 0.015338, 0.78632, 0.0, 0.0, 0.0, 1.0],
                [0.724618, -0.003177, 0.689145, 2.27295, 0.689073, 0.01837, -0.72446, 5.683261, -0.010358, 0.999826, 0.015501, 0.778917, 0.0, 0.0, 0.0, 1.0],
                [0.718929, -0.003596, 0.695076, 2.262792, 0.695009, 0.018315, -0.718769, 5.686524, -0.010146, 0.999826, 0.015666, 0.771514, 0.0, 0.0, 0.0, 1.0],
                [0.713179, -0.004014, 0.700972, 2.252634, 0.700912, 0.018257, -0.713016, 5.689786, -0.009935, 0.999825, 0.015834, 0.764111, 0.0, 0.0, 0.0, 1.0],
                [0.707367, -0.004433, 0.706833, 2.257638, 0.706779, 0.018194, -0.707201, 5.693105, -0.009725, 0.999825, 0.016003, 0.760291, 0.0, 0.0, 0.0, 1.0],
                [0.701495, -0.004853, 0.712659, 2.262641, 0.712611, 0.018129, -0.701326, 5.696424, -0.009516, 0.999824, 0.016175, 0.756472, 0.0, 0.0, 0.0, 1.0],
                [0.695562, -0.005272, 0.718448, 2.267645, 0.718406, 0.018059, -0.695391, 5.699743, -0.009308, 0.999823, 0.016349, 0.752652, 0.0, 0.0, 0.0, 1.0],
                [0.689568, -0.005692, 0.724199, 2.272649, 0.724164, 0.017986, -0.689395, 5.703061, -0.009101, 0.999822, 0.016525, 0.748832, 0.0, 0.0, 0.0, 1.0],
                [0.683514, -0.006113, 0.729913, 2.277653, 0.729883, 0.017909, -0.683339, 5.70638, -0.008895, 0.999821, 0.016703, 0.745013, 0.0, 0.0, 0.0, 1.0],
                [0.6774, -0.006533, 0.735586, 2.282656, 0.735563, 0.017829, -0.677222, 5.709698, -0.00869, 0.99982, 0.016883, 0.741193, 0.0, 0.0, 0.0, 1.0],
                [0.671227, -0.006954, 0.74122, 2.28766, 0.741203, 0.017745, -0.671047, 5.713017, -0.008487, 0.999818, 0.017065, 0.737373, 0.0, 0.0, 0.0, 1.0],
                [0.886989, -0.004747, 0.461767, 2.202732, 0.461768, 0.018968, -0.886799, 5.714842, -0.004549, 0.999809, 0.019016, 0.863144, 0.0, 0.0, 0.0, 1.0],
                [0.898738, -0.004569, 0.438463, 2.196666, 0.438466, 0.019026, -0.898548, 5.718153, -0.004236, 0.999809, 0.019103, 0.8663, 0.0, 0.0, 0.0, 1.0],
                [0.909898, -0.00439, 0.414809, 2.190599, 0.414813, 0.019079, -0.909708, 5.721811, -0.00392, 0.999808, 0.019181, 0.936579, 0.0, 0.0, 0.0, 1.0],
                [0.948367, -0.003659, 0.317154, 2.166334, 0.317164, 0.019246, -0.948177, 5.710936, -0.002635, 0.999808, 0.019413, 1.093232, 0.0, 0.0, 0.0, 1.0],
                [0.93471, 0.001078, -0.35541, 2.002545, -0.355368, 0.018425, -0.934546, 5.719142, 0.005541, 0.99983, 0.017605, 1.382545, 0.0, 0.0, 0.0, 1.0]
            ]
        },
        {
            "name": "Thigh_R",
            "time": [0.0, 0.1, 0.1333, 0.1667, 0.2, 0.2333, 0.2667, 0.3, 0.3333, 0.4, 0.4667, 0.5667, 0.6333, 0.7, 0.7667, 0.8, 0.8333, 0.8667, 0.9, 0.9333, 0.9667, 1.0, 1.0333, 1.0667, 1.1, 1.1333, 1.1667, 1.2, 1.2333, 1.2667, 1.3, 1.3333, 1.3667, 1.4, 1.4333, 1.4667, 1.5, 1.5333, 1.5667, 1.6, 1.6333, 1.6667, 1.7, 1.7667, 1.8333, 1.8667, 1.9, 1.9333, 1.9667, 2.0, 2.0333, 2.0667, 2.1, 2.1333, 2.1667, 2.2, 2.2333, 2.2667, 2.3, 2.3333, 2.4, 2.6333, 2.8333, 2.9],
            "transform": [
                [0.232578, -0.968217, -0.092448, 0.209424, 0.423967, 0.01539, 0.905539, 0.074748, -0.875253, -0.249826, 0.414071, -0.096436, 0.0, 0.0, 0.0, 1.0],
                [0.275057, -0.954349, -0.116794, 0.177421, 0.445534, 0.018885, 0.895057, 0.057606, -0.85191, -0.298255, 0.43039, -0.078808, 0.0, 0.0, 0.0, 1.0],
                [0.30394, -0.928, -0.215658, 0.166754, 0.48481, -0.044194, 0.873492, 0.051892, -0.820055, -0.370075, 0.436472, -0.072932, 0.0, 0.0, 0.0, 1.0],
                [0.30722, -0.920882, -0.240134, 0.156087, 0.460506, -0.076957, 0.884304, 0.046179, -0.832741, -0.382295, 0.400429, -0.067055, 0.0, 0.0, 0.0, 1.0],
                [0.272541, -0.95476, -0.119307, 0.136611, 0.289723, -0.036805, 0.9564, 0.047841, -0.917437, -0.295252, 0.266584, -0.089095, 0.0, 0.0, 0.0, 1.0],
                [0.176056, -0.98433, -0.013674, 0.117135, 0.013765, -0.011429, 0.999842, 0.049504, -0.984237, -0.176232, 0.011537, -0.111135, 0.0, 0.0, 0.0, 1.0],
                [0.095687, -0.993222, -0.066692, 0.097659, -0.168167, -0.082171, 0.982328, 0.051166, -0.981056, -0.082788, -0.174891, -0.133175, 0.0, 0.0, 0.0, 1.0],
                [0.139304, -0.967751, -0.210093, 0.078182, -0.138448, -0.229123, 0.963504, 0.052828, -0.980477, -0.105143, -0.165901, -0.155216, 0.0, 0.0, 0.0, 1.0],
                [0.198183, -0.91573, -0.349628, 0.110694, -0.021068, -0.360619, 0.932483, 0.070801, -0.979892, -0.177453, -0.090762, -0.099481, 0.0, 0.0, 0.0, 1.0],
                [0.832628, -0.423275, -0.357102, 0.175718, -0.021116, -0.668682, 0.743278, 0.106747, -0.553346, -0.61139, -0.565701, 0.011988, 0.0, 0.0, 0.0, 1.0],
                [0.948248, -0.177898, -0.262866, 0.147884, 0.043807, -0.746937, 0.663491, 0.07176, -0.314348, -0.640729, -0.700487, 0.095089, 0.0, 0.0, 0.0, 1.0],
                [0.98879, 0.060876, -0.136006, 0.094987, 0.130293, -0.796078, 0.591052, 0.067469, -0.072284, -0.602203, -0.795085, 0.10464, 0.0, 0.0, 0.0, 1.0],
                [0.954159, 0.298957, -0.011395, 0.101996, 0.285079, -0.897173, 0.337461, 0.09072, 0.090655, -0.32527, -0.94127, 0.10475, 0.0, 0.0, 0.0, 1.0],
                [0.979233, 0.161169, 0.122648, 0.109005, 0.15192, -0.98509, 0.081301, 0.11397, 0.13391, -0.060986, -0.989114, 0.104862, 0.0, 0.0, 0.0, 1.0],
                [0.856912, -0.111672, 0.503156, 0.116015, -0.0296, -0.985346, -0.168254, 0.13722, 0.514524, 0.129298, -0.847659, 0.104974, 0.0, 0.0, 0.0, 1.0],
                [0.78021, -0.010541, 0.625383, 0.11952, 0.01249, -0.999444, -0.032428, 0.148846, 0.625318, 0.033115, -0.779644, 0.10503, 0.0, 0.0, 0.0, 1.0],
                [0.755676, -0.027092, 0.654345, 0.123025, -0.02745, -0.999624, -0.009679, 0.160471, 0.6543, -0.010648, -0.756135, 0.105085, 0.0, 0.0, 0.0, 1.0],
                [0.730603, -0.028067, 0.68219, 0.126529, -0.052438, -0.998558, 0.015086, 0.172096, 0.680718, -0.046799, -0.73102, 0.105141, 0.0, 0.0, 0.0, 1.0],
                [0.712686, -0.023453, 0.701058, 0.124266, -0.064525, -0.997443, 0.032237, 0.170229, 0.698443, -0.068216, -0.712376, 0.105399, 0.0, 0.0, 0.0, 1.0],
                [0.70179, -0.023004, 0.711981, 0.122002, -0.071917, -0.996707, 0.038695, 0.168361, 0.708679, -0.078366, -0.701133, 0.105658, 0.0, 0.0, 0.0, 1.0],
                [0.694186, -0.026381, 0.719281, 0.119738, -0.079653, -0.996053, 0.040353, 0.166494, 0.715309, -0.085313, -0.693547, 0.105916, 0.0, 0.0, 0.0, 1.0],
                [0.688524, -0.029972, 0.724564, 0.117475, -0.085829, -0.995539, 0.04039, 0.164627, 0.720052, -0.090006, -0.688024, 0.106174, 0.0, 0.0, 0.0, 1.0],
                [0.685478, -0.03367, 0.727285, 0.115211, -0.088233, -0.995456, 0.037089, 0.162759, 0.722663, -0.089603, -0.685334, 0.106431, 0.0, 0.0, 0.0, 1.0],
                [0.684201, -0.034786, 0.728433, 0.112947, -0.084313, -0.995984, 0.031643, 0.160892, 0.724338, -0.083075, -0.684386, 0.106691, 0.0, 0.0, 0.0, 1.0],
                [0.683235, -0.031014, 0.72951, 0.110683, -0.073243, -0.997018, 0.026222, 0.159025, 0.726452, -0.071354, -0.683468, 0.106949, 0.0, 0.0, 0.0, 1.0],
                [0.681673, -0.023443, 0.731252, 0.108419, -0.057859, -0.998131, 0.021946, 0.157157, 0.729302, -0.057275, -0.681755, 0.107207, 0.0, 0.0, 0.0, 1.0],
                [0.678994, -0.014229, 0.733977, 0.106156, -0.043448, -0.998887, 0.020836, 0.15529, 0.732793, -0.046041, -0.678856, 0.107466, 0.0, 0.0, 0.0, 1.0],
                [0.675035, -0.010077, 0.737688, 0.103891, -0.032616, -0.999384, 0.016199, 0.153423, 0.737001, -0.034998, -0.674948, 0.107724, 0.0, 0.0, 0.0, 1.0],
                [0.671032, -0.001074, 0.7414, 0.101628, -0.019962, -0.999711, 0.016621, 0.151555, 0.741096, -0.025955, -0.670858, 0.107982, 0.0, 0.0, 0.0, 1.0],
                [0.666467, 0.004201, 0.745496, 0.099363, -0.008944, -0.999915, 0.013631, 0.149688, 0.745418, -0.015754, -0.666372, 0.10824, 0.0, 0.0, 0.0, 1.0],
                [0.660628, 0.013743, 0.750561, 0.0971, 0.004065, -0.999932, 0.014729, 0.147821, 0.75064, -0.006679, -0.660639, 0.108499, 0.0, 0.0, 0.0, 1.0],
                [0.656242, 0.022483, 0.754189, 0.094836, 0.017581, -0.999789, 0.014503, 0.145953, 0.754283, 0.003743, -0.656498, 0.108758, 0.0, 0.0, 0.0, 1.0],
                [0.650602, 0.031025, 0.758759, 0.092572, 0.030882, -0.999468, 0.01438, 0.144086, 0.758728, 0.014078, -0.651214, 0.109015, 0.0, 0.0, 0.0, 1.0],
                [0.646977, 0.040383, 0.761414, 0.090307, 0.04618, -0.998887, 0.01373, 0.142218, 0.761048, 0.026282, -0.648121, 0.109274, 0.0, 0.0, 0.0, 1.0],
                [0.644815, 0.049808, 0.762689, 0.088044, 0.062329, -0.998026, 0.012471, 0.140351, 0.761731, 0.0395, -0.646646, 0.109532, 0.0, 0.0, 0.0, 1.0],
                [0.644452, 0.061388, 0.762151, 0.08578, 0.081244, -0.996675, 0.011566, 0.138484, 0.760254, 0.054472, -0.647297, 0.10979, 0.0, 0.0, 0.0, 1.0],
                [0.64589, 0.072864, 0.759921, 0.083517, 0.101544, -0.994837, 0.009065, 0.136616, 0.756585, 0.071318, -0.649954, 0.110049, 0.0, 0.0, 0.0, 1.0],
                [0.650258, 0.088113, 0.754561, 0.081252, 0.12439, -0.992243, 0.008651, 0.134749, 0.749398, 0.088243, -0.656174, 0.110308, 0.0, 0.0, 0.0, 1.0],
                [0.657549, 0.103738, 0.74621, 0.078989, 0.148038, -0.989004, 0.007017, 0.132882, 0.738661, 0.105864, -0.665675, 0.110565, 0.0, 0.0, 0.0, 1.0],
                [0.665947, 0.106116, 0.738386, 0.082421, 0.161788, -0.986864, -0.004118, 0.129692, 0.728179, 0.122216, -0.674367, 0.111135, 0.0, 0.0, 0.0, 1.0],
                [0.68227, 0.089846, 0.725529, 0.085853, 0.160329, -0.986696, -0.028607, 0.126502, 0.713238, 0.135854, -0.687597, 0.111705, 0.0, 0.0, 0.0, 1.0],
                [0.704717, 0.072096, 0.705783, 0.089286, 0.1517, -0.987174, -0.050654, 0.123313, 0.693012, 0.142779, -0.706615, 0.112275, 0.0, 0.0, 0.0, 1.0],
                [0.746556, 0.071451, 0.661436, 0.092718, 0.149054, -0.986952, -0.061646, 0.120123, 0.648339, 0.144626, -0.747464, 0.112845, 0.0, 0.0, 0.0, 1.0],
                [0.7958, 0.088515, 0.599008, 0.099584, 0.147759, -0.987787, -0.050369, 0.113744, 0.587178, 0.128605, -0.799158, 0.113984, 0.0, 0.0, 0.0, 1.0],
                [0.841197, 0.125513, 0.525898, 0.106448, 0.150445, -0.988654, -0.004732, 0.107365, 0.519288, 0.083108, -0.850534, 0.115124, 0.0, 0.0, 0.0, 1.0],
                [0.902069, 0.221868, 0.370103, 0.10988, 0.08506, -0.932349, 0.351529, 0.104175, 0.423018, -0.285648, -0.859914, 0.115692, 0.0, 0.0, 0.0, 1.0],
                [0.919027, 0.214498, 0.330617, 0.113313, -0.006194, -0.830995, 0.556305, 0.100985, 0.394031, -0.513354, -0.762377, 0.116261, 0.0, 0.0, 0.0, 1.0],
                [0.93028, 0.155912, 0.331951, 0.116745, -0.110459, -0.744017, 0.659007, 0.097796, 0.349691, -0.649789, -0.674922, 0.116833, 0.0, 0.0, 0.0, 1.0],
                [0.935633, 0.085589, 0.342326, 0.120178, -0.182689, -0.712513, 0.677492, 0.094606, 0.301869, -0.696488, -0.651014, 0.117401, 0.0, 0.0, 0.0, 1.0],
                [0.936835, 0.04756, 0.346406, 0.12361, -0.208313, -0.719787, 0.662237, 0.091416, 0.280808, -0.692632, -0.664414, 0.117971, 0.0, 0.0, 0.0, 1.0],
                [0.939632, 0.047837, 0.338706, 0.127043, -0.185774, -0.760074, 0.622757, 0.088227, 0.287206, -0.648146, -0.705303, 0.118542, 0.0, 0.0, 0.0, 1.0],
                [0.940763, 0.052438, 0.334865, 0.130475, -0.164887, -0.792397, 0.587347, 0.085037, 0.296117, -0.607826, -0.736811, 0.119111, 0.0, 0.0, 0.0, 1.0],
                [0.939362, 0.058524, 0.337778, 0.133907, -0.148329, -0.818949, 0.554421, 0.081848, 0.309041, -0.570957, -0.760608, 0.119679, 0.0, 0.0, 0.0, 1.0],
                [0.936759, 0.06712, 0.343361, 0.13734, -0.132358, -0.840524, 0.525421, 0.078658, 0.323839, -0.53769, -0.778483, 0.12025, 0.0, 0.0, 0.0, 1.0],
                [0.932545, 0.074975, 0.353069, 0.137866, -0.119128, -0.859476, 0.497172, 0.070137, 0.340698, -0.505743, -0.792567, 0.114895, 0.0, 0.0, 0.0, 1.0],
                [0.926816, 0.08503, 0.365655, 0.138393, -0.105167, -0.876243, 0.470331, 0.061616, 0.360361, -0.474409, -0.803172, 0.109538, 0.0, 0.0, 0.0, 1.0],
                [0.920638, 0.094135, 0.378798, 0.138919, -0.09244, -0.890328, 0.445922, 0.053095, 0.379196, -0.44559, -0.810967, 0.104181, 0.0, 0.0, 0.0, 1.0],
                [0.912717, 0.10316, 0.39526, 0.139445, -0.079622, -0.904146, 0.41983, 0.044574, 0.400645, -0.414696, -0.817014, 0.098825, 0.0, 0.0, 0.0, 1.0],
                [0.902562, 0.111989, 0.41565, 0.139972, -0.069001, -0.915489, 0.396483, 0.036053, 0.424885, -0.386567, -0.818558, 0.09347, 0.0, 0.0, 0.0, 1.0],
                [0.892011, 0.117505, 0.43639, 0.140498, -0.058419, -0.927571, 0.369164, 0.027531, 0.448119, -0.354825, -0.820537, 0.088114, 0.0, 0.0, 0.0, 1.0],
                [0.902325, 0.105397, 0.417899, 0.141551, -0.033436, -0.949635, 0.311686, 0.010489, 0.429669, -0.295238, -0.853353, 0.077402, 0.0, 0.0, 0.0, 1.0],
                [0.935501, 0.073896, 0.345486, 0.135472, 0.043145, -0.99447, 0.095873, -0.020666, 0.350652, -0.074785, -0.933514, 0.038417, 0.0, 0.0, 0.0, 1.0],
                [0.945447, 0.067352, 0.318736, 0.133847, 0.064631, -0.997728, 0.01912, 0.001085, 0.319298, 0.002523, -0.947651, 0.043038, 0.0, 0.0, 0.0, 1.0],
                [0.945447, 0.067352, 0.318736, 0.133847, 0.064631, -0.997728, 0.01912, 0.001085, 0.319299, 0.002523, -0.947651, 0.043038, 0.0, 0.0, 0.0, 1.0]
            ]
        },
        {
            "name": "Leg_R",
            "time": [0.0, 0.1, 0.1333, 0.1667, 0.2, 0.2333, 0.2667, 0.3, 0.3333, 0.4, 0.4667, 0.5667, 0.6333, 0.7, 0.7667, 0.8, 0.8333, 0.8667, 0.9, 0.9333, 0.9667, 1.0, 1.0333, 1.0667, 1.1, 1.1333, 1.1667, 1.2, 1.2333, 1.2667, 1.3, 1.3333, 1.3667, 1.4, 1.4333, 1.4667, 1.5, 1.5333, 1.5667, 1.6, 1.6333, 1.6667, 1.7, 1.7667, 1.8333, 1.8667, 1.9, 1.9333, 1.9667, 2.0, 2.0333, 2.0667, 2.1, 2.1333, 2.1667, 2.2, 2.2333, 2.2667, 2.3, 2.3333, 2.6333, 2.8333, 2.9],
            "transform": [
                [0.999955, -0.001889, -0.000506, 0.0, -0.000505, -0.499652, 0.866225, 0.37472, -0.001889, -0.866305, -0.499605, -0.0, 0.0, 0.0, 0.0, 1.0],
                [0.999955, -0.001877, -0.000551, 0.0, -0.00055, -0.540262, 0.841501, 0.37472, -0.001877, -0.841575, -0.540213, -0.0, 0.0, 0.0, 0.0, 1.0],
                [0.999955, -0.001894, -0.000487, -0.0, -0.000487, -0.482223, 0.876044, 0.37472, -0.001894, -0.876127, -0.482177, 0.0, 0.0, 0.0, 0.0, 1.0],
                [0.999955, -0.001903, -0.00045, -0.0, -0.00045, -0.447924, 0.894064, 0.37472, -0.001903, -0.894149, -0.44788, 0.0, 0.0, 0.0, 0.0, 1.0],
                [0.999955, -0.001883, -0.000529, 0.0, -0.000528, -0.520172, 0.854063, 0.37472, -0.001883, -0.85414, -0.520124, 0.0, 0.0, 0.0, 0.0, 1.0],
                [0.999956, -0.001859, -0.000608, 0.0, -0.000607, -0.590487, 0.807058, 0.37472, -0.001859, -0.807126, -0.590436, 0.0, 0.0, 0.0, 0.0, 1.0],
                [0.999955, -0.001863, -0.000594, -0.0, -0.000593, -0.578655, 0.815582, 0.37472, -0.001864, -0.815651, -0.578605, 0.0, 0.0, 0.0, 0.0, 1.0],
                [0.999955, -0.00191, -0.000423, -0.0, -0.000423, -0.422222, 0.906481, 0.37472, -0.00191, -0.906571, -0.422179, -0.0, 0.0, 0.0, 0.0, 1.0],
                [0.999955, -0.001952, -0.00013, -0.0, -0.000129, -0.132116, 0.9912, 0.37472, -0.001952, -0.991314, -0.132101, -0.0, 0.0, 0.0, 0.0, 1.0],
                [0.999956, 9.8e-05, -2e-05, -0.0, -2.1e-05, 0.396242, 0.918138, 0.37472, 9.8e-05, -0.918218, 0.396208, 1e-06, 0.0, 0.0, 0.0, 1.0],
                [0.999956, 0.000768, -0.000233, -0.0, -0.000234, 0.556772, 0.830675, 0.37472, 0.000768, -0.830739, 0.556729, 0.0, 0.0, 0.0, 0.0, 1.0],
                [0.999955, 0.001378, -0.000557, 0.0, -0.000559, 0.696225, 0.717854, 0.374721, 0.001377, -0.717901, 0.696178, -1e-06, 0.0, 0.0, 0.0, 1.0],
                [0.999955, 0.001824, -0.0007, 0.0, -0.000701, 0.669428, 0.742901, 0.37472, 0.001823, -0.742956, 0.669378, 0.0, 0.0, 0.0, 0.0, 1.0],
                [0.999954, 0.001902, -0.000448, -0.0, -0.000448, 0.446474, 0.894789, 0.37472, 0.001901, -0.894876, 0.446429, 0.0, 0.0, 0.0, 0.0, 1.0],
                [0.999954, 0.001952, -6e-05, -0.0, -6e-05, 0.061554, 0.998067, 0.37472, 0.001952, -0.998185, 0.061547, 0.0, 0.0, 0.0, 0.0, 1.0],
                [0.999954, 0.001943, 0.000195, 0.0, 0.000194, -0.198168, 0.980137, 0.37472, 0.001943, -0.980249, -0.198145, -0.0, 0.0, 0.0, 0.0, 1.0],
                [0.999955, 0.00194, 0.000226, 0.0, 0.000226, -0.230224, 0.973109, 0.37472, 0.00194, -0.973217, -0.230198, 0.0, 0.0, 0.0, 0.0, 1.0],
                [0.999954, 0.001937, 0.000248, 0.0, 0.000247, -0.251505, 0.967829, 0.37472, 0.001937, -0.967936, -0.251476, -1e-06, 0.0, 0.0, 0.0, 1.0],
                [0.999954, 0.001935, 0.00026, -0.0, 0.00026, -0.264131, 0.96446, 0.37472, 0.001935, -0.964567, -0.264101, 1e-06, 0.0, 0.0, 0.0, 1.0],
                [0.999954, 0.001934, 0.000268, -0.0, 0.000268, -0.271654, 0.962369, 0.37472, 0.001934, -0.962475, -0.271623, 0.0, 0.0, 0.0, 0.0, 1.0],
                [0.999953, 0.001934, 0.000271, -0.0, 0.00027, -0.274157, 0.961659, 0.37472, 0.001934, -0.961766, -0.274126, -1e-06, 0.0, 0.0, 0.0, 1.0],
                [0.999954, 0.001934, 0.000273, -0.0, 0.000273, -0.276652, 0.960944, 0.37472, 0.001933, -0.96105, -0.276621, -0.0, 0.0, 0.0, 0.0, 1.0],
                [0.999954, 0.001934, 0.00027, 0.0, 0.00027, -0.273736, 0.961779, 0.37472, 0.001934, -0.961885, -0.273705, -0.0, 0.0, 0.0, 0.0, 1.0],
                [0.999954, 0.001934, 0.000267, -0.0, 0.000266, -0.270822, 0.962603, 0.37472, 0.001934, -0.96271, -0.270791, 1e-06, 0.0, 0.0, 0.0, 1.0],
                [0.999954, 0.001936, 0.000261, 0.0, 0.00026, -0.264122, 0.964463, 0.37472, 0.001936, -0.96457, -0.264093, 0.0, 0.0, 0.0, 0.0, 1.0],
                [0.999954, 0.001936, 0.000254, 0.0, 0.000253, -0.257407, 0.966276, 0.37472, 0.001936, -0.966383, -0.257378, -0.0, 0.0, 0.0, 0.0, 1.0],
                [0.999954, 0.001936, 0.000251, -0.0, 0.00025, -0.254465, 0.967054, 0.37472, 0.001936, -0.967162, -0.254437, -1e-06, 0.0, 0.0, 0.0, 1.0],
                [0.999954, 0.001937, 0.000248, -0.0, 0.000247, -0.251516, 0.967826, 0.37472, 0.001937, -0.967933, -0.251488, -0.0, 0.0, 0.0, 0.0, 1.0],
                [0.999954, 0.001937, 0.000247, -0.0, 0.000246, -0.250456, 0.9681, 0.37472, 0.001937, -0.968208, -0.250428, 0.0, 0.0, 0.0, 0.0, 1.0],
                [0.999954, 0.001937, 0.000245, 0.0, 0.000245, -0.249403, 0.968372, 0.37472, 0.001937, -0.96848, -0.249375, -0.0, 0.0, 0.0, 0.0, 1.0],
                [0.999954, 0.001937, 0.000244, -0.0, 0.000244, -0.248311, 0.968652, 0.37472, 0.001937, -0.968761, -0.248283, 0.0, 0.0, 0.0, 0.0, 1.0],
                [0.999954, 0.001938, 0.000243, 0.0, 0.000243, -0.247245, 0.968925, 0.37472, 0.001938, -0.969034, -0.247217, 1e-06, 0.0, 0.0, 0.0, 1.0],
                [0.999954, 0.001937, 0.00024, 0.0, 0.000239, -0.243422, 0.969892, 0.37472, 0.001937, -0.970001, -0.243395, 0.0, 0.0, 0.0, 0.0, 1.0],
                [0.999954, 0.001939, 0.000236, -0.0, 0.000235, -0.239558, 0.970853, 0.37472, 0.001939, -0.970962, -0.239531, 0.0, 0.0, 0.0, 0.0, 1.0],
                [0.999954, 0.00194, 0.000226, -0.0, 0.000226, -0.230186, 0.973117, 0.37472, 0.00194, -0.973227, -0.23016, -1e-06, 0.0, 0.0, 0.0, 1.0],
                [0.999955, 0.001941, 0.000217, 0.0, 0.000217, -0.220746, 0.975302, 0.37472, 0.00194, -0.975412, -0.22072, 0.0, 0.0, 0.0, 0.0, 1.0],
                [0.999954, 0.001942, 0.000203, 0.0, 0.000202, -0.206018, 0.978517, 0.37472, 0.001942, -0.978628, -0.205994, 0.0, 0.0, 0.0, 0.0, 1.0],
                [0.999954, 0.001944, 0.000183, 0.0, 0.000183, -0.186748, 0.982376, 0.37472, 0.001943, -0.982488, -0.186726, 0.0, 0.0, 0.0, 0.0, 1.0],
                [0.999954, 0.001946, 0.000161, 0.0, 0.00016, -0.163677, 0.986481, 0.37472, 0.001945, -0.986594, -0.163658, -0.0, 0.0, 0.0, 0.0, 1.0],
                [0.999954, 0.001949, 0.000131, 0.0, 0.000131, -0.13393, 0.990956, 0.37472, 0.001948, -0.991071, -0.133915, -0.0, 0.0, 0.0, 0.0, 1.0],
                [0.999955, 0.001951, 8.9e-05, 0.0, 8.8e-05, -0.090665, 0.995846, 0.37472, 0.001951, -0.995961, -0.090654, 0.0, 0.0, 0.0, 0.0, 1.0],
                [0.999954, 0.001953, 4.2e-05, 0.0, 4.1e-05, -0.042454, 0.999062, 0.37472, 0.001953, -0.999179, -0.042449, -0.0, 0.0, 0.0, 0.0, 1.0],
                [0.999955, 0.001954, -5e-06, -0.0, -6e-06, 0.005855, 0.999946, 0.37472, 0.001953, -1.000062, 0.005854, 1e-06, 0.0, 0.0, 0.0, 1.0],
                [0.999954, 0.001953, -4.5e-05, -0.0, -4.7e-05, 0.047308, 0.998844, 0.37472, 0.001952, -0.998961, 0.047303, -0.0, 0.0, 0.0, 0.0, 1.0],
                [0.999954, 0.001952, -6.9e-05, -0.0, -7e-05, 0.071003, 0.99744, 0.37472, 0.001952, -0.997556, 0.070995, 0.0, 0.0, 0.0, 0.0, 1.0],
                [0.999955, 0.001953, 3.8e-05, 0.0, 3.7e-05, -0.0387, 0.999214, 0.37472, 0.001953, -0.999331, -0.038695, -1e-06, 0.0, 0.0, 0.0, 1.0],
                [0.999954, 0.001952, 3.7e-05, 0.0, 3.7e-05, -0.037742, 0.999251, 0.37472, 0.001952, -0.999368, -0.037738, 0.0, 0.0, 0.0, 0.0, 1.0],
                [0.999954, 0.001951, -8.1e-05, 0.0, -8.2e-05, 0.0832, 0.996497, 0.37472, 0.001951, -0.996613, 0.08319, -0.0, 0.0, 0.0, 0.0, 1.0],
                [0.999954, 0.001935, -0.000259, -0.0, -0.00026, 0.263289, 0.96469, 0.37472, 0.001935, -0.964797, 0.26326, 0.0, 0.0, 0.0, 0.0, 1.0],
                [0.999955, 0.001914, -0.000391, -0.0, -0.000392, 0.392892, 0.91957, 0.37472, 0.001913, -0.919664, 0.392851, -0.0, 0.0, 0.0, 0.0, 1.0],
                [0.999954, 0.0019, -0.00045, 0.0, -0.000451, 0.449376, 0.893335, 0.37472, 0.0019, -0.893422, 0.449331, 1e-06, 0.0, 0.0, 0.0, 1.0],
                [0.999954, 0.001887, -0.000502, 0.0, -0.000503, 0.497576, 0.867419, 0.37472, 0.001887, -0.8675, 0.497528, -1e-06, 0.0, 0.0, 0.0, 1.0],
                [0.999954, 0.001875, -0.000546, -0.0, -0.000548, 0.537609, 0.843198, 0.37472, 0.001875, -0.843274, 0.53756, 1e-06, 0.0, 0.0, 0.0, 1.0],
                [0.999954, 0.001864, -0.000583, -0.0, -0.000584, 0.570234, 0.821491, 0.37472, 0.001863, -0.821562, 0.570184, -0.0, 0.0, 0.0, 0.0, 1.0],
                [0.999953, 0.001854, -0.000614, -0.0, -0.000616, 0.597957, 0.801542, 0.37472, 0.001853, -0.801609, 0.597906, 0.0, 0.0, 0.0, 0.0, 1.0],
                [0.999954, 0.001844, -0.000643, 0.0, -0.000645, 0.622772, 0.782421, 0.37472, 0.001844, -0.782483, 0.622721, -0.0, 0.0, 0.0, 0.0, 1.0],
                [0.999954, 0.001835, -0.000672, -0.0, -0.000674, 0.646981, 0.762527, 0.37472, 0.001834, -0.762585, 0.64693, 0.0, 0.0, 0.0, 0.0, 1.0],
                [0.999954, 0.001823, -0.000701, 0.0, -0.000702, 0.670551, 0.741888, 0.37472, 0.001822, -0.741943, 0.6705, -1e-06, 0.0, 0.0, 0.0, 1.0],
                [0.999954, 0.001809, -0.000736, 0.0, -0.000737, 0.698533, 0.715608, 0.37472, 0.001809, -0.715658, 0.698483, -0.0, 0.0, 0.0, 0.0, 1.0],
                [0.999954, 0.001794, -0.000774, -0.0, -0.000776, 0.728096, 0.685512, 0.37472, 0.001793, -0.685557, 0.728046, 0.0, 0.0, 0.0, 0.0, 1.0],
                [0.999991, 0.001659, -0.001043, -0.0, -0.001045, 0.901781, 0.432209, 0.37472, 0.001658, -0.432213, 0.90177, -0.0, 0.0, 0.0, 0.0, 1.0],
                [1.000001, 0.001609, -0.001107, -0.0, -0.001108, 0.934116, 0.356961, 0.37472, 0.001608, -0.356958, 0.934119, -0.0, 0.0, 0.0, 0.0, 1.0],
                [1.000001, 0.001609, -0.001107, 0.0, -0.001108, 0.934116, 0.356961, 0.37472, 0.001608, -0.356958, 0.934119, 0.0, 0.0, 0.0, 0.0, 1.0]
            ]
        },
        {
            "name": "Knee_R",
            "time": [0.0, 0.4, 0.4667, 0.5667, 2.8333, 2.9],
            "transform": [
                [1.0, 0.0, -0.0, 0.0, -0.0, 1e-06, -1.0, 0.37472, -0.0, 1.0, 1e-06, -0.0, 0.0, 0.0, 0.0, 1.0],
                [1.0, 0.0, -0.0, -0.0, -0.0, 1e-06, -1.0, 0.37472, -0.0, 1.0, 1e-06, 1e-06, 0.0, 0.0, 0.0, 1.0],
                [1.0, 0.0, -0.0, -0.0, -0.0, 1e-06, -1.0, 0.37472, -0.0, 1.0, 1e-06, 0.0, 0.0, 0.0, 0.0, 1.0],
                [1.0, 0.0, -0.0, 0.0, -0.0, 1e-06, -1.0, 0.374721, -0.0, 1.0, 1e-06, -1e-06, 0.0, 0.0, 0.0, 1.0],
                [1.0, -0.0, -0.0, -0.0, -0.0, 1e-06, -1.0, 0.37472, -0.0, 1.0, 1e-06, -0.0, 0.0, 0.0, 0.0, 1.0],
                [1.0, 0.0, -0.0, 0.0, -0.0, 1e-06, -1.0, 0.37472, -0.0, 1.0, 1e-06, 0.0, 0.0, 0.0, 0.0, 1.0]
            ]
        },
        {
            "name": "Thigh_L",
            "time": [0.0, 0.1, 0.1333, 0.1667, 0.2, 0.2333, 0.2667, 0.3, 0.3333, 0.4, 0.4667, 0.5667, 0.6333, 0.7, 0.7667, 0.8, 0.8333, 0.8667, 0.9, 0.9333, 0.9667, 1.0, 1.0333, 1.0667, 1.1, 1.1333, 1.1667, 1.2, 1.2333, 1.2667, 1.3, 1.3333, 1.3667, 1.4, 1.4333, 1.4667, 1.5, 1.5333, 1.5667, 1.6, 1.6333, 1.6667, 1.7, 1.7667, 1.8333, 1.8667, 1.9, 1.9333, 1.9667, 2.0, 2.0333, 2.0667, 2.1, 2.1333, 2.1667, 2.2, 2.2333, 2.2667, 2.3, 2.3333, 2.6333, 2.8333, 2.9],
            "transform": [
                [0.096376, -0.988025, -0.120498, -0.007925, 0.259089, -0.091986, 0.961464, -0.053362, -0.961031, -0.123882, 0.247121, 0.089128, 0.0, 0.0, 0.0, 1.0],
                [0.147939, -0.987881, -0.046982, 0.002871, 0.39567, 0.015582, 0.918262, -0.00053, -0.906397, -0.154437, 0.393181, 0.102673, 0.0, 0.0, 0.0, 1.0],
                [0.176751, -0.979606, -0.095575, 0.00647, 0.479045, 0.000794, 0.877791, 0.017081, -0.859808, -0.200936, 0.469417, 0.107189, 0.0, 0.0, 0.0, 1.0],
                [0.103024, -0.839808, -0.533019, 0.010069, 0.398589, -0.456108, 0.795672, 0.034692, -0.911323, -0.294429, 0.287748, 0.111704, 0.0, 0.0, 0.0, 1.0],
                [0.009057, -0.587096, -0.809468, 0.011988, 0.355058, -0.754863, 0.551467, 0.037921, -0.9348, -0.292402, 0.201617, 0.122844, 0.0, 0.0, 0.0, 1.0],
                [-0.06438, -0.183706, -0.980872, 0.013908, 0.228165, -0.959584, 0.164743, 0.04115, -0.97149, -0.213194, 0.103694, 0.133984, 0.0, 0.0, 0.0, 1.0],
                [-0.03935, -0.040764, -0.998395, 0.015828, 0.119734, -0.992162, 0.03579, 0.044379, -0.992023, -0.118133, 0.043923, 0.145123, 0.0, 0.0, 0.0, 1.0],
                [0.075623, -0.484256, -0.871653, 0.017749, 0.098554, -0.866245, 0.489803, 0.047608, -0.992253, -0.122944, -0.017783, 0.156263, 0.0, 0.0, 0.0, 1.0],
                [0.1931, -0.942926, -0.271301, 0.019669, 0.009459, -0.274703, 0.961484, 0.050837, -0.981132, -0.188229, -0.044127, 0.167403, 0.0, 0.0, 0.0, 1.0],
                [0.763038, -0.642645, -0.069134, -0.034806, -0.030075, -0.142145, 0.98939, 0.052233, -0.645653, -0.752862, -0.127791, 0.05238, 0.0, 0.0, 0.0, 1.0],
                [0.888564, -0.458689, 0.0076, -0.089281, -0.063065, -0.105726, 0.992395, 0.053627, -0.454397, -0.882284, -0.122873, -0.062644, 0.0, 0.0, 0.0, 1.0],
                [0.963633, -0.255282, 0.079019, -0.014132, -0.102042, -0.078221, 0.991701, 0.035003, -0.246982, -0.963696, -0.101427, -0.08536, 0.0, 0.0, 0.0, 1.0],
                [0.974461, -0.086115, 0.207389, -0.017801, -0.197518, 0.110662, 0.974035, -0.021363, -0.106829, -0.990118, 0.090826, -0.050045, 0.0, 0.0, 0.0, 1.0],
                [0.986887, -0.101113, 0.125822, -0.021471, -0.125539, 0.009169, 0.992048, -0.077729, -0.101462, -0.994831, -0.003645, -0.014728, 0.0, 0.0, 0.0, 1.0],
                [0.998091, 0.059634, 0.016088, -0.063211, -0.005552, -0.172783, 0.984946, -0.055672, 0.061516, -0.983151, -0.172123, 0.010387, 0.0, 0.0, 0.0, 1.0],
                [0.989633, 0.116542, -0.083941, -0.08408, 0.10131, -0.152158, 0.983151, -0.044643, 0.101806, -0.981459, -0.162388, 0.022946, 0.0, 0.0, 0.0, 1.0],
                [0.980005, 0.185579, -0.071765, -0.10495, 0.104237, -0.171621, 0.979634, -0.033614, 0.169483, -0.967525, -0.187534, 0.035503, 0.0, 0.0, 0.0, 1.0],
                [0.969136, 0.241044, -0.051717, -0.122133, 0.100918, -0.196493, 0.975299, -0.022539, 0.224928, -0.950413, -0.214755, 0.024363, 0.0, 0.0, 0.0, 1.0],
                [0.960548, 0.275442, -0.038472, -0.139315, 0.100212, -0.21374, 0.971738, -0.011464, 0.259435, -0.937253, -0.232911, 0.013222, 0.0, 0.0, 0.0, 1.0],
                [0.954084, 0.297807, -0.032153, -0.156497, 0.101312, -0.219816, 0.970267, -0.00039, 0.281885, -0.928971, -0.239895, 0.00208, 0.0, 0.0, 0.0, 1.0],
                [0.948028, 0.317118, -0.026068, -0.173679, 0.101979, -0.225215, 0.968958, 0.010685, 0.301403, -0.921255, -0.245851, -0.009061, 0.0, 0.0, 0.0, 1.0],
                [0.942931, 0.332348, -0.020682, -0.190861, 0.101524, -0.227775, 0.968408, 0.021759, 0.317138, -0.915237, -0.248519, -0.0202, 0.0, 0.0, 0.0, 1.0],
                [0.939942, 0.340811, -0.018935, -0.190396, 0.101857, -0.227105, 0.96853, 0.02251, 0.325785, -0.912287, -0.248181, -0.019193, 0.0, 0.0, 0.0, 1.0],
                [0.939259, 0.342502, -0.022014, -0.189931, 0.105134, -0.226066, 0.968423, 0.02326, 0.326711, -0.911911, -0.248345, -0.018184, 0.0, 0.0, 0.0, 1.0],
                [0.941437, 0.335908, -0.029393, -0.189465, 0.109359, -0.221707, 0.968963, 0.024011, 0.318966, -0.915428, -0.245459, -0.017175, 0.0, 0.0, 0.0, 1.0],
                [0.94488, 0.324938, -0.040224, -0.189, 0.114863, -0.21392, 0.970076, 0.024761, 0.30661, -0.921222, -0.239454, -0.016167, 0.0, 0.0, 0.0, 1.0],
                [0.947285, 0.315206, -0.05741, -0.188534, 0.126247, -0.202535, 0.971104, 0.025511, 0.294471, -0.927157, -0.231653, -0.015159, 0.0, 0.0, 0.0, 1.0],
                [0.949458, 0.306137, -0.069356, -0.18807, 0.132324, -0.189994, 0.972828, 0.026262, 0.284641, -0.932834, -0.220902, -0.01415, 0.0, 0.0, 0.0, 1.0],
                [0.950946, 0.297119, -0.086161, -0.187603, 0.142866, -0.174745, 0.974195, 0.027012, 0.274396, -0.938712, -0.208622, -0.013142, 0.0, 0.0, 0.0, 1.0],
                [0.952079, 0.290047, -0.097051, -0.187139, 0.14804, -0.159347, 0.976061, 0.027762, 0.267639, -0.943651, -0.194651, -0.012133, 0.0, 0.0, 0.0, 1.0],
                [0.951911, 0.288373, -0.10347, -0.186673, 0.149014, -0.140701, 0.978775, 0.028512, 0.267694, -0.947122, -0.176907, -0.011124, 0.0, 0.0, 0.0, 1.0],
                [0.951656, 0.288913, -0.104314, -0.186208, 0.144709, -0.122132, 0.981909, 0.029263, 0.270947, -0.949531, -0.158037, -0.010116, 0.0, 0.0, 0.0, 1.0],
                [0.951801, 0.289724, -0.100663, -0.185743, 0.135749, -0.103621, 0.985311, 0.030013, 0.275038, -0.951483, -0.137957, -0.009107, 0.0, 0.0, 0.0, 1.0],
                [0.952225, 0.289577, -0.097028, -0.185278, 0.126546, -0.084973, 0.988316, 0.030763, 0.277949, -0.953373, -0.117559, -0.008098, 0.0, 0.0, 0.0, 1.0],
                [0.953447, 0.28756, -0.09082, -0.184812, 0.115066, -0.068533, 0.990992, 0.031514, 0.278745, -0.955307, -0.098432, -0.007089, 0.0, 0.0, 0.0, 1.0],
                [0.95573, 0.281365, -0.086105, -0.184347, 0.105282, -0.053734, 0.992991, 0.032264, 0.274766, -0.958094, -0.080978, -0.006081, 0.0, 0.0, 0.0, 1.0],
                [0.959388, 0.27051, -0.080001, -0.183881, 0.094691, -0.041674, 0.994636, 0.033014, 0.265725, -0.961813, -0.065597, -0.005073, 0.0, 0.0, 0.0, 1.0],
                [0.964258, 0.25377, -0.076198, -0.183416, 0.087153, -0.032193, 0.995677, 0.033764, 0.250219, -0.966727, -0.05316, -0.004064, 0.0, 0.0, 0.0, 1.0],
                [0.970469, 0.2304, -0.07145, -0.18295, 0.080034, -0.028117, 0.996397, 0.034515, 0.22756, -0.972688, -0.045727, -0.003055, 0.0, 0.0, 0.0, 1.0],
                [0.977254, 0.202144, -0.064134, -0.182485, 0.072702, -0.03524, 0.996733, 0.035265, 0.199223, -0.97872, -0.049135, -0.002047, 0.0, 0.0, 0.0, 1.0],
                [0.983988, 0.170357, -0.052403, -0.18202, 0.0607, -0.043859, 0.997193, 0.036015, 0.167581, -0.984404, -0.053498, -0.001038, 0.0, 0.0, 0.0, 1.0],
                [0.989565, 0.14157, -0.02683, -0.172157, 0.035863, -0.061639, 0.997455, 0.038025, 0.139556, -0.988005, -0.066073, 0.004316, 0.0, 0.0, 0.0, 1.0],
                [0.994702, 0.102059, 0.012355, -0.162296, -0.001495, -0.105809, 0.994387, 0.040034, 0.102793, -0.989133, -0.105097, 0.009669, 0.0, 0.0, 0.0, 1.0],
                [0.996226, 0.06429, 0.058318, -0.142571, -0.046184, -0.176263, 0.98326, 0.044052, 0.073493, -0.98224, -0.17263, 0.020377, 0.0, 0.0, 0.0, 1.0],
                [0.994486, 0.033413, 0.099406, -0.122848, -0.0868, -0.269686, 0.959029, 0.048071, 0.058853, -0.962367, -0.265299, 0.031085, 0.0, 0.0, 0.0, 1.0],
                [0.99062, -0.00076, 0.136654, -0.112986, -0.118423, -0.503807, 0.85566, 0.05008, 0.068197, -0.863813, -0.499173, 0.036437, 0.0, 0.0, 0.0, 1.0],
                [0.991897, -0.001056, 0.127048, -0.122663, -0.101393, -0.609155, 0.786542, 0.041285, 0.076561, -0.793048, -0.604327, 0.028125, 0.0, 0.0, 0.0, 1.0],
                [0.994213, 0.006761, 0.107215, -0.13234, -0.07207, -0.698123, 0.712341, 0.03249, 0.079666, -0.715945, -0.693597, 0.019814, 0.0, 0.0, 0.0, 1.0],
                [0.996238, 0.019996, 0.084322, -0.142017, -0.038694, -0.767996, 0.639284, 0.023695, 0.077543, -0.640141, -0.764334, 0.011502, 0.0, 0.0, 0.0, 1.0],
                [0.997311, 0.035975, 0.063848, -0.151694, -0.008174, -0.811184, 0.584733, 0.014899, 0.072828, -0.583681, -0.80871, 0.003189, 0.0, 0.0, 0.0, 1.0],
                [0.997721, 0.047197, 0.048242, -0.150581, 0.013886, -0.843069, 0.537623, 0.014469, 0.066045, -0.535727, -0.841804, 0.003044, 0.0, 0.0, 0.0, 1.0],
                [0.997789, 0.05703, 0.034165, -0.149468, 0.032675, -0.868245, 0.495057, 0.01404, 0.057897, -0.492845, -0.868189, 0.002898, 0.0, 0.0, 0.0, 1.0],
                [0.997744, 0.06241, 0.024766, -0.148355, 0.044211, -0.888238, 0.457251, 0.01361, 0.050535, -0.455123, -0.888994, 0.002752, 0.0, 0.0, 0.0, 1.0],
                [0.997732, 0.065504, 0.015544, -0.147242, 0.05279, -0.904501, 0.42319, 0.013181, 0.04178, -0.421409, -0.905908, 0.002606, 0.0, 0.0, 0.0, 1.0],
                [0.997758, 0.066491, 0.007694, -0.146129, 0.058167, -0.918184, 0.39186, 0.012751, 0.03312, -0.390533, -0.919993, 0.002461, 0.0, 0.0, 0.0, 1.0],
                [0.997931, 0.064273, 0.002011, -0.145016, 0.059187, -0.930286, 0.362027, 0.012321, 0.02514, -0.361158, -0.932165, 0.002315, 0.0, 0.0, 0.0, 1.0],
                [0.998085, 0.061776, -0.003473, -0.143903, 0.059365, -0.940271, 0.335208, 0.011892, 0.017443, -0.334771, -0.942138, 0.002169, 0.0, 0.0, 0.0, 1.0],
                [0.99819, 0.059473, -0.008999, -0.14279, 0.05935, -0.949494, 0.30812, 0.011462, 0.00978, -0.308095, -0.951305, 0.002023, 0.0, 0.0, 0.0, 1.0],
                [0.99832, 0.056809, -0.011385, -0.141677, 0.057706, -0.957305, 0.28326, 0.011033, 0.005192, -0.28344, -0.958976, 0.001878, 0.0, 0.0, 0.0, 1.0],
                [0.998436, 0.054165, -0.013818, -0.140564, 0.055897, -0.964469, 0.258216, 0.010603, 0.00066, -0.258584, -0.965989, 0.001733, 0.0, 0.0, 0.0, 1.0],
                [0.965048, -0.03795, -0.25917, -0.130547, 0.033088, -0.963898, 0.264347, 0.006736, -0.259825, -0.263704, -0.928952, 0.000422, 0.0, 0.0, 0.0, 1.0],
                [0.944631, -0.062395, -0.322013, -0.125095, 0.027356, -0.963382, 0.266909, 0.007652, -0.326842, -0.260965, -0.908332, 0.000655, 0.0, 0.0, 0.0, 1.0],
                [0.944631, -0.062395, -0.322013, -0.125095, 0.027356, -0.963382, 0.266909, 0.007652, -0.326842, -0.260965, -0.908332, 0.000654, 0.0, 0.0, 0.0, 1.0]
            ]
        },
        {
            "name": "Leg_L",
            "time": [0.0, 0.1, 0.1333, 0.1667, 0.2, 0.2333, 0.2667, 0.3, 0.3333, 0.4, 0.4667, 0.5667, 0.6333, 0.7, 0.7667, 0.8, 0.8333, 0.8667, 0.9, 0.9333, 0.9667, 1.0, 1.0333, 1.0667, 1.1, 1.1333, 1.1667, 1.2, 1.2333, 1.2667, 1.3, 1.3333, 1.3667, 1.4, 1.4333, 1.4667, 1.5, 1.5333, 1.5667, 1.6, 1.6333, 1.6667, 1.7, 1.7667, 1.8333, 1.8667, 1.9, 1.9333, 1.9667, 2.0, 2.0333, 2.0667, 2.1, 2.1333, 2.1667, 2.2, 2.2333, 2.2667, 2.3, 2.3333, 2.6333, 2.8333, 2.9],
            "transform": [
                [1.000002, -0.001793, -0.000779, -0.0, -0.000779, -0.730835, 0.682552, 0.37472, -0.001793, -0.682549, -0.730837, 0.0, 0.0, 0.0, 0.0, 1.0],
                [1.000003, -0.00181, -0.000737, 0.0, -0.000737, -0.69849, 0.715618, 0.37472, -0.00181, -0.715613, -0.698492, -0.0, 0.0, 0.0, 0.0, 1.0],
                [1.000001, -0.001841, -0.000654, 0.0, -0.000655, -0.631268, 0.775563, 0.37472, -0.001841, -0.775558, -0.631271, 0.0, 0.0, 0.0, 0.0, 1.0],
                [1.000002, -0.001916, -0.000376, 0.0, -0.000377, -0.37831, 0.925678, 0.37472, -0.001916, -0.925675, -0.378311, 0.0, 0.0, 0.0, 0.0, 1.0],
                [1.000001, -0.001946, 0.000163, 0.0, 0.000161, 0.16545, 0.986217, 0.37472, -0.001946, -0.986215, 0.16545, 0.0, 0.0, 0.0, 0.0, 1.0],
                [1.000003, -0.001784, 0.000795, 0.0, 0.000795, 0.743355, 0.668893, 0.37472, -0.001785, -0.668888, 0.743358, -0.0, 0.0, 0.0, 0.0, 1.0],
                [1.000002, -0.001636, 0.001069, -0.0, 0.001067, 0.915426, 0.402479, 0.374719, -0.001637, -0.402476, 0.915428, -0.0, 0.0, 0.0, 0.0, 1.0],
