{
    "animation": [
        {
            "name": "Root",
            "time": [0.0, 0.3, 0.3333, 0.3667, 0.4, 0.4333, 0.4667, 0.5, 0.5333, 0.5667, 0.6, 0.6333, 0.6667, 0.7, 0.7333, 0.7667, 0.8, 0.8333, 0.8667, 0.9, 0.9333, 0.9667, 1.0, 1.0333, 1.0667, 1.1, 1.1333, 1.1667, 1.2, 1.2333, 1.2667, 1.3, 1.3333],
            "transform": [
                [0.907198, 0.000421, -0.420704, -0.10386, -0.420638, 0.018703, -0.907037, -0.167926, 0.007487, 0.999825, 0.017144, 0.674235, 0.0, 0.0, 0.0, 1.0],
                [0.135784, -0.000181, -0.99074, 0.237647, -0.930034, 0.344637, -0.127527, -0.040752, 0.341468, 0.938736, 0.046629, 0.148923, 0.0, 0.0, 0.0, 1.0],
                [0.168954, 0.00573, -0.985608, 0.210762, -0.924427, 0.347795, -0.156445, 0.05828, 0.341892, 0.937554, 0.064059, 0.10863, 0.0, 0.0, 0.0, 1.0],
                [0.205261, 0.011144, -0.978645, 0.18821, -0.924655, 0.329916, -0.190181, 0.169539, 0.320751, 0.943945, 0.078023, 0.108846, 0.0, 0.0, 0.0, 1.0],
                [0.247824, 0.017945, -0.96864, 0.168696, -0.92658, 0.296351, -0.231573, 0.290805, 0.282902, 0.954911, 0.090071, 0.126417, 0.0, 0.0, 0.0, 1.0],
                [0.282991, 0.026129, -0.958768, 0.152504, -0.930408, 0.250248, -0.267801, 0.414352, 0.232932, 0.967829, 0.095128, 0.15763, 0.0, 0.0, 0.0, 1.0],
                [0.299391, 0.035302, -0.953478, 0.13992, -0.937611, 0.196037, -0.287151, 0.532456, 0.17678, 0.979962, 0.091791, 0.198757, 0.0, 0.0, 0.0, 1.0],
                [0.284821, 0.040991, -0.957705, 0.131232, -0.951142, 0.136312, -0.277035, 0.637405, 0.119191, 0.989818, 0.077813, 0.246832, 0.0, 0.0, 0.0, 1.0],
                [0.224348, 0.037566, -0.973785, 0.126763, -0.973202, 0.060398, -0.221883, 0.730749, 0.050479, 0.997468, 0.050109, 0.295136, 0.0, 0.0, 0.0, 1.0],
                [0.11676, 0.020455, -0.99295, 0.126334, -0.992281, -0.039665, -0.117499, 0.817593, -0.041789, 0.999004, 0.015666, 0.343568, 0.0, 0.0, 0.0, 1.0],
                [0.009812, -0.018068, -0.999789, 0.129472, -0.991299, -0.131433, -0.007353, 0.89535, -0.131272, 0.991161, -0.0192, 0.385941, 0.0, 0.0, 0.0, 1.0],
                [-0.09888, -0.054166, -0.993626, 0.135707, -0.972994, -0.204037, 0.107949, 0.961481, -0.208583, 0.977463, -0.032528, 0.418925, 0.0, 0.0, 0.0, 1.0],
                [-0.169403, -0.078301, -0.982433, 0.14454, -0.951015, -0.248576, 0.183798, 1.01345, -0.2586, 0.965442, -0.032356, 0.438714, 0.0, 0.0, 0.0, 1.0],
                [-0.214446, -0.087464, -0.972813, 0.155488, -0.933616, -0.274309, 0.230469, 1.056406, -0.287008, 0.957657, -0.022833, 0.447262, 0.0, 0.0, 0.0, 1.0],
                [-0.260846, -0.094547, -0.960741, 0.168128, -0.914332, -0.295141, 0.277291, 1.097191, -0.309771, 0.950764, -0.009461, 0.449743, 0.0, 0.0, 0.0, 1.0],
                [-0.306031, -0.094157, -0.947356, 0.182059, -0.894374, -0.312579, 0.319984, 1.135801, -0.326252, 0.945213, 0.011447, 0.447168, 0.0, 0.0, 0.0, 1.0],
                [-0.350169, -0.095549, -0.931802, 0.196892, -0.871839, -0.330454, 0.361521, 1.172231, -0.342461, 0.938973, 0.032411, 0.440532, 0.0, 0.0, 0.0, 1.0],
                [-0.385443, -0.094564, -0.917874, 0.212225, -0.853417, -0.341722, 0.393582, 1.206481, -0.350876, 0.935032, 0.051012, 0.430891, 0.0, 0.0, 0.0, 1.0],
                [-0.41995, -0.094553, -0.90261, 0.227673, -0.833459, -0.353401, 0.424799, 1.238532, -0.359148, 0.930681, 0.069605, 0.418682, 0.0, 0.0, 0.0, 1.0],
                [-0.449216, -0.093027, -0.888567, 0.242836, -0.816713, -0.360439, 0.450626, 1.26841, -0.362194, 0.928134, 0.085938, 0.406515, 0.0, 0.0, 0.0, 1.0],
                [-0.477889, -0.092043, -0.873586, 0.257325, -0.798933, -0.36785, 0.475809, 1.296092, -0.365143, 0.925319, 0.102256, 0.394391, 0.0, 0.0, 0.0, 1.0],
                [-0.499985, -0.092233, -0.86111, 0.270739, -0.784885, -0.371978, 0.49557, 1.32156, -0.366021, 0.923648, 0.113591, 0.382311, 0.0, 0.0, 0.0, 1.0],
                [-0.521689, -0.092687, -0.848087, 0.282693, -0.770233, -0.376292, 0.514924, 1.344832, -0.366855, 0.921853, 0.124917, 0.372744, 0.0, 0.0, 0.0, 1.0],
                [-0.53691, -0.095562, -0.838211, 0.292786, -0.759369, -0.378115, 0.529517, 1.365895, -0.367542, 0.920813, 0.130447, 0.366233, 0.0, 0.0, 0.0, 1.0],
                [-0.549679, -0.102037, -0.829122, 0.30063, -0.749596, -0.377837, 0.543457, 1.384747, -0.368725, 0.920233, 0.131203, 0.363786, 0.0, 0.0, 0.0, 1.0],
                [-0.557386, -0.111476, -0.822737, 0.306614, -0.742562, -0.376327, 0.55406, 1.401115, -0.371382, 0.919756, 0.126982, 0.365219, 0.0, 0.0, 0.0, 1.0],
                [-0.564989, -0.12089, -0.816196, 0.311483, -0.73545, -0.374641, 0.564587, 1.414936, -0.374033, 0.919255, 0.12276, 0.369358, 0.0, 0.0, 0.0, 1.0],
                [-0.571037, -0.133558, -0.809989, 0.315361, -0.729092, -0.370948, 0.575173, 1.42652, -0.377282, 0.918999, 0.114449, 0.375688, 0.0, 0.0, 0.0, 1.0],
                [-0.576986, -0.146149, -0.803573, 0.318375, -0.722705, -0.366999, 0.585671, 1.436191, -0.380504, 0.918669, 0.106131, 0.384421, 0.0, 0.0, 0.0, 1.0],
                [-0.579242, -0.159874, -0.799325, 0.320643, -0.719123, -0.361526, 0.593433, 1.444227, -0.38385, 0.918553, 0.094442, 0.393187, 0.0, 0.0, 0.0, 1.0],
                [-0.581444, -0.17351, -0.79487, 0.322298, -0.715572, -0.355836, 0.601114, 1.45097, -0.387142, 0.918301, 0.08274, 0.403447, 0.0, 0.0, 0.0, 1.0],
                [-0.580738, -0.187414, -0.792225, 0.323461, -0.714807, -0.348339, 0.606393, 1.456717, -0.389609, 0.918443, 0.068329, 0.413726, 0.0, 0.0, 0.0, 1.0],
                [-0.580014, -0.201234, -0.789361, 0.324258, -0.714093, -0.340684, 0.611561, 1.461783, -0.391989, 0.91839, 0.053902, 0.424018, 0.0, 0.0, 0.0, 1.0]
            ]
        },
        {
            "name": "Thigh_R",
            "time": [0.0, 0.1667, 0.3, 0.3333, 0.3667, 0.4, 0.4333, 0.4667, 0.5, 0.5333, 0.5667, 0.6, 0.6333, 0.6667, 0.7, 0.7333, 0.7667, 0.8, 0.8333, 0.8667, 0.9, 0.9333, 0.9667, 1.0, 1.0333, 1.0667, 1.1, 1.1333, 1.1667, 1.2, 1.2333, 1.2667, 1.3, 1.3333],
            "transform": [
                [0.945483, 0.067158, 0.318675, 0.133847, 0.064694, -0.997738, 0.018325, 0.001085, 0.319184, 0.00329, -0.947687, 0.043038, 0.0, 0.0, 0.0, 1.0],
                [0.801115, 0.083424, -0.592641, 0.094533, 0.097867, -0.995195, -0.007783, 0.08777, -0.590412, -0.051767, -0.80543, -0.132814, 0.0, 0.0, 0.0, 1.0],
                [0.174908, 0.058589, -0.98284, -0.035798, 0.099413, -0.994224, -0.04157, 0.009179, -0.979505, -0.090444, -0.179723, -0.14013, 0.0, 0.0, 0.0, 1.0],
                [0.175914, 0.157041, -0.971799, -0.068381, 0.117055, -0.983574, -0.137738, -0.010468, -0.977374, -0.089532, -0.191407, -0.141959, 0.0, 0.0, 0.0, 1.0],
                [0.193398, 0.214795, -0.957321, -0.067195, 0.105753, -0.974669, -0.197301, -0.000515, -0.975356, -0.063087, -0.211214, -0.14138, 0.0, 0.0, 0.0, 1.0],
                [0.22995, 0.265997, -0.936148, -0.066009, 0.077325, -0.963924, -0.25487, 0.009439, -0.970079, -0.013781, -0.242223, -0.140802, 0.0, 0.0, 0.0, 1.0],
                [0.260077, 0.287827, -0.921694, -0.064823, 0.046944, -0.957229, -0.285649, 0.019393, -0.964398, 0.031026, -0.262465, -0.140224, 0.0, 0.0, 0.0, 1.0],
                [0.276072, 0.276037, -0.920647, -0.063637, 0.020484, -0.959393, -0.281484, 0.029346, -0.960869, 0.058857, -0.270517, -0.139646, 0.0, 0.0, 0.0, 1.0],
                [0.261468, 0.235967, -0.935925, -0.062451, 0.004088, -0.969967, -0.243386, 0.0393, -0.965156, 0.059818, -0.25458, -0.139068, 0.0, 0.0, 0.0, 1.0],
                [0.219398, 0.161926, -0.962104, -0.066753, -0.005469, -0.985959, -0.167173, 0.027028, -0.975574, 0.041943, -0.215431, -0.122706, 0.0, 0.0, 0.0, 1.0],
                [0.164229, 0.04522, -0.985385, -0.071055, -0.02223, -0.998572, -0.049527, 0.014757, -0.986126, 0.030042, -0.162989, -0.106344, 0.0, 0.0, 0.0, 1.0],
                [0.109532, -0.101921, -0.988744, -0.075356, -0.046275, -0.994222, 0.097349, 0.002485, -0.992859, 0.035095, -0.113616, -0.089983, 0.0, 0.0, 0.0, 1.0],
                [0.059393, -0.27659, -0.959155, -0.079658, -0.074739, -0.959433, 0.272015, -0.009786, -0.995386, 0.055536, -0.077656, -0.073621, 0.0, 0.0, 0.0, 1.0],
                [-0.004829, -0.449478, -0.893291, -0.08396, -0.091801, -0.889372, 0.44796, -0.022058, -0.995717, 0.084176, -0.036968, -0.057259, 0.0, 0.0, 0.0, 1.0],
                [-0.118891, -0.578362, -0.807091, -0.083087, -0.058736, -0.807377, 0.587162, -0.014109, -0.991119, 0.117225, 0.062019, -0.063681, 0.0, 0.0, 0.0, 1.0],
                [-0.274291, -0.614232, -0.739943, -0.082215, 0.025891, -0.773933, 0.632786, -0.006161, -0.961248, 0.154425, 0.228185, -0.070104, 0.0, 0.0, 0.0, 1.0],
                [-0.42374, -0.555772, -0.715246, -0.081342, 0.114729, -0.816266, 0.566228, 0.001787, -0.898434, 0.15789, 0.409647, -0.076526, 0.0, 0.0, 0.0, 1.0],
                [-0.533388, -0.449794, -0.716362, -0.08047, 0.168109, -0.886431, 0.431341, 0.009735, -0.828939, 0.109657, 0.548426, -0.082948, 0.0, 0.0, 0.0, 1.0],
                [-0.583663, -0.38208, -0.716474, -0.079597, 0.186498, -0.92192, 0.33965, 0.017684, -0.790228, 0.064626, 0.609347, -0.08937, 0.0, 0.0, 0.0, 1.0],
                [-0.597789, -0.382258, -0.704635, -0.069085, 0.174179, -0.91998, 0.351251, 0.033207, -0.782443, 0.087249, 0.616535, -0.099836, 0.0, 0.0, 0.0, 1.0],
                [-0.610085, -0.381917, -0.694201, -0.058573, 0.165339, -0.918292, 0.359835, 0.04873, -0.774833, 0.104762, 0.623382, -0.110303, 0.0, 0.0, 0.0, 1.0],
                [-0.620408, -0.368071, -0.692528, -0.048061, 0.157187, -0.923526, 0.349964, 0.064253, -0.768304, 0.108275, 0.630818, -0.120769, 0.0, 0.0, 0.0, 1.0],
                [-0.62852, -0.344456, -0.697343, -0.03755, 0.149004, -0.933361, 0.326681, 0.079776, -0.763326, 0.101429, 0.63796, -0.131235, 0.0, 0.0, 0.0, 1.0],
                [-0.636592, -0.325536, -0.699107, -0.027038, 0.139835, -0.940291, 0.310457, 0.0953, -0.758355, 0.099885, 0.644103, -0.141702, 0.0, 0.0, 0.0, 1.0],
                [-0.643736, -0.300631, -0.703701, -0.020459, 0.1294, -0.949173, 0.287076, 0.104586, -0.754165, 0.093751, 0.649918, -0.137528, 0.0, 0.0, 0.0, 1.0],
                [-0.647329, -0.271778, -0.712089, -0.01388, 0.120125, -0.959023, 0.256777, 0.113872, -0.752622, 0.080688, 0.653449, -0.133354, 0.0, 0.0, 0.0, 1.0],
                [-0.649535, -0.236155, -0.722704, -0.0073, 0.107085, -0.969531, 0.220526, 0.123158, -0.75269, 0.065856, 0.655033, -0.129181, 0.0, 0.0, 0.0, 1.0],
                [-0.651113, -0.21129, -0.728954, -0.000721, 0.095793, -0.975716, 0.197215, 0.132444, -0.752848, 0.058587, 0.655541, -0.125007, 0.0, 0.0, 0.0, 1.0],
                [-0.64999, -0.187196, -0.736502, 0.005858, 0.081139, -0.980791, 0.177648, 0.14173, -0.755536, 0.055716, 0.652693, -0.120833, 0.0, 0.0, 0.0, 1.0],
                [-0.647062, -0.15941, -0.745562, 0.003725, 0.066626, -0.986029, 0.152975, 0.144976, -0.759459, 0.049316, 0.648642, -0.12512, 0.0, 0.0, 0.0, 1.0],
                [-0.643596, -0.132234, -0.753832, 0.001592, 0.053614, -0.990381, 0.127932, 0.148223, -0.763424, 0.041925, 0.644494, -0.129408, 0.0, 0.0, 0.0, 1.0],
                [-0.635938, -0.103544, -0.764739, -0.000541, 0.041693, -0.994169, 0.099922, 0.151469, -0.770552, 0.031664, 0.636547, -0.133694, 0.0, 0.0, 0.0, 1.0],
                [-0.627658, -0.07467, -0.774877, -0.002674, 0.030105, -0.997021, 0.07168, 0.154715, -0.777847, 0.021666, 0.628036, -0.137981, 0.0, 0.0, 0.0, 1.0],
                [-0.619141, -0.051178, -0.783589, -0.004807, 0.018041, -0.998585, 0.050957, 0.157961, -0.785015, 0.017415, 0.619187, -0.142268, 0.0, 0.0, 0.0, 1.0]
            ]
        },
        {
            "name": "Leg_R",
            "time": [0.0, 0.3, 0.3333, 0.3667, 0.4, 0.4333, 0.4667, 0.5, 0.5333, 0.5667, 0.6, 0.6333, 0.6667, 0.7, 0.7333, 0.7667, 0.8, 0.8333, 0.8667, 0.9, 0.9333, 0.9667, 1.0, 1.0333, 1.0667, 1.1, 1.1333, 1.1667, 1.2, 1.2333, 1.2667, 1.3, 1.3333],
            "transform": [
                [1.000002, 0.001608, -0.001109, -0.0, -0.00111, 0.934967, 0.354727, 0.37472, 0.001607, -0.354724, 0.934969, -0.0, 0.0, 0.0, 0.0, 1.0],
                [0.999952, 0.001882, -0.000523, -0.0, -0.000526, 0.51746, 0.85571, 0.37472, 0.001881, -0.855788, 0.517411, -0.0, 0.0, 0.0, 0.0, 1.0],
                [0.999952, 0.001885, -0.00051, 0.0, -0.000512, 0.505167, 0.863022, 0.37472, 0.001884, -0.863104, 0.505117, -0.0, 0.0, 0.0, 0.0, 1.0],
                [0.999951, 0.001895, -0.000472, -0.0, -0.000474, 0.470203, 0.882554, 0.37472, 0.001894, -0.882641, 0.470155, -0.0, 0.0, 0.0, 0.0, 1.0],
                [0.999951, 0.001898, -0.000454, -0.0, -0.000457, 0.454034, 0.890978, 0.37472, 0.001897, -0.891068, 0.453987, -0.0, 0.0, 0.0, 0.0, 1.0],
                [0.99995, 0.001901, -0.000437, -0.0, -0.000439, 0.437715, 0.899106, 0.37472, 0.001901, -0.899197, 0.437669, -0.0, 0.0, 0.0, 0.0, 1.0],
                [0.999951, 0.001908, -0.000403, 0.0, -0.000404, 0.405013, 0.914298, 0.37472, 0.001907, -0.914394, 0.40497, 0.0, 0.0, 0.0, 0.0, 1.0],
                [0.999952, 0.001922, -0.000331, -0.0, -0.000333, 0.335245, 0.942111, 0.37472, 0.001921, -0.942213, 0.335208, 0.0, 0.0, 0.0, 0.0, 1.0],
                [0.999951, 0.001942, -0.000171, -0.0, -0.000172, 0.175261, 0.98449, 0.37472, 0.001941, -0.984605, 0.17524, 0.0, 0.0, 0.0, 0.0, 1.0],
                [0.999951, 0.001949, 5.4e-05, -0.0, 5.5e-05, -0.05584, 0.998404, 0.37472, 0.001948, -0.998522, -0.055833, -0.0, 0.0, 0.0, 0.0, 1.0],
                [0.999951, 0.001931, 0.00027, -0.0, 0.00027, -0.27415, 0.961663, 0.37472, 0.001931, -0.961769, -0.27412, 0.0, 0.0, 0.0, 0.0, 1.0],
                [0.999951, 0.001905, 0.000415, -0.0, 0.000417, -0.41701, 0.908893, 0.37472, 0.001904, -0.908982, -0.416969, -0.0, 0.0, 0.0, 0.0, 1.0],
                [0.999951, 0.001895, 0.000461, 0.0, 0.000463, -0.460197, 0.887814, 0.37472, 0.001894, -0.887895, -0.460154, 0.0, 0.0, 0.0, 0.0, 1.0],
                [0.999952, 0.001913, 0.000382, -0.0, 0.000383, -0.384488, 0.923118, 0.37472, 0.001913, -0.923209, -0.384449, -0.0, 0.0, 0.0, 0.0, 1.0],
                [0.999952, 0.001945, 0.000162, 0.0, 0.000162, -0.165472, 0.986185, 0.37472, 0.001945, -0.986294, -0.165453, 0.0, 0.0, 0.0, 0.0, 1.0],
                [0.999955, 0.001946, -0.000162, -0.0, -0.000163, 0.166358, 0.986033, 0.37472, 0.001945, -0.986145, 0.166339, 0.0, 0.0, 0.0, 0.0, 1.0],
                [0.999955, 0.001886, -0.000508, -0.0, -0.000511, 0.503784, 0.863828, 0.37472, 0.001885, -0.863908, 0.503736, -0.0, 0.0, 0.0, 0.0, 1.0],
                [0.999956, 0.001831, -0.000681, 0.0, -0.000685, 0.655228, 0.755452, 0.37472, 0.001829, -0.755509, 0.655178, 0.0, 0.0, 0.0, 0.0, 1.0],
                [0.999956, 0.001865, -0.000578, 0.0, -0.000583, 0.56766, 0.823271, 0.37472, 0.001864, -0.823341, 0.56761, 0.0, 0.0, 0.0, 0.0, 1.0],
                [0.999955, 0.001892, -0.000488, 0.0, -0.000492, 0.485726, 0.874108, 0.37472, 0.00189, -0.87419, 0.48568, 0.0, 0.0, 0.0, 0.0, 1.0],
                [0.999954, 0.001908, -0.00042, 0.0, -0.000423, 0.421471, 0.906831, 0.37472, 0.001907, -0.906921, 0.421428, -0.0, 0.0, 0.0, 0.0, 1.0],
                [0.999954, 0.001917, -0.000376, -0.0, -0.00038, 0.379873, 0.925023, 0.37472, 0.001916, -0.925117, 0.379834, 0.0, 0.0, 0.0, 0.0, 1.0],
                [0.999954, 0.001924, -0.000337, 0.0, -0.00034, 0.341598, 0.939827, 0.37472, 0.001923, -0.939926, 0.341561, 0.0, 0.0, 0.0, 0.0, 1.0],
                [0.999953, 0.001926, -0.000321, 0.0, -0.000324, 0.325646, 0.945471, 0.37472, 0.001926, -0.945572, 0.325611, 0.0, 0.0, 0.0, 0.0, 1.0],
                [0.999953, 0.001926, -0.000328, 0.0, -0.00033, 0.33205, 0.943242, 0.37472, 0.001925, -0.943343, 0.332014, 0.0, 0.0, 0.0, 0.0, 1.0],
                [0.999953, 0.001921, -0.000355, 0.0, -0.000358, 0.358925, 0.933348, 0.37472, 0.00192, -0.933446, 0.358887, 0.0, 0.0, 0.0, 0.0, 1.0],
                [0.999954, 0.001916, -0.000376, 0.0, -0.000378, 0.379106, 0.925338, 0.37472, 0.001916, -0.925433, 0.379066, -0.0, 0.0, 0.0, 0.0, 1.0],
                [0.999954, 0.001911, -0.000402, -0.0, -0.000405, 0.404254, 0.914634, 0.37472, 0.00191, -0.914727, 0.404212, 0.0, 0.0, 0.0, 0.0, 1.0],
                [0.999954, 0.001903, -0.00044, 0.0, -0.000442, 0.439904, 0.898035, 0.37472, 0.001902, -0.898124, 0.43986, 0.0, 0.0, 0.0, 0.0, 1.0],
                [0.999953, 0.001891, -0.000486, 0.0, -0.000489, 0.483624, 0.875272, 0.37472, 0.00189, -0.875356, 0.483577, 0.0, 0.0, 0.0, 0.0, 1.0],
                [0.999954, 0.001877, -0.000542, -0.0, -0.000544, 0.534276, 0.845314, 0.37472, 0.001876, -0.84539, 0.534227, -0.0, 0.0, 0.0, 0.0, 1.0],
                [0.999954, 0.001859, -0.000601, 0.0, -0.000602, 0.586094, 0.810254, 0.37472, 0.001858, -0.810323, 0.586043, 0.0, 0.0, 0.0, 0.0, 1.0],
                [0.999955, 0.001843, -0.000652, 0.0, -0.000654, 0.629562, 0.776968, 0.37472, 0.001842, -0.77703, 0.629511, -0.0, 0.0, 0.0, 0.0, 1.0]
            ]
        },
        {
            "name": "Knee_R",
            "time": [0.0, 1.3333],
            "transform": [
                [1.0, 0.0, -0.0, -0.0, -0.0, 1e-06, -1.0, 0.37472, -0.0, 1.0, 1e-06, -0.0, 0.0, 0.0, 0.0, 1.0],
                [1.0, 0.0, -0.0, 0.0, -0.0, 1e-06, -1.0, 0.37472, -0.0, 1.0, 1e-06, -0.0, 0.0, 0.0, 0.0, 1.0]
            ]
        },
        {
            "name": "Thigh_L",
            "time": [0.0, 0.3, 0.3333, 0.3667, 0.4, 0.4333, 0.4667, 0.5, 0.5333, 0.5667, 0.6, 0.6333, 0.6667, 0.7, 0.7333, 0.7667, 0.8, 0.8333, 0.8667, 0.9, 0.9333, 0.9667, 1.0, 1.0333, 1.0667, 1.1, 1.1333, 1.1667, 1.2, 1.2333, 1.2667, 1.3, 1.3333],
            "transform": [
                [0.944623, -0.062107, -0.322093, -0.125094, 0.027246, -0.963713, 0.265721, 0.007652, -0.326876, -0.259807, -0.908652, 0.000655, 0.0, 0.0, 0.0, 1.0],
                [-0.217812, -0.974473, 0.054214, 0.045656, 0.102197, 0.032471, 0.994236, 0.062121, -0.970636, 0.222091, 0.092516, 0.030241, 0.0, 0.0, 0.0, 1.0],
                [-0.185006, -0.978104, 0.095201, 0.064628, 0.133752, 0.070911, 0.988476, 0.068173, -0.973605, 0.195602, 0.117705, 0.033529, 0.0, 0.0, 0.0, 1.0],
                [-0.176962, -0.982859, 0.051497, 0.080129, 0.148191, 0.025118, 0.988642, 0.073969, -0.973008, 0.182579, 0.141206, 0.043382, 0.0, 0.0, 0.0, 1.0],
                [-0.179298, -0.982178, -0.05622, 0.095629, 0.155726, -0.084759, 0.984159, 0.079766, -0.971402, 0.167699, 0.168148, 0.053235, 0.0, 0.0, 0.0, 1.0],
                [-0.211274, -0.954996, -0.208163, 0.111129, 0.144663, -0.241174, 0.959641, 0.085562, -0.96667, 0.172631, 0.189107, 0.063088, 0.0, 0.0, 0.0, 1.0],
                [-0.259581, -0.888545, -0.378283, 0.126629, 0.101229, -0.414584, 0.904363, 0.091359, -0.960407, 0.196459, 0.197564, 0.072941, 0.0, 0.0, 0.0, 1.0],
                [-0.309366, -0.784067, -0.538077, 0.142129, 0.025836, -0.572552, 0.81946, 0.097155, -0.950597, 0.239609, 0.197385, 0.082794, 0.0, 0.0, 0.0, 1.0],
                [-0.343645, -0.638976, -0.688199, 0.141248, -0.077722, -0.710959, 0.698923, 0.094925, -0.935881, 0.293668, 0.194655, 0.067091, 0.0, 0.0, 0.0, 1.0],
                [-0.344936, -0.453838, -0.821615, 0.140367, -0.188386, -0.824051, 0.534275, 0.092695, -0.919528, 0.339071, 0.198748, 0.051388, 0.0, 0.0, 0.0, 1.0],
                [-0.319382, -0.262179, -0.910637, 0.139486, -0.269746, -0.896057, 0.352588, 0.090465, -0.908422, 0.358252, 0.215463, 0.035686, 0.0, 0.0, 0.0, 1.0],
                [-0.293901, -0.093518, -0.951251, 0.138605, -0.313941, -0.930549, 0.188479, 0.088235, -0.902806, 0.354032, 0.24413, 0.019983, 0.0, 0.0, 0.0, 1.0],
                [-0.287845, 0.022113, -0.957422, 0.137724, -0.335963, -0.938532, 0.07933, 0.086005, -0.896809, 0.344497, 0.277581, 0.00428, 0.0, 0.0, 0.0, 1.0],
                [-0.293969, 0.108033, -0.949691, 0.12991, -0.353589, -0.935397, 0.003045, 0.084883, -0.888002, 0.336698, 0.313178, 0.013893, 0.0, 0.0, 0.0, 1.0],
                [-0.306265, 0.203767, -0.929882, 0.122095, -0.365491, -0.92713, -0.082784, 0.083761, -0.878982, 0.314513, 0.358422, 0.023506, 0.0, 0.0, 0.0, 1.0],
                [-0.324398, 0.297215, -0.898016, 0.114281, -0.374027, -0.912292, -0.166825, 0.082639, -0.868828, 0.281766, 0.407113, 0.03312, 0.0, 0.0, 0.0, 1.0],
                [-0.338982, 0.381215, -0.860098, 0.106466, -0.385159, -0.890335, -0.242816, 0.081517, -0.858334, 0.248965, 0.448637, 0.042733, 0.0, 0.0, 0.0, 1.0],
                [-0.356372, 0.455264, -0.815926, 0.098651, -0.395198, -0.864748, -0.309892, 0.080396, -0.846646, 0.212017, 0.488092, 0.052346, 0.0, 0.0, 0.0, 1.0],
                [-0.373258, 0.520827, -0.767737, 0.088382, -0.406011, -0.835794, -0.369601, 0.073997, -0.834164, 0.173753, 0.52343, 0.059015, 0.0, 0.0, 0.0, 1.0],
                [-0.38798, 0.576747, -0.718913, 0.078114, -0.415994, -0.805624, -0.421807, 0.067599, -0.822444, 0.135411, 0.552491, 0.065684, 0.0, 0.0, 0.0, 1.0],
                [-0.401382, 0.62387, -0.670582, 0.067845, -0.426567, -0.775228, -0.4659, 0.0612, -0.810511, 0.099045, 0.577287, 0.072353, 0.0, 0.0, 0.0, 1.0],
                [-0.411437, 0.663632, -0.624752, 0.057576, -0.437455, -0.745128, -0.503407, 0.054802, -0.799593, 0.066181, 0.596883, 0.079022, 0.0, 0.0, 0.0, 1.0],
                [-0.418113, 0.696263, -0.583438, 0.047307, -0.448285, -0.716768, -0.53412, 0.048403, -0.790076, 0.038224, 0.611816, 0.085691, 0.0, 0.0, 0.0, 1.0],
                [-0.422151, 0.722692, -0.547272, 0.045825, -0.459192, -0.690993, -0.558275, 0.04333, -0.78162, 0.015627, 0.623559, 0.091242, 0.0, 0.0, 0.0, 1.0],
                [-0.42445, 0.740909, -0.520478, 0.044343, -0.463317, -0.671592, -0.578188, 0.038256, -0.777932, -0.004265, 0.628334, 0.096794, 0.0, 0.0, 0.0, 1.0],
                [-0.425068, 0.754761, -0.499654, 0.042861, -0.467609, -0.655744, -0.592741, 0.033182, -0.775022, -0.018312, 0.63167, 0.102346, 0.0, 0.0, 0.0, 1.0],
                [-0.424362, 0.76589, -0.483043, 0.041379, -0.469303, -0.642249, -0.606029, 0.028109, -0.774383, -0.030482, 0.631982, 0.107898, 0.0, 0.0, 0.0, 1.0],
                [-0.421082, 0.775074, -0.471116, 0.039897, -0.470533, -0.630716, -0.617087, 0.023035, -0.775427, -0.038168, 0.630283, 0.113449, 0.0, 0.0, 0.0, 1.0],
                [-0.418388, 0.78327, -0.459827, 0.03685, -0.470091, -0.619926, -0.628256, 0.022816, -0.777152, -0.046695, 0.627579, 0.115312, 0.0, 0.0, 0.0, 1.0],
                [-0.412978, 0.789625, -0.453809, 0.033804, -0.470142, -0.611596, -0.636331, 0.022597, -0.780009, -0.049435, 0.623813, 0.117174, 0.0, 0.0, 0.0, 1.0],
                [-0.407607, 0.793597, -0.451732, 0.030758, -0.466409, -0.606229, -0.644166, 0.022379, -0.785058, -0.051875, 0.617246, 0.119037, 0.0, 0.0, 0.0, 1.0],
                [-0.399588, 0.796386, -0.453984, 0.027712, -0.463452, -0.602792, -0.649503, 0.02216, -0.790909, -0.049134, 0.609957, 0.120899, 0.0, 0.0, 0.0, 1.0],
                [-0.391473, 0.79918, -0.456138, 0.024666, -0.460533, -0.599311, -0.65478, 0.021941, -0.796652, -0.046262, 0.602664, 0.122762, 0.0, 0.0, 0.0, 1.0]
            ]
        },
        {
            "name": "Leg_L",
            "time": [0.0, 0.3, 0.3333, 0.3667, 0.4, 0.4333, 0.4667, 0.5, 0.5333, 0.5667, 0.6, 0.6333, 0.6667, 0.7, 0.7333, 0.7667, 0.8, 0.8333, 0.8667, 0.9, 0.9333, 0.9667, 1.0, 1.0333, 1.0667, 1.1, 1.1333, 1.1667, 1.2, 1.2333, 1.2667, 1.3, 1.3333],
            "transform": [
                [0.999952, -0.001592, 0.001135, 0.0, 0.001134, 0.945054, 0.327033, 0.37472, -0.001593, -0.327044, 0.945015, 0.0, 0.0, 0.0, 0.0, 1.0],
                [1.000006, -0.001926, 0.000339, 0.0, 0.000339, 0.341595, 0.939845, 0.37472, -0.001926, -0.939839, 0.341597, -0.0, 0.0, 0.0, 0.0, 1.0],
                [1.000005, -0.001937, 0.000271, 0.0, 0.000267, 0.272447, 0.96217, 0.37472, -0.001937, -0.962164, 0.272448, -0.0, 0.0, 0.0, 0.0, 1.0],
                [1.000006, -0.001953, 0.000111, -0.0, 0.000106, 0.111043, 0.993815, 0.37472, -0.001953, -0.993808, 0.111044, -0.0, 0.0, 0.0, 0.0, 1.0],
                [1.000006, -0.001955, 6e-06, 0.0, -1e-06, 0.002927, 0.999996, 0.37472, -0.001955, -0.999987, 0.002927, -0.0, 0.0, 0.0, 0.0, 1.0],
                [1.000006, -0.001953, -5.1e-05, -0.0, -5.8e-05, -0.055862, 0.998439, 0.37472, -0.001953, -0.99843, -0.055863, 0.0, 0.0, 0.0, 0.0, 1.0],
                [1.000009, -0.001952, -5.6e-05, -0.0, -6.5e-05, -0.061551, 0.998105, 0.37472, -0.001952, -0.998091, -0.061552, 0.0, 0.0, 0.0, 0.0, 1.0],
                [1.000011, -0.001952, -2.3e-05, 0.0, -3.2e-05, -0.028133, 0.999608, 0.37472, -0.001952, -0.999586, -0.028133, -0.0, 0.0, 0.0, 0.0, 1.0],
                [1.000011, -0.001951, 3.2e-05, 0.0, 2.4e-05, 0.029088, 0.99958, 0.37472, -0.001951, -0.999561, 0.029089, -0.0, 0.0, 0.0, 0.0, 1.0],
                [1.000012, -0.001947, 9e-05, 0.0, 8.2e-05, 0.087859, 0.996132, 0.37472, -0.001948, -0.996119, 0.087859, -0.0, 0.0, 0.0, 0.0, 1.0],
                [1.000012, -0.001943, 0.000139, 0.0, 0.000132, 0.138458, 0.990369, 0.37472, -0.001943, -0.990353, 0.138459, 0.0, 0.0, 0.0, 0.0, 1.0],
                [1.000011, -0.001939, 0.000178, 0.0, 0.000172, 0.178784, 0.983889, 0.37472, -0.00194, -0.983874, 0.178786, 0.0, 0.0, 0.0, 0.0, 1.0],
                [1.000011, -0.001935, 0.000205, 0.0, 0.000199, 0.206284, 0.978492, 0.37472, -0.001936, -0.978479, 0.206286, 0.0, 0.0, 0.0, 0.0, 1.0],
                [1.00001, -0.001932, 0.000232, -0.0, 0.000226, 0.233619, 0.972327, 0.37472, -0.001933, -0.972316, 0.233622, 0.0, 0.0, 0.0, 0.0, 1.0],
                [1.00001, -0.001925, 0.000281, -0.0, 0.000278, 0.284082, 0.958798, 0.37472, -0.001926, -0.958788, 0.284084, -0.0, 0.0, 0.0, 0.0, 1.0],
                [1.000011, -0.001918, 0.000338, -0.0, 0.000335, 0.340164, 0.940363, 0.37472, -0.001919, -0.940354, 0.340167, 0.0, 0.0, 0.0, 0.0, 1.0],
                [1.000012, -0.001907, 0.000393, -0.0, 0.000392, 0.395107, 0.918631, 0.37472, -0.001908, -0.918623, 0.39511, -0.0, 0.0, 0.0, 0.0, 1.0],
                [1.000011, -0.001893, 0.000449, 0.0, 0.000448, 0.448626, 0.893715, 0.37472, -0.001893, -0.893709, 0.448628, -0.0, 0.0, 0.0, 0.0, 1.0],
                [1.000012, -0.001881, 0.000504, 0.0, 0.000503, 0.499213, 0.866473, 0.37472, -0.001881, -0.866468, 0.499215, 0.0, 0.0, 0.0, 0.0, 1.0],
                [1.000011, -0.001865, 0.000557, -0.0, 0.000556, 0.548151, 0.836372, 0.37472, -0.001866, -0.836369, 0.548152, -0.0, 0.0, 0.0, 0.0, 1.0],
                [1.00001, -0.001852, 0.000605, 0.0, 0.000605, 0.590499, 0.807031, 0.37472, -0.001852, -0.80703, 0.590499, -0.0, 0.0, 0.0, 0.0, 1.0],
                [1.00001, -0.001835, 0.000653, 0.0, 0.000652, 0.631278, 0.775549, 0.37472, -0.001835, -0.775547, 0.631278, -0.0, 0.0, 0.0, 0.0, 1.0],
                [1.000012, -0.00182, 0.000693, 0.0, 0.000694, 0.665451, 0.746433, 0.37472, -0.00182, -0.746432, 0.66545, -0.0, 0.0, 0.0, 0.0, 1.0],
                [1.000011, -0.001807, 0.00073, 0.0, 0.00073, 0.694731, 0.71926, 0.37472, -0.001806, -0.71926, 0.69473, -0.0, 0.0, 0.0, 0.0, 1.0],
                [1.000011, -0.001794, 0.000759, -0.0, 0.00076, 0.718022, 0.696011, 0.37472, -0.001794, -0.696012, 0.718019, 0.0, 0.0, 0.0, 0.0, 1.0],
                [1.000011, -0.001784, 0.000786, 0.0, 0.000786, 0.738085, 0.674699, 0.37472, -0.001783, -0.674698, 0.738083, -0.0, 0.0, 0.0, 0.0, 1.0],
                [1.00001, -0.001772, 0.000812, 0.0, 0.000812, 0.757519, 0.652804, 0.37472, -0.001772, -0.652806, 0.757515, 0.0, 0.0, 0.0, 0.0, 1.0],
                [1.000011, -0.001761, 0.000836, 0.0, 0.000836, 0.77472, 0.632295, 0.37472, -0.001761, -0.632296, 0.774717, -0.0, 0.0, 0.0, 0.0, 1.0],
                [1.000011, -0.00175, 0.000859, 0.0, 0.000859, 0.791367, 0.611333, 0.37472, -0.001749, -0.611333, 0.791364, 0.0, 0.0, 0.0, 0.0, 1.0],
                [1.00001, -0.001739, 0.00088, 0.0, 0.00088, 0.805592, 0.592463, 0.37472, -0.001739, -0.592463, 0.805588, -0.0, 0.0, 0.0, 0.0, 1.0],
                [1.00001, -0.001728, 0.0009, 0.0, 0.0009, 0.819367, 0.573262, 0.37472, -0.001729, -0.573263, 0.819363, -0.0, 0.0, 0.0, 0.0, 1.0],
                [1.000008, -0.00172, 0.000917, 0.0, 0.000916, 0.829985, 0.557777, 0.37472, -0.00172, -0.557777, 0.829983, -0.0, 0.0, 0.0, 0.0, 1.0],
                [1.000008, -0.001711, 0.000933, 0.0, 0.000932, 0.840312, 0.542094, 0.37472, -0.001712, -0.542094, 0.84031, -0.0, 0.0, 0.0, 0.0, 1.0]
            ]
        },
        {
            "name": "Knee_L",
            "time": [0.0, 1.3333],
            "transform": [
                [1.0, 0.0, -0.0, 0.0, -0.0, 1e-06, -1.0, 0.37472, -0.0, 1.0, 1e-06, 0.0, 0.0, 0.0, 0.0, 1.0],
                [1.0, 0.0, -0.0, 0.0, -0.0, 1e-06, -1.0, 0.37472, -0.0, 1.0, 1e-06, -0.0, 0.0, 0.0, 0.0, 1.0]
            ]
        },
        {
            "name": "Torso",
            "time": [0.0, 0.3, 0.3333, 0.3667, 0.4, 0.4333, 0.4667, 0.5, 0.5333, 0.5667, 0.6, 0.6333, 0.6667, 0.7, 0.7333, 0.7667, 0.8, 0.8333, 0.8667, 0.9, 0.9333, 0.9667, 1.0, 1.0333, 1.0667, 1.1, 1.1333, 1.1667, 1.2, 1.2333, 1.2667, 1.3, 1.3333],
            "transform": [
                [0.9154, 0.015761, -0.402236, -0.0, 0.022813, 0.995596, 0.090928, 0.05, 0.401898, -0.092412, 0.911009, -0.0, 0.0, 0.0, 0.0, 1.0],
                [-0.12335, -0.841078, 0.526663, -0.0, -0.512692, 0.508413, 0.691855, 0.05, -0.849664, -0.184676, -0.493927, 0.0, 0.0, 0.0, 0.0, 1.0],
                [-0.126861, -0.851732, 0.508393, 0.0, -0.566645, 0.482901, 0.667622, 0.05, -0.814133, -0.203384, -0.543891, 0.0, 0.0, 0.0, 0.0, 1.0],
                [-0.164605, -0.825757, 0.539476, -0.0, -0.558378, 0.528871, 0.639147, 0.05, -0.813089, -0.196025, -0.54814, 0.0, 0.0, 0.0, 0.0, 1.0],
                [-0.226619, -0.761946, 0.606701, -0.0, -0.492175, 0.627112, 0.603734, 0.05, -0.840475, -0.161787, -0.517127, 0.0, 0.0, 0.0, 0.0, 1.0],
                [-0.294444, -0.662539, 0.688729, 0.0, -0.393777, 0.740768, 0.544247, 0.05, -0.870767, -0.110956, -0.479008, 0.0, 0.0, 0.0, 0.0, 1.0],
                [-0.35206, -0.542412, 0.762788, -0.0, -0.304551, 0.837003, 0.454619, 0.05, -0.885041, -0.072255, -0.459868, -0.0, 0.0, 0.0, 0.0, 1.0],
                [-0.42153, -0.434661, 0.795854, 0.0, -0.259162, 0.898779, 0.353604, 0.05, -0.868988, -0.057201, -0.491511, -0.0, 0.0, 0.0, 0.0, 1.0],
                [-0.540119, -0.337703, 0.770862, 0.0, -0.26799, 0.937297, 0.222842, 0.05, -0.797777, -0.086222, -0.596753, 0.0, 0.0, 0.0, 0.0, 1.0],
                [-0.699013, -0.247878, 0.670773, -0.0, -0.281073, 0.957747, 0.061017, 0.05, -0.657552, -0.145885, -0.73915, 0.0, 0.0, 0.0, 0.0, 1.0],
                [-0.836295, -0.18551, 0.51594, -0.0, -0.267899, 0.959299, -0.08932, 0.05, -0.478369, -0.212918, -0.851956, 0.0, 0.0, 0.0, 0.0, 1.0],
                [-0.915392, -0.162144, 0.368463, -0.0, -0.243447, 0.951932, -0.185909, 0.05, -0.320607, -0.259881, -0.910863, 0.0, 0.0, 0.0, 0.0, 1.0],
                [-0.935779, -0.168949, 0.309465, 0.0, -0.240467, 0.947728, -0.209744, 0.05, -0.257852, -0.270692, -0.92749, -0.0, 0.0, 0.0, 0.0, 1.0],
                [-0.924725, -0.193611, 0.327713, -0.0, -0.263317, 0.947103, -0.183477, 0.05, -0.274854, -0.255959, -0.926791, -0.0, 0.0, 0.0, 0.0, 1.0],
                [-0.901142, -0.227359, 0.369116, -0.0, -0.294273, 0.946039, -0.135713, 0.05, -0.31834, -0.230919, -0.919421, -0.0, 0.0, 0.0, 0.0, 1.0],
                [-0.865358, -0.267121, 0.424028, 0.0, -0.324609, 0.943391, -0.068172, 0.05, -0.381812, -0.196638, -0.903079, 0.0, 0.0, 0.0, 0.0, 1.0],
                [-0.817694, -0.313225, 0.482975, -0.0, -0.349016, 0.936969, 0.016752, 0.05, -0.457778, -0.154869, -0.875474, 0.0, 0.0, 0.0, 0.0, 1.0],
                [-0.759206, -0.362332, 0.540666, -0.0, -0.356609, 0.926499, 0.120141, 0.05, -0.544453, -0.101596, -0.832615, -0.0, 0.0, 0.0, 0.0, 1.0],
                [-0.694183, -0.4143, 0.588612, 0.0, -0.345702, 0.909159, 0.232211, 0.05, -0.631344, -0.042288, -0.774348, -0.0, 0.0, 0.0, 0.0, 1.0],
                [-0.626758, -0.468698, 0.622492, -0.0, -0.315127, 0.883093, 0.347627, 0.05, -0.712647, 0.021714, -0.701187, -0.0, 0.0, 0.0, 0.0, 1.0],
                [-0.56119, -0.520676, 0.643399, -0.0, -0.266454, 0.849615, 0.455147, 0.05, -0.783622, 0.083988, -0.615533, 0.0, 0.0, 0.0, 0.0, 1.0],
                [-0.506855, -0.570069, 0.646622, 0.0, -0.205421, 0.808382, 0.551656, 0.05, -0.837195, 0.146781, -0.526837, -0.0, 0.0, 0.0, 0.0, 1.0],
                [-0.459001, -0.613576, 0.642529, -0.0, -0.138648, 0.763825, 0.630358, 0.05, -0.877547, 0.200251, -0.435668, 0.0, 0.0, 0.0, 0.0, 1.0],
                [-0.4257, -0.647744, 0.63183, -0.0, -0.076097, 0.721414, 0.688312, 0.05, -0.901656, 0.244935, -0.356398, -0.0, 0.0, 0.0, 0.0, 1.0],
                [-0.401374, -0.675424, 0.61863, 0.0, -0.027955, 0.684143, 0.728814, 0.05, -0.915485, 0.275234, -0.29348, -0.0, 0.0, 0.0, 0.0, 1.0],
                [-0.385037, -0.695815, 0.606293, 0.0, 0.007919, 0.654429, 0.756085, 0.05, -0.922864, 0.295923, -0.246469, 0.0, 0.0, 0.0, 0.0, 1.0],
                [-0.367041, -0.715446, 0.594491, 0.0, 0.041562, 0.625846, 0.77884, 0.05, -0.929273, 0.310575, -0.199976, -0.0, 0.0, 0.0, 0.0, 1.0],
                [-0.352718, -0.732776, 0.581921, 0.0, 0.074204, 0.598028, 0.798035, 0.05, -0.932779, 0.324664, -0.15656, -0.0, 0.0, 0.0, 0.0, 1.0],
                [-0.338224, -0.74887, 0.569912, 0.0, 0.101786, 0.572939, 0.813254, 0.05, -0.935542, 0.333072, -0.117558, 0.0, 0.0, 0.0, 0.0, 1.0],
                [-0.325193, -0.765122, 0.555734, -0.0, 0.125074, 0.547713, 0.827267, 0.05, -0.937337, 0.33853, -0.082416, -0.0, 0.0, 0.0, 0.0, 1.0],
                [-0.310868, -0.779445, 0.543903, -0.0, 0.143386, 0.527247, 0.837528, 0.05, -0.939571, 0.338351, -0.052143, -0.0, 0.0, 0.0, 0.0, 1.0],
                [-0.29689, -0.793937, 0.530589, -0.0, 0.15838, 0.507007, 0.847268, 0.05, -0.941681, 0.335583, -0.024781, 0.0, 0.0, 0.0, 0.0, 1.0],
                [-0.283953, -0.806563, 0.518489, -0.0, 0.168353, 0.490409, 0.855078, 0.05, -0.943939, 0.330093, -0.003466, -0.0, 0.0, 0.0, 0.0, 1.0]
            ]
        },
        {
            "name": "Chest",
            "time": [0.0, 0.3, 0.3333, 0.3667, 0.4, 0.4333, 0.4667, 0.5, 0.5333, 0.5667, 0.6, 0.6333, 0.6667, 0.7, 0.7333, 0.7667, 0.8, 0.8333, 0.8667, 0.9, 0.9333, 0.9667, 1.0, 1.0333, 1.0667, 1.1, 1.1333, 1.1667, 1.2, 1.2333, 1.2667, 1.3, 1.3333],
            "transform": [
                [0.997702, -0.002353, 0.06767, 0.0, 0.003149, 0.999929, -0.011659, 0.3, -0.067638, 0.011846, 0.997639, -0.0, 0.0, 0.0, 0.0, 1.0],
                [0.897805, -0.366327, -0.24443, -0.0, 0.195391, 0.828766, -0.524378, 0.3, 0.394667, 0.423032, 0.815648, 0.0, 0.0, 0.0, 0.0, 1.0],
                [0.878936, -0.396292, -0.265367, -0.0, 0.226432, 0.836433, -0.499111, 0.3, 0.419753, 0.378602, 0.824904, -0.0, 0.0, 0.0, 0.0, 1.0],
                [0.882751, -0.394233, -0.25559, -0.0, 0.237105, 0.84345, -0.482055, 0.3, 0.405617, 0.364935, 0.838031, -0.0, 0.0, 0.0, 0.0, 1.0],
                [0.904756, -0.365251, -0.219096, 0.0, 0.228717, 0.850586, -0.473494, 0.3, 0.359302, 0.378288, 0.853111, -0.0, 0.0, 0.0, 0.0, 1.0],
                [0.93069, -0.320743, -0.175884, 0.0, 0.210128, 0.862343, -0.460667, 0.3, 0.299427, 0.391782, 0.869971, -0.0, 0.0, 0.0, 0.0, 1.0],
                [0.948875, -0.282185, -0.141429, -0.0, 0.197986, 0.88106, -0.42958, 0.3, 0.245827, 0.37962, 0.891884, -0.0, 0.0, 0.0, 0.0, 1.0],
                [0.954393, -0.264125, -0.139168, -0.0, 0.198058, 0.908961, -0.366835, 0.3, 0.223387, 0.322544, 0.919816, -0.0, 0.0, 0.0, 0.0, 1.0],
                [0.944454, -0.259215, -0.202011, -0.0, 0.207255, 0.946856, -0.245995, 0.3, 0.25504, 0.190465, 0.947986, 0.0, 0.0, 0.0, 0.0, 1.0],
                [0.919775, -0.21997, -0.324998, -0.0, 0.203827, 0.975453, -0.083365, 0.3, 0.335357, 0.010433, 0.942033, 0.0, 0.0, 0.0, 0.0, 1.0],
                [0.881247, -0.125725, -0.455623, -0.0, 0.177892, 0.981319, 0.073288, 0.3, 0.437894, -0.145637, 0.887152, -0.0, 0.0, 0.0, 0.0, 1.0],
                [0.837464, -0.017273, -0.546216, -0.0, 0.141794, 0.972141, 0.18666, 0.3, 0.527771, -0.233772, 0.816582, -0.0, 0.0, 0.0, 0.0, 1.0],
                [0.82298, 0.045358, -0.566254, -0.0, 0.115048, 0.962844, 0.244334, 0.3, 0.556294, -0.26623, 0.787183, 0.0, 0.0, 0.0, 0.0, 1.0],
                [0.840564, 0.064069, -0.537907, -0.0, 0.100875, 0.957102, 0.271631, 0.3, 0.532232, -0.282586, 0.798044, -0.0, 0.0, 0.0, 0.0, 1.0],
                [0.866245, 0.071119, -0.494528, 0.0, 0.08949, 0.951725, 0.293626, 0.3, 0.491535, -0.298609, 0.818062, -0.0, 0.0, 0.0, 0.0, 1.0],
                [0.896655, 0.069068, -0.437303, -0.0, 0.078079, 0.947606, 0.30976, 0.3, 0.435783, -0.311894, 0.844284, -0.0, 0.0, 0.0, 0.0, 1.0],
                [0.927077, 0.057248, -0.370466, -0.0, 0.068985, 0.945339, 0.318717, 0.3, 0.36846, -0.321034, 0.872453, 0.0, 0.0, 0.0, 0.0, 1.0],
                [0.955743, 0.039767, -0.291496, 0.0, 0.058277, 0.945599, 0.320078, 0.3, 0.288365, -0.322901, 0.901432, -0.0, 0.0, 0.0, 0.0, 1.0],
                [0.978406, 0.018667, -0.205833, 0.0, 0.047837, 0.948418, 0.3134, 0.3, 0.201065, -0.316481, 0.927045, 0.0, 0.0, 0.0, 0.0, 1.0],
                [0.993214, -0.003121, -0.11623, -0.0, 0.037594, 0.954569, 0.295616, 0.3, 0.110027, -0.297982, 0.948209, -0.0, 0.0, 0.0, 0.0, 1.0],
                [0.999422, -0.022443, -0.025427, -0.0, 0.028513, 0.961977, 0.271644, 0.3, 0.018363, -0.272213, 0.962061, 0.0, 0.0, 0.0, 0.0, 1.0],
                [0.997717, -0.035438, 0.057449, -0.0, 0.020767, 0.970973, 0.238294, 0.3, -0.064226, -0.236558, 0.969492, -0.0, 0.0, 0.0, 0.0, 1.0],
                [0.989629, -0.044211, 0.136658, -0.0, 0.01616, 0.979683, 0.199912, 0.3, -0.142719, -0.195631, 0.970237, -0.0, 0.0, 0.0, 0.0, 1.0],
                [0.978641, -0.044769, 0.20063, -0.0, 0.012261, 0.986974, 0.160428, 0.3, -0.205197, -0.154542, 0.966442, 0.0, 0.0, 0.0, 0.0, 1.0],
                [0.967446, -0.043318, 0.249334, 0.0, 0.013835, 0.992824, 0.118802, 0.3, -0.25269, -0.111486, 0.961102, 0.0, 0.0, 0.0, 0.0, 1.0],
                [0.957806, -0.037979, 0.284888, 0.0, 0.016501, 0.996864, 0.077415, 0.3, -0.286934, -0.069448, 0.955429, 0.0, 0.0, 0.0, 0.0, 1.0],
                [0.947014, -0.030576, 0.319727, -0.0, 0.021444, 0.999259, 0.032043, 0.3, -0.320468, -0.023489, 0.946967, -0.0, 0.0, 0.0, 0.0, 1.0],
                [0.936129, -0.018856, 0.351145, 0.0, 0.027247, 0.999451, -0.018972, 0.3, -0.350593, 0.027328, 0.936128, -0.0, 0.0, 0.0, 0.0, 1.0],
                [0.925435, -0.004641, 0.378868, -0.0, 0.034379, 0.996832, -0.071767, 0.3, -0.377332, 0.079442, 0.922664, 0.0, 0.0, 0.0, 0.0, 1.0],
                [0.915236, 0.010742, 0.40277, -0.0, 0.044857, 0.990716, -0.128352, 0.3, -0.400407, 0.13554, 0.906257, 0.0, 0.0, 0.0, 0.0, 1.0],
                [0.905009, 0.026644, 0.424551, -0.0, 0.056704, 0.981576, -0.182477, 0.3, -0.421589, 0.189218, 0.886825, 0.0, 0.0, 0.0, 0.0, 1.0],
                [0.895718, 0.042556, 0.442578, -0.0, 0.071901, 0.968445, -0.238638, 0.3, -0.438767, 0.245574, 0.864394, -0.0, 0.0, 0.0, 0.0, 1.0],
                [0.887537, 0.057559, 0.45712, 0.0, 0.089217, 0.951917, -0.293085, 0.3, -0.452008, 0.300908, 0.839728, 0.0, 0.0, 0.0, 0.0, 1.0]
            ]
        },
        {
            "name": "Head",
            "time": [0.0, 0.3, 0.3333, 0.3667, 0.4, 0.4333, 0.4667, 0.5, 0.5333, 0.5667, 0.6, 0.6333, 0.6667, 0.7, 0.7333, 0.7667, 0.8, 0.8333, 0.8667, 0.9, 0.9333, 0.9667, 1.0, 1.0333, 1.0667, 1.1, 1.1333, 1.1667, 1.2, 1.2333, 1.2667, 1.3, 1.3333],
            "transform": [
                [0.76413, -0.195185, 0.614824, 0.0, 0.039681, 0.965541, 0.257207, 0.4, -0.643841, -0.172143, 0.745544, -0.0, 0.0, 0.0, 0.0, 1.0],
                [0.980885, 0.150146, -0.12379, -0.0, -0.1836, 0.924875, -0.33301, 0.4, 0.064491, 0.349372, 0.93476, -0.0, 0.0, 0.0, 0.0, 1.0],
                [0.979891, 0.112331, -0.164908, -0.0, -0.168032, 0.910261, -0.378407, 0.4, 0.107602, 0.398509, 0.910829, -0.0, 0.0, 0.0, 0.0, 1.0],
                [0.974266, 0.083062, -0.209548, -0.0, -0.148931, 0.93502, -0.321801, 0.4, 0.169203, 0.344728, 0.923325, 0.0, 0.0, 0.0, 0.0, 1.0],
