{
    "animation": [
        {
            "name": "Root",
            "time": [0.0, 0.3, 0.3333, 0.3667, 0.4, 0.4333, 0.4667, 0.5, 0.5333, 0.5667, 0.6, 0.6333, 0.6667, 0.7, 0.7333, 0.7667, 0.8, 0.8333, 0.8667, 0.9, 0.9333, 0.9667, 1.0, 1.0333, 1.0667, 1.1, 1.1333, 1.1667, 1.2, 1.2333, 1.2667, 1.3, 1.3333, 1.3667, 1.4, 1.4333, 1.4667, 1.5, 1.5333, 1.5667, 1.6, 1.6333, 1.6667, 1.7, 1.7333, 1.7667, 1.8, 1.8333, 1.8667, 1.9, 1.9333, 1.9667, 2.0, 2.0333, 2.0667, 2.1, 2.1333, 2.1667, 2.2, 2.2333, 2.2667, 2.3, 2.3333, 2.3667, 2.4, 2.4333, 2.4667, 2.5, 2.5333, 2.5667, 2.6, 2.6333],
            "transform": [
                [0.907198, 0.000421, -0.420704, -0.10386, -0.420638, 0.018703, -0.907037, -0.167926, 0.007487, 0.999825, 0.017144, 0.674235, 0.0, 0.0, 0.0, 1.0],
                [-0.035962, -0.067521, -0.997071, -0.371056, -0.98648, 0.162025, 0.024608, -0.2609, 0.159888, 0.984474, -0.072435, -0.02672, 0.0, 0.0, 0.0, 1.0],
                [-0.036449, -0.066673, -0.99711, -0.371058, -0.977803, 0.208394, 0.021808, -0.276533, 0.206338, 0.97577, -0.072789, -0.059173, 0.0, 0.0, 0.0, 1.0],
                [-0.03782, -0.065472, -0.997139, -0.371851, -0.972381, 0.232399, 0.021621, -0.286161, 0.230318, 0.970414, -0.072453, -0.078192, 0.0, 0.0, 0.0, 1.0],
                [-0.040191, -0.066575, -0.996973, -0.373879, -0.967675, 0.25122, 0.022234, -0.296445, 0.24898, 0.965637, -0.07452, -0.0972, 0.0, 0.0, 0.0, 1.0],
                [-0.042166, -0.067009, -0.996862, -0.376612, -0.964125, 0.264452, 0.023005, -0.306562, 0.26208, 0.962068, -0.075756, -0.116214, 0.0, 0.0, 0.0, 1.0],
                [-0.043095, -0.068048, -0.996752, -0.37952, -0.961465, 0.273979, 0.022865, -0.315605, 0.271533, 0.959325, -0.077233, -0.130876, 0.0, 0.0, 0.0, 1.0],
                [-0.044085, -0.068784, -0.996658, -0.382076, -0.960088, 0.278732, 0.02323, -0.322797, 0.276202, 0.957903, -0.078327, -0.143756, 0.0, 0.0, 0.0, 1.0],
                [-0.045077, -0.069514, -0.996564, -0.383751, -0.958689, 0.283479, 0.023591, -0.327225, 0.280864, 0.956456, -0.079421, -0.150049, 0.0, 0.0, 0.0, 1.0],
                [-0.045221, -0.068864, -0.996602, -0.384014, -0.958241, 0.284975, 0.023789, -0.328114, 0.282369, 0.956058, -0.078875, -0.15247, 0.0, 0.0, 0.0, 1.0],
                [-0.045363, -0.068214, -0.99664, -0.38234, -0.957789, 0.286471, 0.023988, -0.324562, 0.283871, 0.955658, -0.07833, -0.14697, 0.0, 0.0, 0.0, 1.0],
                [-0.043483, -0.06568, -0.996895, -0.378198, -0.957312, 0.288159, 0.022771, -0.315743, 0.285768, 0.955328, -0.075406, -0.133407, 0.0, 0.0, 0.0, 1.0],
                [-0.041598, -0.063152, -0.997138, -0.371059, -0.956828, 0.289854, 0.021559, -0.300811, 0.287662, 0.954985, -0.072483, -0.110655, 0.0, 0.0, 0.0, 1.0],
                [-0.021478, -0.04967, -0.998536, -0.341535, -0.946882, 0.321552, 0.004373, -0.222062, 0.320863, 0.945589, -0.053938, -0.059558, 0.0, 0.0, 0.0, 1.0],
                [0.012191, -0.030593, -0.999459, -0.292437, -0.939176, 0.342736, -0.021946, -0.097315, 0.343221, 0.938934, -0.024554, 0.064574, 0.0, 0.0, 0.0, 1.0],
                [0.009836, -0.016852, -0.999811, -0.256511, -0.969409, 0.245072, -0.013667, -0.039136, 0.245256, 0.969359, -0.013926, 0.301114, 0.0, 0.0, 0.0, 1.0],
                [-0.051455, -0.032232, -0.998156, -0.246564, -0.998022, -0.034481, 0.052562, -0.095464, -0.036111, 0.998886, -0.030394, 0.693117, 0.0, 0.0, 0.0, 1.0],
                [-0.131159, -0.090024, -0.987266, -0.249786, -0.895499, -0.416473, 0.156944, -0.218458, -0.425298, 0.90468, -0.025992, 1.197538, 0.0, 0.0, 0.0, 1.0],
                [-0.159712, -0.160938, -0.973958, -0.260488, -0.580695, -0.782546, 0.224533, -0.378103, -0.798301, 0.601433, 0.031527, 1.724673, 0.0, 0.0, 0.0, 1.0],
                [-0.100916, -0.198855, -0.974821, -0.283588, 0.006226, -0.979928, 0.199253, -0.579882, -0.994876, 0.014038, 0.100129, 2.317283, 0.0, 0.0, 0.0, 1.0],
                [-0.020354, -0.163181, -0.986388, -0.314195, 0.65848, -0.744576, 0.109591, -0.818308, -0.752323, -0.647286, 0.122607, 2.932605, 0.0, 0.0, 0.0, 1.0],
                [0.010583, -0.104737, -0.994445, -0.331883, 0.96269, -0.267859, 0.038456, -1.046905, -0.270398, -0.957749, 0.097994, 3.352626, 0.0, 0.0, 0.0, 1.0],
                [0.005694, -0.070268, -0.997514, -0.334134, 0.988144, 0.15344, -0.005168, -1.257021, 0.153421, -0.985657, 0.070309, 3.577892, 0.0, 0.0, 0.0, 1.0],
                [-0.010713, -0.042808, -0.999028, -0.332669, 0.849623, 0.526439, -0.031669, -1.469105, 0.527281, -0.849135, 0.030731, 3.75862, 0.0, 0.0, 0.0, 1.0],
                [-0.033719, -0.027166, -0.999064, -0.328486, 0.595338, 0.802382, -0.041911, -1.680326, 0.802767, -0.596193, -0.010883, 3.901309, 0.0, 0.0, 0.0, 1.0],
                [-0.057607, -0.023985, -0.998052, -0.322585, 0.282309, 0.958518, -0.03933, -1.887854, 0.957593, -0.284024, -0.048446, 4.012459, 0.0, 0.0, 0.0, 1.0],
                [-0.076326, -0.030209, -0.996627, -0.315961, -0.037097, 0.998935, -0.027438, -2.08886, 0.996393, 0.034877, -0.077366, 4.098574, 0.0, 0.0, 0.0, 1.0],
                [-0.088007, -0.039749, -0.995328, -0.309611, -0.327345, 0.944864, -0.00879, -2.280513, 0.940797, 0.325042, -0.096166, 4.166146, 0.0, 0.0, 0.0, 1.0],
                [-0.091379, -0.049899, -0.994566, -0.304539, -0.564554, 0.82533, 0.010462, -2.459985, 0.820323, 0.562442, -0.103588, 4.221677, 0.0, 0.0, 0.0, 1.0],
                [-0.076748, -0.058294, -0.995346, -0.300294, -0.704483, 0.709607, 0.012762, -2.60925, 0.705559, 0.702183, -0.095528, 4.217647, 0.0, 0.0, 0.0, 1.0],
                [-0.041122, -0.063283, -0.997149, -0.295871, -0.758504, 0.651591, -0.010072, -2.725899, 0.65037, 0.755927, -0.074795, 4.134201, 0.0, 0.0, 0.0, 1.0],
                [-0.002015, -0.060815, -0.998148, -0.291411, -0.77754, 0.627763, -0.036678, -2.830522, 0.62883, 0.776026, -0.048551, 4.019351, 0.0, 0.0, 0.0, 1.0],
                [0.035731, -0.058349, -0.997657, -0.287081, -0.80002, 0.596598, -0.063545, -2.943717, 0.598908, 0.800417, -0.025364, 3.921103, 0.0, 0.0, 0.0, 1.0],
                [0.071141, -0.054901, -0.995955, -0.282829, -0.815031, 0.572421, -0.089772, -3.08854, 0.575034, 0.81812, -0.004023, 3.847068, 0.0, 0.0, 0.0, 1.0],
                [0.093475, -0.05475, -0.994117, -0.279241, -0.816944, 0.56651, -0.108016, -3.20604, 0.569089, 0.822234, 0.008227, 3.778015, 0.0, 0.0, 0.0, 1.0],
                [0.102572, -0.05333, -0.993296, -0.276271, -0.825691, 0.552295, -0.114917, -3.263707, 0.55472, 0.831942, 0.012615, 3.713355, 0.0, 0.0, 0.0, 1.0],
                [0.104781, -0.05317, -0.993074, -0.273461, -0.83401, 0.53923, -0.116869, -3.30246, 0.541709, 0.840478, 0.012157, 3.650548, 0.0, 0.0, 0.0, 1.0],
                [0.107034, -0.052947, -0.992846, -0.271159, -0.842171, 0.525951, -0.118839, -3.332208, 0.52848, 0.848865, 0.011704, 3.590882, 0.0, 0.0, 0.0, 1.0],
                [0.107621, -0.053397, -0.992758, -0.269774, -0.848029, 0.516254, -0.119699, -3.361886, 0.518906, 0.854769, 0.010277, 3.537218, 0.0, 0.0, 0.0, 1.0],
                [0.109044, -0.054536, -0.992542, -0.270096, -0.849319, 0.513699, -0.121535, -3.393105, 0.516494, 0.856236, 0.009698, 3.49014, 0.0, 0.0, 0.0, 1.0],
                [0.106864, -0.054601, -0.992774, -0.271815, -0.849003, 0.514653, -0.119694, -3.418756, 0.517469, 0.855659, 0.008642, 3.45227, 0.0, 0.0, 0.0, 1.0],
                [0.104685, -0.054662, -0.993003, -0.273673, -0.848681, 0.515608, -0.117853, -3.43494, 0.518443, 0.855079, 0.007586, 3.429118, 0.0, 0.0, 0.0, 1.0],
                [0.100182, -0.052866, -0.993566, -0.275208, -0.851745, 0.511604, -0.113104, -3.443054, 0.51429, 0.857594, 0.006225, 3.418031, 0.0, 0.0, 0.0, 1.0],
                [0.095655, -0.051112, -0.994103, -0.27679, -0.854766, 0.50758, -0.108345, -3.447779, 0.510124, 0.860087, 0.004864, 3.411857, 0.0, 0.0, 0.0, 1.0],
                [0.091105, -0.0494, -0.994616, -0.278408, -0.857742, 0.503539, -0.103578, -3.450137, 0.505944, 0.862559, 0.003502, 3.409361, 0.0, 0.0, 0.0, 1.0],
                [0.086533, -0.047732, -0.995106, -0.280047, -0.860673, 0.499481, -0.098801, -3.451148, 0.501752, 0.86501, 0.00214, 3.409316, 0.0, 0.0, 0.0, 1.0],
                [0.081939, -0.046105, -0.995571, -0.281699, -0.863559, 0.495406, -0.094016, -3.451837, 0.497546, 0.867437, 0.000779, 3.410489, 0.0, 0.0, 0.0, 1.0],
                [0.077633, -0.043681, -0.996026, -0.283349, -0.865085, 0.493653, -0.089077, -3.45322, 0.495581, 0.868562, 0.000536, 3.411651, 0.0, 0.0, 0.0, 1.0],
                [0.073072, -0.042238, -0.996433, -0.285029, -0.864064, 0.496256, -0.084401, -3.454367, 0.49805, 0.867148, -0.000234, 3.416394, 0.0, 0.0, 0.0, 1.0],
                [0.069976, -0.04015, -0.996741, -0.286752, -0.860329, 0.503316, -0.080674, -3.454213, 0.504915, 0.863169, 0.000678, 3.426015, 0.0, 0.0, 0.0, 1.0],
                [0.066916, -0.038002, -0.997036, -0.288477, -0.856528, 0.510334, -0.076938, -3.453594, 0.511744, 0.859136, 0.0016, 3.435823, 0.0, 0.0, 0.0, 1.0],
                [0.057167, -0.040092, -0.997561, -0.290215, -0.853161, 0.516974, -0.06967, -3.452693, 0.518505, 0.855062, -0.004651, 3.444743, 0.0, 0.0, 0.0, 1.0],
                [0.047424, -0.042059, -0.99799, -0.291955, -0.849649, 0.523639, -0.062443, -3.451326, 0.525213, 0.850901, -0.010902, 3.453852, 0.0, 0.0, 0.0, 1.0],
                [0.038894, -0.043145, -0.998312, -0.293609, -0.847735, 0.527474, -0.055824, -3.44977, 0.528992, 0.848475, -0.01606, 3.46172, 0.0, 0.0, 0.0, 1.0],
                [0.03677, -0.043472, -0.998379, -0.295244, -0.848139, 0.526996, -0.054184, -3.447945, 0.528496, 0.848755, -0.017492, 3.468775, 0.0, 0.0, 0.0, 1.0],
                [0.034646, -0.043801, -0.998441, -0.296914, -0.848538, 0.52652, -0.052543, -3.44582, 0.528, 0.849034, -0.018925, 3.47589, 0.0, 0.0, 0.0, 1.0],
                [0.034565, -0.045349, -0.998374, -0.298523, -0.848851, 0.52594, -0.053278, -3.443743, 0.5275, 0.849313, -0.020316, 3.482306, 0.0, 0.0, 0.0, 1.0],
                [0.036372, -0.044669, -0.998341, -0.299972, -0.84985, 0.524208, -0.054417, -3.442066, 0.525769, 0.850418, -0.018896, 3.487257, 0.0, 0.0, 0.0, 1.0],
                [0.042665, -0.046632, -0.998002, -0.301169, -0.850632, 0.52224, -0.060767, -3.441144, 0.52403, 0.851523, -0.017385, 3.489981, 0.0, 0.0, 0.0, 1.0],
                [0.048966, -0.048569, -0.99762, -0.302131, -0.851363, 0.520266, -0.067117, -3.440892, 0.522287, 0.852622, -0.015875, 3.490345, 0.0, 0.0, 0.0, 1.0],
                [0.060543, -0.050957, -0.996865, -0.302955, -0.851857, 0.517902, -0.078211, -3.440994, 0.520263, 0.853921, -0.012053, 3.489043, 0.0, 0.0, 0.0, 1.0],
                [0.072128, -0.053295, -0.995972, -0.303646, -0.852195, 0.515546, -0.089303, -3.441458, 0.518228, 0.855203, -0.008232, 3.486548, 0.0, 0.0, 0.0, 1.0],
                [0.083721, -0.055581, -0.994939, -0.304213, -0.852378, 0.513199, -0.100394, -3.442286, 0.516181, 0.856468, -0.004411, 3.483333, 0.0, 0.0, 0.0, 1.0],
                [0.095363, -0.057826, -0.993763, -0.30467, -0.852405, 0.510851, -0.111525, -3.443494, 0.514113, 0.857722, -0.000575, 3.479854, 0.0, 0.0, 0.0, 1.0],
                [0.098838, -0.059116, -0.993347, -0.305012, -0.8523, 0.510217, -0.115168, -3.445058, 0.51363, 0.858013, 4.4e-05, 3.476643, 0.0, 0.0, 0.0, 1.0],
                [0.102359, -0.060412, -0.992913, -0.305232, -0.852181, 0.50957, -0.118855, -3.447073, 0.513138, 0.858306, 0.000677, 3.473514, 0.0, 0.0, 0.0, 1.0],
                [0.10367, -0.059985, -0.992803, -0.305315, -0.851488, 0.510515, -0.11976, -3.449516, 0.514024, 0.857774, 0.001848, 3.470101, 0.0, 0.0, 0.0, 1.0],
                [0.104981, -0.059563, -0.99269, -0.305305, -0.850794, 0.51146, -0.120664, -3.452268, 0.514907, 0.857241, 0.003018, 3.466485, 0.0, 0.0, 0.0, 1.0],
                [0.104905, -0.058339, -0.99277, -0.305233, -0.850266, 0.5125, -0.119963, -3.455215, 0.515793, 0.856704, 0.00416, 3.462738, 0.0, 0.0, 0.0, 1.0],
                [0.10483, -0.057115, -0.99285, -0.305137, -0.849739, 0.513538, -0.119262, -3.45824, 0.516677, 0.856164, 0.005301, 3.458939, 0.0, 0.0, 0.0, 1.0],
                [0.104756, -0.055889, -0.992927, -0.305053, -0.84921, 0.514574, -0.118558, -3.461227, 0.51756, 0.855622, 0.006443, 3.455166, 0.0, 0.0, 0.0, 1.0],
                [0.104685, -0.054662, -0.993003, -0.305017, -0.848681, 0.515608, -0.117853, -3.464057, 0.518443, 0.855079, 0.007586, 3.451497, 0.0, 0.0, 0.0, 1.0]
            ]
        },
        {
            "name": "Thigh_R",
            "time": [0.0, 0.1667, 0.3, 0.3333, 0.3667, 0.4, 0.4333, 0.4667, 0.5, 0.5333, 0.5667, 0.6, 0.6333, 0.6667, 0.7, 0.7333, 0.7667, 0.8, 0.8333, 0.8667, 0.9, 0.9333, 0.9667, 1.0, 1.0333, 1.0667, 1.1, 1.1333, 1.1667, 1.2, 1.2333, 1.2667, 1.3, 1.3333, 1.3667, 1.4, 1.4333, 1.4667, 1.5, 1.5333, 1.5667, 1.6, 1.6333, 1.6667, 1.7, 1.7333, 1.7667, 1.8, 1.8333, 1.8667, 1.9, 1.9333, 1.9667, 2.0, 2.0333, 2.0667, 2.1, 2.1333, 2.1667, 2.2, 2.2333, 2.2667, 2.3, 2.3333, 2.3667, 2.4, 2.4333, 2.4667, 2.5, 2.5333, 2.5667, 2.6, 2.6333],
            "transform": [
                [0.945483, 0.067158, 0.318675, 0.133847, 0.064694, -0.997738, 0.018325, 0.001085, 0.319184, 0.00329, -0.947687, 0.043038, 0.0, 0.0, 0.0, 1.0],
                [0.651202, -0.593907, -0.472452, 0.144284, -0.340679, -0.785066, 0.517311, 0.091247, -0.678139, -0.175919, -0.713569, -0.087207, 0.0, 0.0, 0.0, 1.0],
                [-0.160819, -0.87004, -0.466013, 0.110748, -0.123557, -0.450697, 0.884086, 0.026552, -0.979218, 0.199758, -0.03502, -0.180361, 0.0, 0.0, 0.0, 1.0],
                [-0.16184, -0.918856, -0.359876, 0.102363, -0.119667, -0.343718, 0.931418, 0.010379, -0.979534, 0.193805, -0.05433, -0.20365, 0.0, 0.0, 0.0, 1.0],
                [-0.161319, -0.940867, -0.297901, 0.09293, -0.117506, -0.281395, 0.952372, 0.009381, -0.979881, 0.188641, -0.065164, -0.198905, 0.0, 0.0, 0.0, 1.0],
                [-0.159524, -0.95698, -0.242366, 0.083496, -0.115089, -0.225807, 0.967351, 0.008384, -0.980461, 0.18221, -0.074117, -0.194161, 0.0, 0.0, 0.0, 1.0],
                [-0.157916, -0.968332, -0.193381, 0.074062, -0.112076, -0.176996, 0.977811, 0.007386, -0.98107, 0.176085, -0.080577, -0.189417, 0.0, 0.0, 0.0, 1.0],
                [-0.15514, -0.975726, -0.154573, 0.064629, -0.110516, -0.138343, 0.984201, 0.006388, -0.98169, 0.169772, -0.086371, -0.184673, 0.0, 0.0, 0.0, 1.0],
                [-0.15287, -0.980331, -0.124837, 0.055195, -0.108918, -0.108838, 0.988076, 0.005391, -0.982224, 0.164644, -0.090138, -0.179928, 0.0, 0.0, 0.0, 1.0],
                [-0.149851, -0.982841, -0.107559, 0.045761, -0.109335, -0.091648, 0.989773, 0.004393, -0.982643, 0.160078, -0.093726, -0.175184, 0.0, 0.0, 0.0, 1.0],
                [-0.147101, -0.983739, -0.103065, 0.036328, -0.110802, -0.087154, 0.990016, 0.003396, -0.982894, 0.157052, -0.09618, -0.17044, 0.0, 0.0, 0.0, 1.0],
                [-0.144484, -0.983103, -0.112405, 0.026894, -0.114299, -0.096255, 0.988774, 0.002398, -0.982881, 0.15571, -0.098461, -0.165695, 0.0, 0.0, 0.0, 1.0],
                [-0.141749, -0.980349, -0.137198, 0.01746, -0.120868, -0.120419, 0.985339, 0.0014, -0.982494, 0.156253, -0.101424, -0.160951, 0.0, 0.0, 0.0, 1.0],
                [-0.138727, -0.974267, -0.177647, 0.008026, -0.129531, -0.15999, 0.978585, 0.000403, -0.981821, 0.158768, -0.104003, -0.156207, 0.0, 0.0, 0.0, 1.0],
                [-0.135606, -0.949432, -0.283182, 0.0043, -0.159331, -0.261204, 0.952045, 0.015803, -0.977865, 0.174223, -0.115854, -0.158247, 0.0, 0.0, 0.0, 1.0],
                [-0.115919, -0.819989, -0.56052, 0.000574, -0.204838, -0.532457, 0.8213, 0.031203, -0.971906, 0.21002, -0.106243, -0.160287, 0.0, 0.0, 0.0, 1.0],
                [-0.06538, -0.384672, -0.920737, -0.003152, -0.186628, -0.901714, 0.389978, 0.046603, -0.98025, 0.197333, -0.012837, -0.162327, 0.0, 0.0, 0.0, 1.0],
                [-0.020945, -0.007486, -0.999754, -0.006879, -0.210114, -0.977609, 0.011721, 0.062003, -0.977449, 0.210309, 0.018903, -0.164367, 0.0, 0.0, 0.0, 1.0],
                [0.035973, 0.367451, -0.929349, -0.010605, -0.223046, -0.903541, -0.36588, 0.077403, -0.97414, 0.220451, 0.049455, -0.166407, 0.0, 0.0, 0.0, 1.0],
                [0.08781, 0.535331, -0.840068, -0.014331, -0.218662, -0.812398, -0.540555, 0.092803, -0.971838, 0.231159, 0.045721, -0.168446, 0.0, 0.0, 0.0, 1.0],
                [0.138806, 0.395515, -0.907912, -0.018058, -0.213916, -0.883168, -0.417441, 0.108202, -0.966937, 0.252161, -0.037982, -0.170486, 0.0, 0.0, 0.0, 1.0],
                [0.180108, 0.057193, -0.981985, -0.021784, -0.22944, -0.968329, -0.09848, 0.123602, -0.956512, 0.243044, -0.161282, -0.172526, 0.0, 0.0, 0.0, 1.0],
                [0.18098, -0.212094, -0.960348, -0.025511, -0.25402, -0.953417, 0.162693, 0.139002, -0.950114, 0.214504, -0.226426, -0.174566, 0.0, 0.0, 0.0, 1.0],
                [0.149647, -0.340991, -0.928081, -0.029236, -0.271946, -0.916642, 0.292939, 0.154401, -0.950603, 0.208551, -0.229905, -0.176606, 0.0, 0.0, 0.0, 1.0],
                [0.10499, -0.447012, -0.888347, -0.005349, -0.287357, -0.868814, 0.403223, 0.13973, -0.95205, 0.212939, -0.21967, -0.181097, 0.0, 0.0, 0.0, 1.0],
                [0.052455, -0.533105, -0.844423, 0.018539, -0.296804, -0.815697, 0.496534, 0.125059, -0.953495, 0.224583, -0.201016, -0.185588, 0.0, 0.0, 0.0, 1.0],
                [-0.003911, -0.603104, -0.797655, 0.042427, -0.299094, -0.760439, 0.576434, 0.110388, -0.954214, 0.240828, -0.177411, -0.190079, 0.0, 0.0, 0.0, 1.0],
                [-0.057389, -0.660192, -0.748902, 0.066317, -0.293206, -0.705911, 0.644764, 0.095717, -0.954325, 0.256585, -0.153062, -0.19457, 0.0, 0.0, 0.0, 1.0],
                [-0.103496, -0.708197, -0.698389, 0.090202, -0.27887, -0.653333, 0.703838, 0.081045, -0.954735, 0.267604, -0.129878, -0.199061, 0.0, 0.0, 0.0, 1.0],
                [-0.136098, -0.750729, -0.64644, 0.091551, -0.257689, -0.603225, 0.754797, 0.076913, -0.956593, 0.269307, -0.111358, -0.190248, 0.0, 0.0, 0.0, 1.0],
                [-0.145267, -0.777271, -0.612168, 0.092899, -0.22369, -0.576907, 0.785584, 0.072781, -0.963772, 0.251055, -0.090063, -0.181435, 0.0, 0.0, 0.0, 1.0],
                [-0.13281, -0.786838, -0.6027, 0.094246, -0.177648, -0.57934, 0.795492, 0.068648, -0.97509, 0.212718, -0.062839, -0.172623, 0.0, 0.0, 0.0, 1.0],
                [-0.112923, -0.792855, -0.598859, 0.095593, -0.129671, -0.585798, 0.800018, 0.064516, -0.985105, 0.167995, -0.036661, -0.16381, 0.0, 0.0, 0.0, 1.0],
                [-0.098225, -0.811854, -0.575539, 0.09694, -0.090341, -0.568673, 0.817589, 0.060384, -0.991054, 0.132302, -0.017486, -0.154997, 0.0, 0.0, 0.0, 1.0],
                [-0.102964, -0.824721, -0.556088, 0.090179, -0.088759, -0.54921, 0.830959, 0.048092, -0.990716, 0.134917, -0.016653, -0.153785, 0.0, 0.0, 0.0, 1.0],
                [-0.089389, -0.914243, -0.395183, 0.083419, -0.066651, -0.390391, 0.918235, 0.035802, -0.993763, 0.10842, -0.026039, -0.152572, 0.0, 0.0, 0.0, 1.0],
                [-0.087966, -0.968038, -0.234873, 0.076658, -0.065951, -0.22961, 0.971047, 0.02351, -0.993936, 0.10091, -0.043646, -0.15136, 0.0, 0.0, 0.0, 1.0],
                [-0.089701, -0.990674, -0.102561, 0.069897, -0.071386, -0.096316, 0.992789, 0.01122, -0.993406, 0.096376, -0.062081, -0.150147, 0.0, 0.0, 0.0, 1.0],
                [-0.094242, -0.99548, 0.01188, 0.063136, -0.079229, 0.019395, 0.99667, -0.00107, -0.99239, 0.092987, -0.080699, -0.148935, 0.0, 0.0, 0.0, 1.0],
                [-0.098643, -0.987636, 0.121849, 0.060027, -0.084099, 0.130281, 0.987905, -0.01284, -0.99156, 0.087203, -0.095912, -0.147443, 0.0, 0.0, 0.0, 1.0],
                [-0.102095, -0.967792, 0.230132, 0.056916, -0.082069, 0.238747, 0.96761, -0.02461, -0.99138, 0.079901, -0.103801, -0.14595, 0.0, 0.0, 0.0, 1.0],
                [-0.104924, -0.941215, 0.321106, 0.053806, -0.077282, 0.329629, 0.940944, -0.036381, -0.99147, 0.073912, -0.107325, -0.144458, 0.0, 0.0, 0.0, 1.0],
                [-0.107155, -0.920431, 0.375934, 0.050696, -0.074159, 0.384457, 0.920161, -0.048151, -0.99147, 0.070721, -0.109455, -0.142965, 0.0, 0.0, 0.0, 1.0],
                [-0.108038, -0.91102, 0.397964, 0.047585, -0.072864, 0.406486, 0.910748, -0.059921, -0.991469, 0.069398, -0.110298, -0.141473, 0.0, 0.0, 0.0, 1.0],
                [-0.109004, -0.906625, 0.407618, 0.051172, -0.072657, 0.416231, 0.906353, -0.056553, -0.99138, 0.06918, -0.111244, -0.135379, 0.0, 0.0, 0.0, 1.0],
                [-0.10961, -0.906257, 0.408274, 0.054758, -0.072985, 0.416978, 0.905983, -0.053186, -0.991288, 0.069507, -0.111849, -0.129285, 0.0, 0.0, 0.0, 1.0],
                [-0.110176, -0.908405, 0.403318, 0.058344, -0.073364, 0.412115, 0.908175, -0.049818, -0.991198, 0.07047, -0.11205, -0.123191, 0.0, 0.0, 0.0, 1.0],
                [-0.110741, -0.910526, 0.398352, 0.061931, -0.073746, 0.407241, 0.910341, -0.046451, -0.991106, 0.071435, -0.112247, -0.117098, 0.0, 0.0, 0.0, 1.0],
                [-0.11105, -0.912069, 0.394719, 0.065517, -0.07139, 0.40347, 0.912206, -0.043084, -0.991245, 0.073121, -0.109918, -0.111004, 0.0, 0.0, 0.0, 1.0],
                [-0.111367, -0.913596, 0.391079, 0.064957, -0.069035, 0.399688, 0.91405, -0.043402, -0.991376, 0.074797, -0.107583, -0.113961, 0.0, 0.0, 0.0, 1.0],
                [-0.112238, -0.917573, 0.381401, 0.064398, -0.064664, 0.389758, 0.918647, -0.04372, -0.991572, 0.078444, -0.10308, -0.116918, 0.0, 0.0, 0.0, 1.0],
                [-0.113154, -0.921441, 0.371683, 0.063839, -0.060301, 0.379765, 0.923117, -0.044038, -0.991742, 0.082042, -0.098537, -0.119875, 0.0, 0.0, 0.0, 1.0],
                [-0.119321, -0.924759, 0.361373, 0.06328, -0.059906, 0.370016, 0.927093, -0.044357, -0.991043, 0.088974, -0.09955, -0.122832, 0.0, 0.0, 0.0, 1.0],
                [-0.125489, -0.927925, 0.351016, 0.062721, -0.059577, 0.360222, 0.930964, -0.044674, -0.990302, 0.095913, -0.100487, -0.125788, 0.0, 0.0, 0.0, 1.0],
                [-0.128586, -0.931437, 0.340434, 0.062161, -0.060143, 0.349976, 0.934827, -0.044993, -0.98987, 0.099731, -0.101022, -0.128745, 0.0, 0.0, 0.0, 1.0],
                [-0.126507, -0.936745, 0.326359, 0.061602, -0.060254, 0.335651, 0.940059, -0.045311, -0.99013, 0.099261, -0.098905, -0.131702, 0.0, 0.0, 0.0, 1.0],
                [-0.124427, -0.941835, 0.312202, 0.061042, -0.060332, 0.321246, 0.945074, -0.04563, -0.99039, 0.098757, -0.096795, -0.134659, 0.0, 0.0, 0.0, 1.0],
                [-0.122346, -0.946705, 0.29797, 0.060484, -0.060379, 0.306769, 0.949868, -0.045948, -0.990646, 0.098221, -0.094694, -0.137616, 0.0, 0.0, 0.0, 1.0],
                [-0.117975, -0.950888, 0.286176, 0.059925, -0.060773, 0.294561, 0.9537, -0.046266, -0.991153, 0.09512, -0.09254, -0.140573, 0.0, 0.0, 0.0, 1.0],
                [-0.112248, -0.953594, 0.279395, 0.061124, -0.06055, 0.287213, 0.955952, -0.046583, -0.991832, 0.090387, -0.08998, -0.140246, 0.0, 0.0, 0.0, 1.0],
                [-0.105031, -0.954892, 0.277768, 0.062324, -0.058768, 0.284785, 0.956789, -0.046901, -0.992729, 0.084169, -0.086029, -0.139919, 0.0, 0.0, 0.0, 1.0],
                [-0.095643, -0.955341, 0.27961, 0.063523, -0.056391, 0.285647, 0.956676, -0.047219, -0.993815, 0.075732, -0.081193, -0.139591, 0.0, 0.0, 0.0, 1.0],
                [-0.086242, -0.955708, 0.281406, 0.064723, -0.054021, 0.286529, 0.956549, -0.047537, -0.994806, 0.067293, -0.07634, -0.139264, 0.0, 0.0, 0.0, 1.0],
                [-0.07715, -0.954761, 0.287198, 0.065922, -0.051224, 0.291472, 0.955208, -0.047854, -0.995701, 0.058983, -0.071394, -0.138937, 0.0, 0.0, 0.0, 1.0],
                [-0.067992, -0.953701, 0.292976, 0.067121, -0.048457, 0.296466, 0.953815, -0.048173, -0.996506, 0.050655, -0.066371, -0.13861, 0.0, 0.0, 0.0, 1.0],
                [-0.063495, -0.951872, 0.299857, 0.068321, -0.046497, 0.30296, 0.951869, -0.04849, -0.996895, 0.046497, -0.063496, -0.138283, 0.0, 0.0, 0.0, 1.0],
                [-0.058942, -0.949965, 0.30675, 0.06952, -0.044554, 0.309481, 0.949863, -0.048808, -0.997264, 0.04232, -0.060567, -0.137956, 0.0, 0.0, 0.0, 1.0],
                [-0.056868, -0.947126, 0.315787, 0.07072, -0.043908, 0.318366, 0.946952, -0.049126, -0.997414, 0.039986, -0.059692, -0.137629, 0.0, 0.0, 0.0, 1.0],
                [-0.054788, -0.944199, 0.324794, 0.07192, -0.043282, 0.327223, 0.943957, -0.049443, -0.997557, 0.037659, -0.058795, -0.137301, 0.0, 0.0, 0.0, 1.0],
                [-0.05426, -0.940672, 0.334964, 0.073118, -0.042874, 0.337344, 0.940406, -0.049761, -0.997603, 0.036665, -0.058635, -0.136974, 0.0, 0.0, 0.0, 1.0],
                [-0.053728, -0.937032, 0.345094, 0.074318, -0.042472, 0.347425, 0.936747, -0.050079, -0.99765, 0.035672, -0.058464, -0.136647, 0.0, 0.0, 0.0, 1.0],
                [-0.05319, -0.933284, 0.355186, 0.075517, -0.042074, 0.357468, 0.932979, -0.050397, -0.997695, 0.034681, -0.058282, -0.13632, 0.0, 0.0, 0.0, 1.0],
                [-0.052649, -0.929428, 0.365234, 0.076717, -0.041683, 0.367468, 0.929104, -0.050715, -0.997741, 0.033692, -0.058089, -0.135993, 0.0, 0.0, 0.0, 1.0]
            ]
        },
        {
            "name": "Leg_R",
            "time": [0.0, 0.3, 0.3333, 0.3667, 0.4, 0.4333, 0.4667, 0.5, 0.5333, 0.5667, 0.6, 0.6333, 0.6667, 0.7, 0.7333, 0.7667, 0.8, 0.8333, 0.8667, 0.9, 0.9333, 0.9667, 1.0, 1.0333, 1.0667, 1.1, 1.1333, 1.1667, 1.2, 1.2333, 1.2667, 1.3, 1.3333, 1.3667, 1.4, 1.4333, 1.4667, 1.5, 1.5333, 1.5667, 1.6, 1.6333, 1.6667, 1.7, 1.7333, 1.7667, 1.8, 1.8333, 1.8667, 1.9, 1.9333, 1.9667, 2.0, 2.0333, 2.0667, 2.1, 2.1333, 2.1667, 2.2, 2.2333, 2.2667, 2.3, 2.3333, 2.3667, 2.4, 2.4333, 2.4667, 2.5, 2.5333, 2.5667, 2.6, 2.6333],
            "transform": [
                [1.000002, 0.001608, -0.001109, -0.0, -0.00111, 0.934967, 0.354727, 0.37472, 0.001607, -0.354724, 0.934969, -0.0, 0.0, 0.0, 0.0, 1.0],
                [1.000003, 0.001953, -6.8e-05, -0.0, -6.7e-05, 0.069106, 0.997608, 0.37472, 0.001953, -0.997604, 0.069106, -0.0, 0.0, 0.0, 0.0, 1.0],
                [1.000005, 0.001953, 1.8e-05, 0.0, 1.8e-05, -0.018475, 0.999828, 0.37472, 0.001953, -0.999824, -0.018475, -0.0, 0.0, 0.0, 0.0, 1.0],
                [1.000003, 0.001953, 6.4e-05, 0.0, 6.4e-05, -0.065332, 0.997863, 0.37472, 0.001953, -0.997859, -0.065332, -0.0, 0.0, 0.0, 0.0, 1.0],
                [1.000003, 0.001951, 0.000105, 0.0, 0.000105, -0.107356, 0.99422, 0.37472, 0.001951, -0.994215, -0.107356, 0.0, 0.0, 0.0, 0.0, 1.0],
                [1.000003, 0.001948, 0.00014, 0.0, 0.00014, -0.142994, 0.989722, 0.37472, 0.001948, -0.989719, -0.142994, -0.0, 0.0, 0.0, 0.0, 1.0],
                [1.000003, 0.001946, 0.000168, -0.0, 0.000169, -0.171693, 0.985149, 0.37472, 0.001946, -0.985146, -0.171693, 0.0, 0.0, 0.0, 0.0, 1.0],
                [1.000003, 0.001945, 0.000189, -0.0, 0.00019, -0.192897, 0.981218, 0.37472, 0.001945, -0.981216, -0.192897, -0.0, 0.0, 0.0, 0.0, 1.0],
                [1.000004, 0.001944, 0.000201, 0.0, 0.000202, -0.205139, 0.978732, 0.37472, 0.001944, -0.978728, -0.205139, -0.0, 0.0, 0.0, 0.0, 1.0],
                [1.000003, 0.001943, 0.000204, -0.0, 0.000204, -0.20775, 0.978181, 0.37472, 0.001943, -0.978178, -0.20775, 0.0, 0.0, 0.0, 0.0, 1.0],
                [1.000004, 0.001944, 0.000195, -0.0, 0.000196, -0.199029, 0.979992, 0.37472, 0.001944, -0.979988, -0.19903, 0.0, 0.0, 0.0, 0.0, 1.0],
                [1.000004, 0.001946, 0.000174, -0.0, 0.000174, -0.17702, 0.984206, 0.37472, 0.001946, -0.984202, -0.17702, -0.0, 0.0, 0.0, 0.0, 1.0],
                [1.000004, 0.001949, 0.000136, -0.0, 0.000137, -0.139372, 0.990239, 0.37472, 0.001949, -0.990235, -0.139373, -0.0, 0.0, 0.0, 0.0, 1.0],
                [1.000003, 0.001952, 8.3e-05, 0.0, 8.3e-05, -0.085064, 0.996374, 0.37472, 0.001952, -0.996371, -0.085064, -0.0, 0.0, 0.0, 0.0, 1.0],
                [1.000003, 0.001939, -0.000237, 0.0, -0.000236, 0.24045, 0.97066, 0.37472, 0.001939, -0.970657, 0.24045, -0.0, 0.0, 0.0, 0.0, 1.0],
                [1.000004, 0.001592, -0.001133, -0.0, -0.001133, 0.94478, 0.327693, 0.37472, 0.001592, -0.32769, 0.944783, 0.0, 0.0, 0.0, 0.0, 1.0],
                [1.000003, 0.001508, -0.001242, -0.0, -0.001243, 0.981551, 0.191171, 0.37472, 0.001508, -0.191168, 0.981557, -0.0, 0.0, 0.0, 0.0, 1.0],
                [1.000003, 0.00152, -0.001227, 0.0, -0.001228, 0.977649, 0.210219, 0.37472, 0.001519, -0.210216, 0.977654, -0.0, 0.0, 0.0, 0.0, 1.0],
                [1.000004, 0.001633, -0.001072, 0.0, -0.001073, 0.917765, 0.397113, 0.37472, 0.001633, -0.397109, 0.917769, -0.0, 0.0, 0.0, 0.0, 1.0],
                [1.000005, 0.001855, -0.000612, -0.0, -0.000614, 0.596056, 0.802941, 0.37472, 0.001854, -0.802934, 0.596059, -0.0, 0.0, 0.0, 0.0, 1.0],
                [1.000007, 0.001952, 6.7e-05, 0.0, 6.4e-05, -0.06722, 0.997738, 0.37472, 0.001952, -0.997729, -0.06722, 0.0, 0.0, 0.0, 0.0, 1.0],
                [1.000005, 0.00189, 0.000493, -0.0, 0.00049, -0.487083, 0.873353, 0.37472, 0.001891, -0.873349, -0.487084, -0.0, 0.0, 0.0, 0.0, 1.0],
                [1.000005, 0.001852, 0.000619, 0.0, 0.000617, -0.600389, 0.799706, 0.37472, 0.001853, -0.799702, -0.60039, -0.0, 0.0, 0.0, 0.0, 1.0],
                [1.000006, 0.001827, 0.00069, 0.0, 0.000687, -0.659765, 0.751468, 0.37472, 0.001829, -0.751464, -0.659767, 0.0, 0.0, 0.0, 0.0, 1.0],
                [1.000004, 0.001819, 0.000714, 0.0, 0.000712, -0.67942, 0.733746, 0.37472, 0.001819, -0.733744, -0.679421, -0.0, 0.0, 0.0, 0.0, 1.0],
                [1.000004, 0.001824, 0.0007, -0.0, 0.000698, -0.66826, 0.743925, 0.37472, 0.001824, -0.743923, -0.66826, 1e-06, 0.0, 0.0, 0.0, 1.0],
                [1.000004, 0.001841, 0.000653, -0.0, 0.000653, -0.630081, 0.776527, 0.37472, 0.001841, -0.776524, -0.630082, 0.0, 0.0, 0.0, 0.0, 1.0],
                [1.000003, 0.001865, 0.000582, 0.0, 0.000582, -0.568913, 0.822395, 0.37472, 0.001865, -0.822393, -0.568913, 0.0, 0.0, 0.0, 0.0, 1.0],
                [1.000003, 0.00189, 0.000494, -0.0, 0.000494, -0.489196, 0.872172, 0.374719, 0.00189, -0.872169, -0.489197, -0.0, 0.0, 0.0, 0.0, 1.0],
                [1.000003, 0.001929, 0.000306, 0.0, 0.000305, -0.30867, 0.951168, 0.37472, 0.001929, -0.951165, -0.308671, -0.0, 0.0, 0.0, 0.0, 1.0],
                [1.000003, 0.001953, -1.1e-05, 0.0, -1.2e-05, 0.011686, 0.99993, 0.37472, 0.001953, -0.999927, 0.011686, -0.0, 0.0, 0.0, 0.0, 1.0],
                [1.000003, 0.001923, -0.000342, -0.0, -0.000342, 0.344743, 0.938696, 0.37472, 0.001923, -0.938693, 0.344743, -0.0, 0.0, 0.0, 0.0, 1.0],
                [1.000003, 0.001864, -0.000585, 0.0, -0.000585, 0.571473, 0.820618, 0.37472, 0.001864, -0.820616, 0.571473, -0.0, 0.0, 0.0, 0.0, 1.0],
                [1.000004, 0.001849, -0.000629, -0.0, -0.00063, 0.610209, 0.792238, 0.37472, 0.001849, -0.792235, 0.61021, -0.0, 0.0, 0.0, 0.0, 1.0],
                [1.000005, 0.001875, -0.00055, -0.0, -0.00055, 0.540222, 0.84152, 0.37472, 0.001875, -0.841516, 0.540223, -0.0, 0.0, 0.0, 0.0, 1.0],
                [1.000004, 0.001925, -0.000334, -0.0, -0.000334, 0.337204, 0.94143, 0.37472, 0.001925, -0.941426, 0.337205, 0.0, 0.0, 0.0, 0.0, 1.0],
                [1.000005, 0.001948, -0.000158, 0.0, -0.000157, 0.160985, 0.986956, 0.37472, 0.001948, -0.986949, 0.160986, -0.0, 0.0, 0.0, 0.0, 1.0],
                [1.000004, 0.001953, -1e-05, 0.0, -9e-06, 0.009742, 0.999953, 0.37472, 0.001954, -0.999947, 0.009741, -0.0, 0.0, 0.0, 0.0, 1.0],
                [1.000004, 0.001951, 0.00011, -0.0, 0.000111, -0.112887, 0.993608, 0.374721, 0.001951, -0.993601, -0.112887, 0.0, 0.0, 0.0, 0.0, 1.0],
                [1.000003, 0.001944, 0.000195, -0.0, 0.000196, -0.199031, 0.979994, 0.37472, 0.001944, -0.979987, -0.199032, 0.0, 0.0, 0.0, 0.0, 1.0],
                [1.000004, 0.001937, 0.000255, -0.0, 0.000256, -0.25907, 0.965859, 0.37472, 0.001937, -0.965851, -0.259071, 0.0, 0.0, 0.0, 0.0, 1.0],
                [1.000004, 0.001933, 0.000287, 0.0, 0.000287, -0.290683, 0.956819, 0.37472, 0.001933, -0.956812, -0.290685, 0.0, 0.0, 0.0, 0.0, 1.0],
                [1.000004, 0.001931, 0.0003, 0.0, 0.000301, -0.303788, 0.952739, 0.37472, 0.001931, -0.952732, -0.30379, 0.0, 0.0, 0.0, 0.0, 1.0],
                [1.000004, 0.00193, 0.000307, 0.0, 0.000307, -0.310295, 0.95064, 0.37472, 0.00193, -0.950633, -0.310296, 0.0, 0.0, 0.0, 0.0, 1.0],
                [1.000004, 0.00193, 0.000308, 0.0, 0.000309, -0.311917, 0.950109, 0.37472, 0.001929, -0.950102, -0.311918, 0.0, 0.0, 0.0, 0.0, 1.0],
                [1.000004, 0.00193, 0.000305, -0.0, 0.000306, -0.308938, 0.951082, 0.37472, 0.00193, -0.951074, -0.30894, -0.0, 0.0, 0.0, 0.0, 1.0],
                [1.000003, 0.00193, 0.000302, 0.0, 0.000303, -0.305957, 0.952046, 0.37472, 0.00193, -0.952039, -0.305958, -0.0, 0.0, 0.0, 0.0, 1.0],
                [1.000005, 0.001931, 0.000299, -0.0, 0.0003, -0.302973, 0.952999, 0.37472, 0.001931, -0.952991, -0.302974, 0.0, 0.0, 0.0, 0.0, 1.0],
                [1.000005, 0.001933, 0.000288, 0.0, 0.000288, -0.291506, 0.956569, 0.37472, 0.001933, -0.95656, -0.291508, -0.0, 0.0, 0.0, 0.0, 1.0],
                [1.000005, 0.001936, 0.000268, 0.0, 0.000269, -0.271818, 0.962349, 0.37472, 0.001936, -0.962341, -0.27182, 0.0, 0.0, 0.0, 0.0, 1.0],
                [1.000004, 0.001939, 0.000247, -0.0, 0.000249, -0.252012, 0.967725, 0.37472, 0.001939, -0.967717, -0.252013, 0.0, 0.0, 0.0, 0.0, 1.0],
                [1.000004, 0.001941, 0.000228, -0.0, 0.000229, -0.232099, 0.972692, 0.374719, 0.001941, -0.972686, -0.2321, 0.0, 0.0, 0.0, 0.0, 1.0],
                [1.000004, 0.001943, 0.000208, 0.0, 0.000209, -0.212093, 0.97725, 0.374719, 0.001943, -0.977243, -0.212094, 0.0, 0.0, 0.0, 0.0, 1.0],
                [1.000003, 0.001944, 0.000192, 0.0, 0.000192, -0.195528, 0.980699, 0.37472, 0.001944, -0.980691, -0.195529, 0.0, 0.0, 0.0, 0.0, 1.0],
                [1.000002, 0.001946, 0.000179, 0.0, 0.000179, -0.182553, 0.983196, 0.37472, 0.001946, -0.98319, -0.182554, -0.0, 0.0, 0.0, 0.0, 1.0],
                [1.000003, 0.001947, 0.000166, 0.0, 0.000167, -0.169546, 0.985523, 0.37472, 0.001947, -0.985516, -0.169547, -0.0, 0.0, 0.0, 0.0, 1.0],
                [1.000002, 0.001948, 0.000153, 0.0, 0.000154, -0.156509, 0.987677, 0.37472, 0.001948, -0.987672, -0.156509, -0.0, 0.0, 0.0, 0.0, 1.0],
                [1.000002, 0.001948, 0.000144, -0.0, 0.000145, -0.147511, 0.989061, 0.37472, 0.001948, -0.989054, -0.147512, -0.0, 0.0, 0.0, 0.0, 1.0],
                [1.000002, 0.001949, 0.000141, 0.0, 0.000141, -0.143899, 0.989592, 0.374721, 0.001949, -0.989588, -0.143899, 0.0, 0.0, 0.0, 0.0, 1.0],
                [1.000001, 0.001949, 0.000142, -0.0, 0.000142, -0.144802, 0.989461, 0.37472, 0.001949, -0.989457, -0.144803, -0.0, 0.0, 0.0, 0.0, 1.0],
                [1.000002, 0.001948, 0.000147, 0.0, 0.000149, -0.151116, 0.988517, 0.37472, 0.001948, -0.988511, -0.151116, -0.0, 0.0, 0.0, 0.0, 1.0],
                [1.000001, 0.001948, 0.000156, -0.0, 0.000156, -0.159378, 0.987218, 0.37472, 0.001948, -0.987213, -0.159378, -0.0, 0.0, 0.0, 0.0, 1.0],
                [1.000001, 0.001947, 0.000164, 0.0, 0.000165, -0.167629, 0.98585, 0.37472, 0.001947, -0.985846, -0.167629, -0.0, 0.0, 0.0, 0.0, 1.0],
                [1.000001, 0.001946, 0.000172, 0.0, 0.000173, -0.17592, 0.984405, 0.374721, 0.001946, -0.9844, -0.175921, 0.0, 0.0, 0.0, 0.0, 1.0],
                [1.0, 0.001945, 0.00018, 0.0, 0.000181, -0.184096, 0.982907, 0.37472, 0.001945, -0.982906, -0.184096, -0.0, 0.0, 0.0, 0.0, 1.0],
                [1.000002, 0.001945, 0.000185, -0.0, 0.000186, -0.189099, 0.981959, 0.37472, 0.001945, -0.981953, -0.1891, -0.0, 0.0, 0.0, 0.0, 1.0],
                [1.000001, 0.001944, 0.00019, -0.0, 0.000191, -0.194099, 0.980983, 0.37472, 0.001944, -0.980977, -0.194099, 0.0, 0.0, 0.0, 0.0, 1.0],
                [1.000001, 0.001944, 0.000195, -0.0, 0.000196, -0.199093, 0.97998, 0.37472, 0.001944, -0.979976, -0.199093, -0.0, 0.0, 0.0, 0.0, 1.0],
                [1.0, 0.001944, 0.0002, -0.0, 0.000201, -0.204082, 0.978952, 0.37472, 0.001944, -0.978952, -0.204082, -0.0, 0.0, 0.0, 0.0, 1.0],
                [1.0, 0.001943, 0.000205, -0.0, 0.000206, -0.209064, 0.977902, 0.37472, 0.001943, -0.977898, -0.209065, 0.0, 0.0, 0.0, 0.0, 1.0],
                [1.000001, 0.001942, 0.00021, 0.0, 0.000211, -0.214044, 0.976825, 0.37472, 0.001942, -0.97682, -0.214045, -0.0, 0.0, 0.0, 0.0, 1.0],
                [1.000001, 0.001942, 0.000215, 0.0, 0.000216, -0.219015, 0.975722, 0.37472, 0.001942, -0.975717, -0.219016, 0.0, 0.0, 0.0, 0.0, 1.0]
            ]
        },
        {
            "name": "Knee_R",
            "time": [0.0, 2.6333],
            "transform": [
                [1.0, 0.0, -0.0, -0.0, -0.0, 1e-06, -1.0, 0.37472, -0.0, 1.0, 1e-06, -0.0, 0.0, 0.0, 0.0, 1.0],
                [1.0, 0.0, -0.0, 0.0, -0.0, 1e-06, -1.0, 0.37472, -0.0, 1.0, 1e-06, 0.0, 0.0, 0.0, 0.0, 1.0]
            ]
        },
        {
            "name": "Thigh_L",
            "time": [0.0, 0.1667, 0.3, 0.3333, 0.3667, 0.4, 0.4333, 0.4667, 0.5, 0.5333, 0.5667, 0.6, 0.6333, 0.6667, 0.7, 0.7333, 0.7667, 0.8, 0.8333, 0.8667, 0.9, 0.9333, 0.9667, 1.0, 1.0333, 1.0667, 1.1, 1.1333, 1.1667, 1.2, 1.2333, 1.2667, 1.3, 1.3333, 1.3667, 1.4, 1.4333, 1.4667, 1.5, 1.5333, 1.5667, 1.6, 1.6333, 1.6667, 1.7, 1.7333, 1.7667, 1.8, 1.8333, 1.8667, 1.9, 1.9333, 1.9667, 2.0, 2.0333, 2.0667, 2.1, 2.1333, 2.1667, 2.2, 2.2333, 2.2667, 2.3, 2.3333, 2.3667, 2.4, 2.4333, 2.4667, 2.5, 2.5333, 2.5667, 2.6, 2.6333],
            "transform": [
                [0.944623, -0.062107, -0.322093, -0.125094, 0.027246, -0.963713, 0.265721, 0.007652, -0.326876, -0.259807, -0.908652, 0.000655, 0.0, 0.0, 0.0, 1.0],
                [0.361058, -0.411431, -0.836879, -0.135515, -0.012724, -0.899556, 0.436712, 0.057181, -0.932405, -0.147044, -0.330028, 0.056456, 0.0, 0.0, 0.0, 1.0],
                [-0.307528, -0.537655, -0.785095, -0.038744, 0.066966, -0.835306, 0.545753, 0.103026, -0.94913, 0.115271, 0.292885, 0.124298, 0.0, 0.0, 0.0, 1.0],
                [-0.300372, -0.620959, -0.724027, -0.014552, 0.091948, -0.774436, 0.625981, 0.114487, -0.949331, 0.121465, 0.289715, 0.141258, 0.0, 0.0, 0.0, 1.0],
                [-0.295889, -0.665091, -0.685667, -0.010256, 0.106744, -0.736373, 0.668141, 0.111071, -0.949191, 0.124516, 0.288879, 0.136357, 0.0, 0.0, 0.0, 1.0],
                [-0.29189, -0.702359, -0.649255, -0.005959, 0.122134, -0.700666, 0.702991, 0.107654, -0.948573, 0.125912, 0.290299, 0.131455, 0.0, 0.0, 0.0, 1.0],
                [-0.289853, -0.732893, -0.615546, -0.001663, 0.136584, -0.668284, 0.731289, 0.104238, -0.947226, 0.127904, 0.293805, 0.126554, 0.0, 0.0, 0.0, 1.0],
                [-0.287614, -0.757094, -0.586631, 0.002633, 0.150454, -0.640656, 0.752969, 0.100821, -0.945806, 0.128316, 0.298169, 0.121652, 0.0, 0.0, 0.0, 1.0],
                [-0.287249, -0.774063, -0.564238, 0.006929, 0.161346, -0.61978, 0.768034, 0.097405, -0.94412, 0.129592, 0.302923, 0.116751, 0.0, 0.0, 0.0, 1.0],
                [-0.286999, -0.784109, -0.550325, 0.013423, 0.168875, -0.606942, 0.776619, 0.09444, -0.942878, 0.129965, 0.306608, 0.120165, 0.0, 0.0, 0.0, 1.0],
                [-0.287462, -0.786836, -0.546175, 0.019918, 0.170771, -0.603243, 0.779082, 0.091476, -0.942396, 0.130698, 0.307778, 0.123579, 0.0, 0.0, 0.0, 1.0],
                [-0.288033, -0.780977, -0.554223, 0.026413, 0.165461, -0.610664, 0.774432, 0.088512, -0.943169, 0.131372, 0.305113, 0.126993, 0.0, 0.0, 0.0, 1.0],
                [-0.288152, -0.766855, -0.573543, 0.032908, 0.153687, -0.628251, 0.762704, 0.085547, -0.945123, 0.131641, 0.298887, 0.130407, 0.0, 0.0, 0.0, 1.0],
                [-0.289183, -0.740775, -0.606358, 0.039402, 0.134812, -0.658658, 0.740295, 0.082583, -0.947685, 0.132349, 0.290338, 0.133821, 0.0, 0.0, 0.0, 1.0],
                [-0.176686, -0.766984, -0.616906, 0.045897, 0.067219, -0.634737, 0.769825, 0.079618, -0.981922, 0.094559, 0.163705, 0.137236, 0.0, 0.0, 0.0, 1.0],
                [-0.044436, -0.795665, -0.604155, 0.052392, -0.014951, -0.604183, 0.796728, 0.076654, -0.998855, 0.04444, 0.014951, 0.14065, 0.0, 0.0, 0.0, 1.0],
