{
    "animation": [
        {
            "name": "Root",
            "time": [0.0, 0.0333, 0.0667, 0.1, 0.1333, 0.1667, 0.2, 0.2333, 0.2667, 0.3, 0.3333, 0.3667, 0.4, 0.4333, 0.4667, 0.5, 0.5333, 0.5667, 0.6, 0.6333, 0.6667, 0.7, 0.7333, 0.7667, 0.8, 0.8333, 0.8667, 0.9, 0.9333, 0.9667, 1.0, 1.0333, 1.0667, 1.1, 1.1333, 1.1667, 1.2, 1.2333, 1.2667, 1.3, 1.3333, 1.3667, 1.4, 1.4333, 1.4667, 1.5, 1.5333, 1.5667, 1.6, 1.6333, 1.6667, 1.7, 1.7333, 1.7667, 1.8, 1.8333, 1.8667, 1.9, 1.9333, 1.9667, 2.0, 2.0333, 2.0667, 2.1, 2.1333, 2.1667, 2.2, 2.2333, 2.2667, 2.3, 2.3333, 2.3667, 2.4, 2.4333, 2.4667, 2.5, 2.5333, 2.5667, 2.6, 2.6333, 2.6667, 3.1333],
            "transform": [
                [-0.576716, -0.214306, -0.788336, 0.324812, -0.716297, -0.331369, 0.614097, 1.46649, -0.392834, 0.91884, 0.0376, 0.434318, 0.0, 0.0, 0.0, 1.0],
                [-0.573424, -0.227334, -0.787086, 0.325253, -0.718529, -0.321984, 0.616476, 1.471118, -0.393575, 0.919046, 0.021288, 0.442421, 0.0, 0.0, 0.0, 1.0],
                [-0.564256, -0.240448, -0.789811, 0.3257, -0.726391, -0.310094, 0.613351, 1.476023, -0.392395, 0.919797, 0.000313, 0.45052, 0.0, 0.0, 0.0, 1.0],
                [-0.555066, -0.253641, -0.792193, 0.326283, -0.734186, -0.298273, 0.609923, 1.481476, -0.390991, 0.920163, -0.020659, 0.455904, 0.0, 0.0, 0.0, 1.0],
                [-0.545469, -0.262993, -0.795801, 0.327121, -0.743418, -0.286638, 0.604293, 1.487804, -0.387031, 0.921235, -0.039162, 0.458863, 0.0, 0.0, 0.0, 1.0],
                [-0.535827, -0.272514, -0.799142, 0.328347, -0.752501, -0.275122, 0.598374, 1.495317, -0.382926, 0.921979, -0.057649, 0.458893, 0.0, 0.0, 0.0, 1.0],
                [-0.524208, -0.277894, -0.804974, 0.330078, -0.765001, -0.261623, 0.588497, 1.504325, -0.374139, 0.924299, -0.075444, 0.455573, 0.0, 0.0, 0.0, 1.0],
                [-0.512378, -0.283657, -0.810562, 0.332465, -0.77726, -0.248161, 0.578173, 1.515218, -0.365152, 0.926259, -0.093323, 0.448351, 0.0, 0.0, 0.0, 1.0],
                [-0.498936, -0.287132, -0.817692, 0.335572, -0.791265, -0.233933, 0.564957, 1.528069, -0.353502, 0.928886, -0.11048, 0.436972, 0.0, 0.0, 0.0, 1.0],
                [-0.471168, -0.278407, -0.836954, 0.340445, -0.818294, -0.216211, 0.532586, 1.549564, -0.329235, 0.935811, -0.125948, 0.403377, 0.0, 0.0, 0.0, 1.0],
                [-0.420969, -0.253411, -0.870959, 0.347666, -0.861144, -0.190019, 0.471513, 1.582306, -0.284985, 0.948512, -0.138231, 0.337634, 0.0, 0.0, 0.0, 1.0],
                [-0.349419, -0.222588, -0.910145, 0.356769, -0.910106, -0.150294, 0.386161, 1.620966, -0.222744, 0.963258, -0.150063, 0.251116, 0.0, 0.0, 0.0, 1.0],
                [-0.25849, -0.197245, -0.945664, 0.367293, -0.954727, -0.097044, 0.28121, 1.660229, -0.147238, 0.975539, -0.163231, 0.156129, 0.0, 0.0, 0.0, 1.0],
                [-0.155736, -0.187423, -0.969856, 0.378763, -0.985992, -0.029872, 0.1641, 1.694724, -0.059727, 0.981826, -0.180145, 0.061236, 0.0, 0.0, 0.0, 1.0],
                [0.089681, -0.276141, -0.956925, 0.406169, -0.975539, 0.169258, -0.140269, 1.710301, 0.2007, 0.946097, -0.254207, -0.098227, 0.0, 0.0, 0.0, 1.0],
                [0.420701, -0.350557, -0.836734, 0.437105, -0.269699, 0.832296, -0.484301, 1.796905, 0.866183, 0.429411, 0.255603, -0.15316, 0.0, 0.0, 0.0, 1.0],
                [0.409858, 0.011453, -0.912078, 0.493044, -0.423766, 0.887853, -0.179278, 1.849205, 0.807737, 0.459986, 0.368747, -0.118871, 0.0, 0.0, 0.0, 1.0],
                [0.406755, -0.029441, -0.913063, 0.523918, -0.389918, 0.898271, -0.202667, 1.897142, 0.826144, 0.438455, 0.353897, -0.03121, 0.0, 0.0, 0.0, 1.0],
                [0.400564, -0.12349, -0.90791, 0.554927, -0.326449, 0.90662, -0.267342, 1.950001, 0.856142, 0.403474, 0.322847, 0.074108, 0.0, 0.0, 0.0, 1.0],
                [0.389645, -0.234458, -0.890623, 0.582688, -0.256389, 0.901207, -0.349415, 1.999234, 0.884558, 0.364493, 0.291039, 0.17505, 0.0, 0.0, 0.0, 1.0],
                [0.373338, -0.329539, -0.867194, 0.603832, -0.205031, 0.882356, -0.42357, 2.036295, 0.904755, 0.335936, 0.261852, 0.249595, 0.0, 0.0, 0.0, 1.0],
                [0.363193, -0.377881, -0.851644, 0.615008, -0.19278, 0.863803, -0.465489, 2.052645, 0.911552, 0.333243, 0.240879, 0.275687, 0.0, 0.0, 0.0, 1.0],
                [0.361863, -0.389436, -0.846993, 0.61966, -0.212748, 0.850089, -0.481754, 2.054426, 0.907631, 0.354525, 0.224765, 0.265929, 0.0, 0.0, 0.0, 1.0],
                [0.36238, -0.399033, -0.842291, 0.623482, -0.235349, 0.835253, -0.496954, 2.053647, 0.901827, 0.378318, 0.208768, 0.248254, 0.0, 0.0, 0.0, 1.0],
                [0.363411, -0.404125, -0.839415, 0.626517, -0.26422, 0.819312, -0.508838, 2.050579, 0.893376, 0.406706, 0.190969, 0.223743, 0.0, 0.0, 0.0, 1.0],
                [0.367133, -0.407121, -0.836341, 0.628794, -0.297236, 0.800638, -0.520221, 2.045492, 0.8814, 0.43958, 0.17293, 0.193474, 0.0, 0.0, 0.0, 1.0],
                [0.369425, -0.405432, -0.836153, 0.630351, -0.331774, 0.782955, -0.526221, 2.038656, 0.868016, 0.471812, 0.154731, 0.158496, 0.0, 0.0, 0.0, 1.0],
                [0.37424, -0.402956, -0.835208, 0.631216, -0.368977, 0.761587, -0.532768, 2.030343, 0.850766, 0.507554, 0.136335, 0.119895, 0.0, 0.0, 0.0, 1.0],
                [0.377324, -0.396994, -0.836674, 0.631428, -0.407012, 0.740434, -0.534884, 2.020821, 0.831847, 0.54236, 0.117802, 0.078732, 0.0, 0.0, 0.0, 1.0],
                [0.381853, -0.390693, -0.837585, 0.631016, -0.444419, 0.716987, -0.53705, 2.010358, 0.810358, 0.577313, 0.100153, 0.035982, 0.0, 0.0, 0.0, 1.0],
                [0.383917, -0.38115, -0.841031, 0.630018, -0.482574, 0.693718, -0.534677, 1.999235, 0.78723, 0.611131, 0.082397, -0.006754, 0.0, 0.0, 0.0, 1.0],
                [0.387162, -0.371783, -0.843733, 0.628464, -0.518033, 0.669292, -0.532626, 1.987705, 0.762725, 0.643293, 0.066529, -0.049482, 0.0, 0.0, 0.0, 1.0],
                [0.389866, -0.362418, -0.846557, 0.626388, -0.552455, 0.643441, -0.529885, 1.97605, 0.736749, 0.674269, 0.050636, -0.090235, 0.0, 0.0, 0.0, 1.0],
                [0.392966, -0.353949, -0.848704, 0.623824, -0.582247, 0.618592, -0.527573, 1.964539, 0.711735, 0.701473, 0.036999, -0.128202, 0.0, 0.0, 0.0, 1.0],
                [0.395625, -0.34549, -0.850952, 0.620806, -0.611086, 0.592652, -0.524726, 1.953439, 0.685606, 0.727599, 0.023344, -0.162336, 0.0, 0.0, 0.0, 1.0],
                [0.391601, -0.341926, -0.854246, 0.617344, -0.637853, 0.568242, -0.519851, 1.942963, 0.663168, 0.748458, 0.004425, -0.191704, 0.0, 0.0, 0.0, 1.0],
                [0.39332, -0.337869, -0.855071, 0.613543, -0.656888, 0.547436, -0.518471, 1.933559, 0.643272, 0.76561, -0.006624, -0.214802, 0.0, 0.0, 0.0, 1.0],
                [0.395198, -0.334972, -0.855344, 0.609367, -0.672679, 0.52857, -0.517801, 1.925318, 0.625558, 0.780005, -0.016439, -0.231011, 0.0, 0.0, 0.0, 1.0],
                [0.395141, -0.332693, -0.85626, 0.604873, -0.684553, 0.514932, -0.515977, 1.918572, 0.612577, 0.790038, -0.024275, -0.239102, 0.0, 0.0, 0.0, 1.0],
                [0.397329, -0.335323, -0.854219, 0.59947, -0.691153, 0.503005, -0.518936, 1.912315, 0.603687, 0.796583, -0.031901, -0.240822, 0.0, 0.0, 0.0, 1.0],
                [0.397831, -0.339449, -0.852354, 0.592671, -0.694098, 0.496179, -0.521571, 1.905453, 0.599967, 0.799112, -0.038215, -0.238853, 0.0, 0.0, 0.0, 1.0],
                [0.400319, -0.344851, -0.849014, 0.584654, -0.695917, 0.488366, -0.526497, 1.898109, 0.596192, 0.801609, -0.044486, -0.233411, 0.0, 0.0, 0.0, 1.0],
                [0.401181, -0.3522, -0.845583, 0.575602, -0.694129, 0.485456, -0.531525, 1.890411, 0.597695, 0.800181, -0.049716, -0.224818, 0.0, 0.0, 0.0, 1.0],
                [0.40404, -0.360857, -0.840557, 0.565693, -0.691202, 0.481445, -0.538936, 1.882485, 0.59916, 0.798745, -0.054902, -0.213339, 0.0, 0.0, 0.0, 1.0],
                [0.405649, -0.370528, -0.835559, 0.55511, -0.685117, 0.481853, -0.54629, 1.874459, 0.605032, 0.794057, -0.058392, -0.199249, 0.0, 0.0, 0.0, 1.0],
                [0.407143, -0.380201, -0.830472, 0.544034, -0.679033, 0.482107, -0.553614, 1.866459, 0.610861, 0.789316, -0.061882, -0.182834, 0.0, 0.0, 0.0, 1.0],
                [0.407943, -0.390375, -0.825344, 0.532646, -0.671318, 0.484433, -0.560944, 1.858609, 0.618801, 0.7829, -0.064445, -0.164358, 0.0, 0.0, 0.0, 1.0],
                [0.408579, -0.400566, -0.820129, 0.521125, -0.663586, 0.486575, -0.568243, 1.851052, 0.626672, 0.776397, -0.067006, -0.143367, 0.0, 0.0, 0.0, 1.0],
                [0.409777, -0.409432, -0.815137, 0.509655, -0.654608, 0.490344, -0.575371, 1.843875, 0.635273, 0.769369, -0.067086, -0.122384, 0.0, 0.0, 0.0, 1.0],
                [0.410798, -0.418343, -0.810083, 0.498413, -0.645581, 0.493934, -0.582456, 1.83725, 0.643794, 0.762246, -0.067167, -0.09895, 0.0, 0.0, 0.0, 1.0],
                [0.411641, -0.427349, -0.804939, 0.487519, -0.636455, 0.497367, -0.589536, 1.831237, 0.652287, 0.754983, -0.067252, -0.075374, 0.0, 0.0, 0.0, 1.0],
                [0.410886, -0.435204, -0.801107, 0.477344, -0.628307, 0.501537, -0.59472, 1.826084, 0.660609, 0.747702, -0.067367, -0.050723, 0.0, 0.0, 0.0, 1.0],
                [0.412016, -0.441196, -0.797239, 0.467878, -0.620952, 0.504365, -0.600029, 1.821806, 0.666829, 0.742268, -0.066155, -0.025934, 0.0, 0.0, 0.0, 1.0],
                [0.411346, -0.445875, -0.794979, 0.459368, -0.614683, 0.508308, -0.603149, 1.818563, 0.673023, 0.736762, -0.064981, -0.001166, 0.0, 0.0, 0.0, 1.0],
                [0.413411, -0.44815, -0.792625, 0.451991, -0.610373, 0.50956, -0.606461, 1.816488, 0.675675, 0.734513, -0.062881, 0.02358, 0.0, 0.0, 0.0, 1.0],
                [0.413062, -0.448518, -0.792598, 0.445932, -0.607644, 0.512524, -0.606703, 1.815712, 0.678343, 0.732223, -0.060835, 0.048301, 0.0, 0.0, 0.0, 1.0],
                [0.415204, -0.446349, -0.792704, 0.441368, -0.608037, 0.511985, -0.606764, 1.81634, 0.676681, 0.733923, -0.058818, 0.071506, 0.0, 0.0, 0.0, 1.0],
                [0.414465, -0.441863, -0.795598, 0.438484, -0.610354, 0.513495, -0.603151, 1.818531, 0.675046, 0.735582, -0.056867, 0.09468, 0.0, 0.0, 0.0, 1.0],
                [0.416609, -0.434338, -0.798617, 0.437458, -0.615675, 0.511548, -0.599387, 1.822385, 0.668867, 0.741397, -0.054296, 0.116085, 0.0, 0.0, 0.0, 1.0],
                [0.417682, -0.423691, -0.803759, 0.438474, -0.624653, 0.508497, -0.592656, 1.828039, 0.659812, 0.749611, -0.052269, 0.13602, 0.0, 0.0, 0.0, 1.0],
                [0.419245, -0.405941, -0.812063, 0.44321, -0.638493, 0.504049, -0.581603, 1.836843, 0.645416, 0.762331, -0.04787, 0.155893, 0.0, 0.0, 0.0, 1.0],
                [0.420467, -0.37986, -0.823964, 0.452749, -0.658176, 0.497383, -0.565168, 1.849725, 0.62451, 0.779946, -0.040881, 0.175686, 0.0, 0.0, 0.0, 1.0],
                [0.420434, -0.346981, -0.838357, 0.466363, -0.682179, 0.488321, -0.54422, 1.866236, 0.598221, 0.800716, -0.031396, 0.197463, 0.0, 0.0, 0.0, 1.0],
                [0.417825, -0.306733, -0.855183, 0.483333, -0.71067, 0.476077, -0.517976, 1.885872, 0.566014, 0.824175, -0.019069, 0.219179, 0.0, 0.0, 0.0, 1.0],
                [0.414465, -0.262676, -0.871333, 0.502932, -0.73978, 0.460388, -0.490682, 1.908158, 0.530041, 0.847965, -0.003508, 0.240843, 0.0, 0.0, 0.0, 1.0],
                [0.410977, -0.210048, -0.887118, 0.524581, -0.769399, 0.442048, -0.461108, 1.932781, 0.489003, 0.872052, 0.020061, 0.262599, 0.0, 0.0, 0.0, 1.0],
                [0.404283, -0.158722, -0.900758, 0.547131, -0.797918, 0.420189, -0.432168, 1.958774, 0.447082, 0.893448, 0.043228, 0.284053, 0.0, 0.0, 0.0, 1.0],
                [0.390601, -0.106727, -0.914353, 0.570282, -0.827689, 0.394047, -0.399574, 1.986155, 0.402943, 0.912873, 0.065578, 0.305618, 0.0, 0.0, 0.0, 1.0],
                [0.375008, -0.056781, -0.925282, 0.59317, -0.855232, 0.363943, -0.368952, 2.014283, 0.3577, 0.929688, 0.087921, 0.327169, 0.0, 0.0, 0.0, 1.0],
                [0.353933, -0.008127, -0.935237, 0.615074, -0.880883, 0.333132, -0.336259, 2.042685, 0.314289, 0.942846, 0.110747, 0.348715, 0.0, 0.0, 0.0, 1.0],
                [0.334329, 0.037253, -0.941721, 0.635265, -0.902912, 0.29907, -0.308721, 2.070858, 0.270139, 0.953504, 0.133624, 0.368703, 0.0, 0.0, 0.0, 1.0],
                [0.311205, 0.077239, -0.9472, 0.653026, -0.922325, 0.264782, -0.281441, 2.098355, 0.229063, 0.96121, 0.153641, 0.388706, 0.0, 0.0, 0.0, 1.0],
                [0.291388, 0.111392, -0.950098, 0.667628, -0.937043, 0.23307, -0.260059, 2.124667, 0.192471, 0.966059, 0.172293, 0.406675, 0.0, 0.0, 0.0, 1.0],
                [0.269221, 0.138753, -0.953031, 0.678355, -0.949503, 0.203812, -0.238551, 2.149351, 0.16114, 0.969128, 0.186617, 0.424677, 0.0, 0.0, 0.0, 1.0],
                [0.252699, 0.158145, -0.954534, 0.6838, -0.958454, 0.17584, -0.224604, 2.174151, 0.132325, 0.971633, 0.19601, 0.440589, 0.0, 0.0, 0.0, 1.0],
                [0.234682, 0.17075, -0.95696, 0.683866, -0.966729, 0.144075, -0.211372, 2.200665, 0.101782, 0.974724, 0.198881, 0.454179, 0.0, 0.0, 0.0, 1.0],
                [0.221541, 0.17842, -0.958691, 0.679749, -0.972365, 0.114697, -0.203355, 2.228193, 0.073677, 0.977246, 0.1989, 0.46775, 0.0, 0.0, 0.0, 1.0],
                [0.209015, 0.179782, -0.961245, 0.672664, -0.976753, 0.086228, -0.19626, 2.255958, 0.047602, 0.97992, 0.193626, 0.478654, 0.0, 0.0, 0.0, 1.0],
                [0.196556, 0.177795, -0.964239, 0.663817, -0.98018, 0.060463, -0.188658, 2.283264, 0.024758, 0.982209, 0.186155, 0.489568, 0.0, 0.0, 0.0, 1.0],
                [0.177992, 0.172956, -0.968714, 0.654415, -0.984033, 0.031739, -0.17514, 2.30934, 0.000454, 0.984418, 0.175844, 0.498289, 0.0, 0.0, 0.0, 1.0],
                [0.168911, 0.163411, -0.971991, 0.645662, -0.985549, 0.015195, -0.168713, 2.333486, -0.0128, 0.986441, 0.163616, 0.507049, 0.0, 0.0, 0.0, 1.0],
                [0.907633, -0.006979, -0.419707, 0.645662, -0.41957, 0.01542, -0.907593, 2.333486, 0.012806, 0.999857, 0.011067, 0.507049, 0.0, 0.0, 0.0, 1.0]
            ]
        },
        {
            "name": "Thigh_R",
            "time": [0.0, 0.0333, 0.0667, 0.1, 0.1333, 0.1667, 0.2, 0.2333, 0.2667, 0.3, 0.3333, 0.3667, 0.4, 0.4333, 0.4667, 0.5, 0.5333, 0.5667, 0.6, 0.6333, 0.6667, 0.7, 0.7333, 0.7667, 0.8, 0.8333, 0.8667, 0.9, 0.9333, 0.9667, 1.0, 1.0333, 1.0667, 1.1, 1.1333, 1.1667, 1.2, 1.2333, 1.2667, 1.3, 1.3333, 1.3667, 1.4, 1.4333, 1.4667, 1.5, 1.5333, 1.5667, 1.6, 1.6333, 1.6667, 1.7, 1.7333, 1.7667, 1.8, 1.8333, 1.8667, 1.9, 1.9333, 1.9667, 2.0, 2.0333, 2.0667, 2.1, 2.1333, 2.1667, 2.2, 2.2333, 2.2667, 2.3, 2.3333, 2.3667, 2.4, 2.4333, 2.4667, 2.5, 2.5333, 2.5667, 2.6, 2.6333, 2.6667, 3.1333],
            "transform": [
                [-0.610132, -0.027504, -0.791801, -0.003444, 0.006267, -0.999582, 0.029889, 0.159837, -0.792217, 0.013276, 0.610048, -0.142615, 0.0, 0.0, 0.0, 1.0],
                [-0.595974, -0.005662, -0.802964, -0.002082, -0.004429, -0.999985, 0.010338, 0.161713, -0.802934, 0.009719, 0.595939, -0.142962, 0.0, 0.0, 0.0, 1.0],
                [-0.58277, 0.013771, -0.812502, -0.000719, -0.012793, -0.999935, -0.00777, 0.163588, -0.812479, 0.005868, 0.582909, -0.143309, 0.0, 0.0, 0.0, 1.0],
                [-0.565142, -0.003362, -0.82497, 0.000644, -0.020067, -0.999688, 0.017821, 0.165464, -0.824694, 0.026629, 0.564898, -0.143656, 0.0, 0.0, 0.0, 1.0],
                [-0.548079, -0.021022, -0.836146, 0.002006, -0.027953, -0.998713, 0.043431, 0.16734, -0.835903, 0.047182, 0.546786, -0.144002, 0.0, 0.0, 0.0, 1.0],
                [-0.525781, -0.039745, -0.849677, 0.003202, -0.036059, -0.997015, 0.068948, 0.159868, -0.849801, 0.066897, 0.522779, -0.1418, 0.0, 0.0, 0.0, 1.0],
                [-0.504968, -0.059996, -0.861038, 0.004398, -0.039494, -0.994978, 0.092486, 0.152396, -0.862181, 0.080716, 0.500062, -0.139598, 0.0, 0.0, 0.0, 1.0],
                [-0.48022, -0.077616, -0.873696, 0.005594, -0.044467, -0.99269, 0.112622, 0.144924, -0.875966, 0.092943, 0.473258, -0.137396, 0.0, 0.0, 0.0, 1.0],
                [-0.458242, -0.096198, -0.883597, 0.00679, -0.042783, -0.990633, 0.13003, 0.137452, -0.887746, 0.097397, 0.449834, -0.135194, 0.0, 0.0, 0.0, 1.0],
                [-0.415761, -0.12445, -0.900912, 0.007986, -0.028651, -0.988357, 0.14974, 0.12998, -0.908971, 0.088077, 0.407355, -0.132992, 0.0, 0.0, 0.0, 1.0],
                [-0.340697, -0.187203, -0.921344, 0.012851, 0.006114, -0.980445, 0.196932, 0.107312, -0.940104, 0.061467, 0.335179, -0.132389, 0.0, 0.0, 0.0, 1.0],
                [-0.238509, -0.273181, -0.931928, 0.017715, 0.053568, -0.961911, 0.268232, 0.084643, -0.969613, 0.014056, 0.244058, -0.131784, 0.0, 0.0, 0.0, 1.0],
                [-0.116593, -0.33673, -0.934362, 0.02258, 0.100872, -0.939972, 0.326132, 0.061975, -0.987996, -0.056231, 0.14356, -0.13118, 0.0, 0.0, 0.0, 1.0],
                [0.023915, -0.386704, -0.921902, 0.027445, 0.139279, -0.911927, 0.386095, 0.039306, -0.989917, -0.137648, 0.03205, -0.130577, 0.0, 0.0, 0.0, 1.0],
                [0.221249, -0.492963, -0.841462, 0.03231, 0.04111, -0.857406, 0.513066, 0.016638, -0.974301, -0.148122, -0.169435, -0.129973, 0.0, 0.0, 0.0, 1.0],
                [0.451305, -0.854212, -0.258263, 0.017931, 0.067348, -0.255997, 0.964334, -0.007183, -0.889769, -0.452647, -0.058004, -0.124997, 0.0, 0.0, 0.0, 1.0],
                [0.694669, -0.709726, 0.117167, 0.003551, 0.076463, 0.234844, 0.969025, -0.031003, -0.715187, -0.664257, 0.217407, -0.120022, 0.0, 0.0, 0.0, 1.0],
                [0.732755, -0.584522, 0.348405, -0.010828, 0.021519, 0.531693, 0.84668, -0.054824, -0.680083, -0.61297, 0.402179, -0.115046, 0.0, 0.0, 0.0, 1.0],
                [0.718127, -0.597086, 0.357446, -0.025207, 0.02038, 0.531514, 0.846821, -0.078645, -0.695546, -0.600897, 0.393863, -0.110071, 0.0, 0.0, 0.0, 1.0],
                [0.652661, -0.6908, 0.311182, -0.039587, 0.000864, 0.411432, 0.91145, -0.102465, -0.757587, -0.594655, 0.269123, -0.105095, 0.0, 0.0, 0.0, 1.0],
                [0.593964, -0.745431, 0.302588, -0.033921, -0.004453, 0.373098, 0.92779, -0.100329, -0.80442, -0.552474, 0.218287, -0.10498, 0.0, 0.0, 0.0, 1.0],
                [0.560909, -0.784463, 0.264632, -0.028254, 0.003605, 0.321986, 0.946744, -0.098194, -0.827811, -0.530135, 0.183432, -0.104865, 0.0, 0.0, 0.0, 1.0],
                [0.544936, -0.809227, 0.21962, -0.022588, 0.019476, 0.274092, 0.961512, -0.096058, -0.838193, -0.519736, 0.165123, -0.10475, 0.0, 0.0, 0.0, 1.0],
                [0.53052, -0.829351, 0.175404, -0.016922, 0.029109, 0.224643, 0.97401, -0.093922, -0.847114, -0.511677, 0.143319, -0.104636, 0.0, 0.0, 0.0, 1.0],
                [0.524894, -0.838415, 0.146941, -0.011255, 0.034844, 0.19367, 0.980451, -0.091787, -0.850395, -0.509564, 0.13087, -0.104521, 0.0, 0.0, 0.0, 1.0],
                [0.521309, -0.843848, 0.127298, -0.005589, 0.032303, 0.16859, 0.98516, -0.089651, -0.852698, -0.509511, 0.115146, -0.104406, 0.0, 0.0, 0.0, 1.0],
                [0.525523, -0.842766, 0.116687, 7.7e-05, 0.02787, 0.154144, 0.987658, -0.087516, -0.850263, -0.515837, 0.104494, -0.104291, 0.0, 0.0, 0.0, 1.0],
                [0.536244, -0.837034, 0.108907, 0.005744, 0.023257, 0.143642, 0.989359, -0.08538, -0.843684, -0.528058, 0.096494, -0.104176, 0.0, 0.0, 0.0, 1.0],
                [0.5517, -0.827751, 0.102453, 0.01141, 0.020015, 0.135954, 0.990515, -0.083244, -0.833742, -0.544472, 0.091573, -0.104061, 0.0, 0.0, 0.0, 1.0],
                [0.570978, -0.815248, 0.096905, 0.017076, 0.020011, 0.131834, 0.991072, -0.081108, -0.82066, -0.563998, 0.091588, -0.103946, 0.0, 0.0, 0.0, 1.0],
                [0.593136, -0.799952, 0.09109, 0.018461, 0.024389, 0.130954, 0.99109, -0.086763, -0.804669, -0.58569, 0.097182, -0.098665, 0.0, 0.0, 0.0, 1.0],
                [0.613616, -0.785068, 0.084675, 0.019845, 0.035607, 0.134652, 0.990255, -0.092417, -0.788736, -0.604684, 0.110578, -0.093383, 0.0, 0.0, 0.0, 1.0],
                [0.631997, -0.771312, 0.075362, 0.021229, 0.053069, 0.140106, 0.988714, -0.098071, -0.773086, -0.62093, 0.129479, -0.088101, 0.0, 0.0, 0.0, 1.0],
                [0.646338, -0.760297, 0.064907, 0.022614, 0.076295, 0.149046, 0.985884, -0.103725, -0.759161, -0.632326, 0.154341, -0.082819, 0.0, 0.0, 0.0, 1.0],
                [0.660224, -0.749133, 0.054013, 0.023998, 0.099283, 0.158354, 0.98238, -0.109379, -0.744411, -0.643292, 0.178925, -0.077537, 0.0, 0.0, 0.0, 1.0],
                [0.671608, -0.739718, 0.042087, 0.025382, 0.123903, 0.168163, 0.977942, -0.115033, -0.730405, -0.651645, 0.204593, -0.072255, 0.0, 0.0, 0.0, 1.0],
                [0.679028, -0.733461, 0.031055, 0.026767, 0.145586, 0.176033, 0.973561, -0.120688, -0.719463, -0.656619, 0.226312, -0.066973, 0.0, 0.0, 0.0, 1.0],
                [0.683098, -0.73004, 0.020649, 0.028151, 0.163796, 0.180728, 0.9698, -0.126342, -0.711652, -0.659152, 0.243032, -0.061692, 0.0, 0.0, 0.0, 1.0],
                [0.682876, -0.730489, 0.008635, 0.029535, 0.178904, 0.178715, 0.9675, -0.131996, -0.708219, -0.659204, 0.252727, -0.05641, 0.0, 0.0, 0.0, 1.0],
                [0.679541, -0.733639, -0.00246, 0.03092, 0.189964, 0.172749, 0.966475, -0.13765, -0.708547, -0.657291, 0.256755, -0.051128, 0.0, 0.0, 0.0, 1.0],
                [0.676076, -0.736713, -0.013539, 0.034234, 0.200985, 0.166739, 0.965301, -0.135777, -0.70882, -0.655403, 0.260797, -0.053817, 0.0, 0.0, 0.0, 1.0],
                [0.670806, -0.741269, -0.023472, 0.037549, 0.209084, 0.15869, 0.964936, -0.133904, -0.71148, -0.652258, 0.261437, -0.056506, 0.0, 0.0, 0.0, 1.0],
                [0.665434, -0.745717, -0.033401, 0.040864, 0.217126, 0.150587, 0.964458, -0.132032, -0.71411, -0.649101, 0.26212, -0.059195, 0.0, 0.0, 0.0, 1.0],
                [0.658493, -0.751409, -0.042249, 0.044179, 0.221978, 0.14031, 0.964903, -0.130159, -0.719036, -0.644825, 0.25919, -0.061884, 0.0, 0.0, 0.0, 1.0],
                [0.651472, -0.756958, -0.051124, 0.047494, 0.226741, 0.129984, 0.965242, -0.128286, -0.723929, -0.640483, 0.256315, -0.064573, 0.0, 0.0, 0.0, 1.0],
                [0.642426, -0.764172, -0.057858, 0.050809, 0.228862, 0.119283, 0.966122, -0.126413, -0.731308, -0.633967, 0.25152, -0.067261, 0.0, 0.0, 0.0, 1.0],
                [0.633292, -0.771221, -0.064654, 0.054124, 0.230861, 0.108544, 0.966913, -0.124541, -0.738609, -0.627327, 0.246785, -0.06995, 0.0, 0.0, 0.0, 1.0],
                [0.621593, -0.780122, -0.071111, 0.057439, 0.231791, 0.096483, 0.967967, -0.122668, -0.748194, -0.618228, 0.240798, -0.072639, 0.0, 0.0, 0.0, 1.0],
                [0.609765, -0.788785, -0.077665, 0.060754, 0.232542, 0.084391, 0.968917, -0.120795, -0.757635, -0.608934, 0.234883, -0.075328, 0.0, 0.0, 0.0, 1.0],
                [0.597814, -0.797207, -0.084312, 0.064069, 0.233113, 0.072272, 0.969758, -0.118922, -0.766927, -0.59945, 0.229043, -0.078017, 0.0, 0.0, 0.0, 1.0],
                [0.585674, -0.805431, -0.0911, 0.067384, 0.233502, 0.060046, 0.970499, -0.117049, -0.776119, -0.589728, 0.223236, -0.080706, 0.0, 0.0, 0.0, 1.0],
                [0.574726, -0.812157, -0.100628, 0.070699, 0.233092, 0.044608, 0.97143, -0.115177, -0.784383, -0.581821, 0.214944, -0.083395, 0.0, 0.0, 0.0, 1.0],
                [0.565496, -0.817137, -0.11197, 0.074014, 0.231853, 0.027231, 0.972368, -0.113304, -0.791427, -0.575889, 0.204854, -0.086084, 0.0, 0.0, 0.0, 1.0],
                [0.556233, -0.821835, -0.12341, 0.077329, 0.230414, 0.00985, 0.973041, -0.111431, -0.79838, -0.569732, 0.194841, -0.088773, 0.0, 0.0, 0.0, 1.0],
                [0.549865, -0.824366, -0.13457, 0.080644, 0.227525, -0.007176, 0.973744, -0.109558, -0.803603, -0.566104, 0.183618, -0.091462, 0.0, 0.0, 0.0, 1.0],
                [0.528286, -0.839946, -0.124299, 0.083959, 0.199402, -0.019558, 0.979721, -0.107685, -0.825257, -0.542415, 0.157154, -0.09415, 0.0, 0.0, 0.0, 1.0],
                [0.495638, -0.862463, -0.102736, 0.087274, 0.153438, -0.029473, 0.987718, -0.105813, -0.854807, -0.505367, 0.117726, -0.09684, 0.0, 0.0, 0.0, 1.0],
                [0.457178, -0.88602, -0.077589, 0.090589, 0.094425, -0.038391, 0.994791, -0.10394, -0.884288, -0.462173, 0.06611, -0.099529, 0.0, 0.0, 0.0, 1.0],
                [0.42181, -0.904565, -0.062506, 0.093904, 0.032002, -0.054045, 0.998027, -0.102067, -0.906061, -0.423023, 0.006151, -0.102218, 0.0, 0.0, 0.0, 1.0],
                [0.402574, -0.913171, -0.064225, 0.097219, -0.021127, -0.079418, 0.996619, -0.100194, -0.915087, -0.399898, -0.051264, -0.104906, 0.0, 0.0, 0.0, 1.0],
                [0.425404, -0.901015, -0.085277, 0.085568, -0.050867, -0.117894, 0.991723, -0.086079, -0.903515, -0.41759, -0.095985, -0.108604, 0.0, 0.0, 0.0, 1.0],
                [0.457638, -0.882193, -0.11119, 0.073918, -0.093099, -0.171925, 0.980703, -0.071965, -0.884191, -0.438501, -0.160811, -0.112302, 0.0, 0.0, 0.0, 1.0],
                [0.491415, -0.859313, -0.141933, 0.062268, -0.1341, -0.235703, 0.962532, -0.05785, -0.860479, -0.454016, -0.231062, -0.116, 0.0, 0.0, 0.0, 1.0],
                [0.519477, -0.835463, -0.179422, 0.050618, -0.160927, -0.301904, 0.939662, -0.043735, -0.839131, -0.459307, -0.291281, -0.119697, 0.0, 0.0, 0.0, 1.0],
                [0.531056, -0.816666, -0.226004, 0.038967, -0.166286, -0.362015, 0.917228, -0.02962, -0.830796, -0.449566, -0.328051, -0.123395, 0.0, 0.0, 0.0, 1.0],
                [0.526784, -0.801062, -0.284322, 0.027317, -0.152247, -0.418046, 0.895586, -0.015505, -0.836191, -0.428539, -0.342179, -0.127093, 0.0, 0.0, 0.0, 1.0],
                [0.515628, -0.78292, -0.348142, 0.015666, -0.131514, -0.473864, 0.870735, -0.00139, -0.846598, -0.403233, -0.347302, -0.130791, 0.0, 0.0, 0.0, 1.0],
                [0.501009, -0.75963, -0.414714, 0.004016, -0.106344, -0.52964, 0.841547, 0.012725, -0.858822, -0.37756, -0.346137, -0.134488, 0.0, 0.0, 0.0, 1.0],
                [0.480433, -0.731758, -0.483474, -0.007634, -0.077466, -0.584556, 0.807669, 0.026839, -0.873544, -0.350615, -0.337527, -0.138186, 0.0, 0.0, 0.0, 1.0],
                [0.452989, -0.70013, -0.551952, -0.019284, -0.047476, -0.637226, 0.769242, 0.040954, -0.890193, -0.322287, -0.321895, -0.141884, 0.0, 0.0, 0.0, 1.0],
                [0.419842, -0.664823, -0.617876, -0.020947, -0.018098, -0.686824, 0.726632, 0.041621, -0.90736, -0.293919, -0.30039, -0.144176, 0.0, 0.0, 0.0, 1.0],
                [0.390659, -0.624146, -0.676649, -0.022608, 0.009062, -0.732461, 0.68079, 0.042288, -0.920436, -0.272116, -0.280486, -0.146469, 0.0, 0.0, 0.0, 1.0],
                [0.359963, -0.582468, -0.728821, -0.024271, 0.033012, -0.772791, 0.63385, 0.042955, -0.932329, -0.252248, -0.258947, -0.148761, 0.0, 0.0, 0.0, 1.0],
                [0.334255, -0.54017, -0.772339, -0.025933, 0.051837, -0.807743, 0.587308, 0.043621, -0.941002, -0.236371, -0.241991, -0.151053, 0.0, 0.0, 0.0, 1.0],
                [0.313615, -0.494511, -0.81063, -0.027595, 0.068366, -0.839772, 0.538686, 0.044288, -0.947033, -0.224382, -0.229557, -0.153346, 0.0, 0.0, 0.0, 1.0],
                [0.292687, -0.443114, -0.847347, -0.029257, 0.084466, -0.870755, 0.484488, 0.044954, -0.952416, -0.213397, -0.217431, -0.155638, 0.0, 0.0, 0.0, 1.0],
                [0.276435, -0.388388, -0.87906, -0.030919, 0.096761, -0.898855, 0.427525, 0.045621, -0.956097, -0.203262, -0.210895, -0.15793, 0.0, 0.0, 0.0, 1.0],
                [0.258832, -0.332322, -0.906959, -0.032581, 0.106165, -0.923529, 0.36866, 0.046287, -0.960018, -0.191728, -0.203758, -0.160223, 0.0, 0.0, 0.0, 1.0],
                [0.243826, -0.277593, -0.929244, -0.034243, 0.112026, -0.943735, 0.311291, 0.046954, -0.963276, -0.180017, -0.199009, -0.162515, 0.0, 0.0, 0.0, 1.0],
                [0.228974, -0.22702, -0.946591, -0.035905, 0.115085, -0.959341, 0.257895, 0.047621, -0.966556, -0.168006, -0.193538, -0.164807, 0.0, 0.0, 0.0, 1.0],
                [0.215145, -0.182268, -0.959422, -0.024588, 0.11492, -0.970927, 0.210208, 0.044518, -0.969747, -0.155497, -0.187944, -0.150951, 0.0, 0.0, 0.0, 1.0],
                [0.945482, 0.067158, 0.318674, 0.133847, 0.064694, -0.997738, 0.018325, 0.001085, 0.319184, 0.00329, -0.947688, 0.043038, 0.0, 0.0, 0.0, 1.0]
            ]
        },
        {
            "name": "Leg_R",
            "time": [0.0, 0.0333, 0.0667, 0.1, 0.1333, 0.1667, 0.2, 0.2333, 0.2667, 0.3, 0.3333, 0.3667, 0.4, 0.4333, 0.4667, 0.5, 0.5333, 0.5667, 0.6, 0.6333, 0.6667, 0.7, 0.7333, 0.7667, 0.8, 0.8333, 0.8667, 0.9, 0.9333, 0.9667, 1.0, 1.0333, 1.0667, 1.1, 1.1333, 1.1667, 1.2, 1.2333, 1.2667, 1.3, 1.3333, 1.3667, 1.4, 1.4333, 1.4667, 1.5, 1.5333, 1.5667, 1.6, 1.6333, 1.6667, 1.7, 1.7333, 1.7667, 1.8, 1.8333, 1.8667, 1.9, 1.9333, 1.9667, 2.0, 2.0333, 2.0667, 2.1, 2.1333, 2.1667, 2.2, 2.2333, 2.2667, 2.3, 2.3333, 2.3667, 2.4, 2.4333, 2.4667, 2.5, 2.5333, 2.5667, 2.6, 2.6333, 2.6667, 3.1333],
            "transform": [
                [0.999955, 0.001824, -0.000702, 0.0, -0.000704, 0.671174, 0.741325, 0.37472, 0.001823, -0.74138, 0.671123, 0.0, 0.0, 0.0, 0.0, 1.0],
                [0.999954, 0.001803, -0.000751, -0.0, -0.000753, 0.710742, 0.703486, 0.37472, 0.001802, -0.703534, 0.710691, 0.0, 0.0, 0.0, 0.0, 1.0],
                [0.999955, 0.001784, -0.000796, -0.0, -0.000798, 0.745373, 0.666687, 0.37472, 0.001782, -0.66673, 0.745323, -0.0, 0.0, 0.0, 0.0, 1.0],
                [0.999954, 0.001793, -0.000773, 0.0, -0.000775, 0.727778, 0.685848, 0.37472, 0.001792, -0.685895, 0.727727, 0.0, 0.0, 0.0, 0.0, 1.0],
                [0.999955, 0.001803, -0.00075, 0.0, -0.000751, 0.709689, 0.704547, 0.37472, 0.001802, -0.704595, 0.709638, -0.0, 0.0, 0.0, 0.0, 1.0],
                [0.999955, 0.001815, -0.000721, 0.0, -0.000723, 0.686803, 0.726872, 0.37472, 0.001814, -0.726924, 0.686751, -0.0, 0.0, 0.0, 0.0, 1.0],
                [0.999955, 0.001825, -0.000692, -0.0, -0.000693, 0.663215, 0.748453, 0.37472, 0.001825, -0.748511, 0.663162, 0.0, 0.0, 0.0, 0.0, 1.0],
                [0.999954, 0.001839, -0.000656, 0.0, -0.000657, 0.63365, 0.773639, 0.37472, 0.001838, -0.773702, 0.633597, -0.0, 0.0, 0.0, 0.0, 1.0],
                [0.999955, 0.00185, -0.000621, 0.0, -0.000621, 0.603509, 0.79737, 0.37472, 0.00185, -0.797438, 0.603455, 0.0, 0.0, 0.0, 0.0, 1.0],
                [0.999954, 0.001875, -0.000541, 0.0, -0.000541, 0.532941, 0.846155, 0.37472, 0.001875, -0.846234, 0.532891, -0.0, 0.0, 0.0, 0.0, 1.0],
                [0.999953, 0.001915, -0.000377, -0.0, -0.000377, 0.379106, 0.925337, 0.37472, 0.001915, -0.925434, 0.379065, 0.0, 0.0, 0.0, 0.0, 1.0],
                [0.999952, 0.001945, -0.000157, -0.0, -0.000157, 0.160102, 0.987068, 0.37472, 0.001945, -0.987182, 0.160083, -0.0, 0.0, 0.0, 0.0, 1.0],
                [0.999952, 0.00195, 4e-05, 0.0, 4.1e-05, -0.041576, 0.9991, 0.37472, 0.00195, -0.999217, -0.041571, 0.0, 0.0, 0.0, 0.0, 1.0],
                [0.999952, 0.001938, 0.000224, -0.0, 0.000226, -0.229364, 0.973314, 0.37472, 0.001937, -0.973422, -0.229338, 0.0, 0.0, 0.0, 0.0, 1.0],
                [0.999952, 0.001885, 0.000499, 0.0, 0.000501, -0.4955, 0.868609, 0.37472, 0.001884, -0.868687, -0.495455, -0.0, 0.0, 0.0, 0.0, 1.0],
                [0.999954, 0.001769, 0.000823, 0.0, 0.000827, -0.76661, 0.642157, 0.37472, 0.001767, -0.642195, -0.766562, 0.0, 0.0, 0.0, 0.0, 1.0],
                [0.999956, 0.001732, 0.000901, -0.0, 0.000907, -0.821061, 0.570895, 0.37472, 0.001729, -0.570926, -0.821014, 0.0, 0.0, 0.0, 0.0, 1.0],
                [0.999956, 0.001792, 0.000778, 0.0, 0.000784, -0.732903, 0.680369, 0.37472, 0.001789, -0.680416, -0.73285, 0.0, 0.0, 0.0, 0.0, 1.0],
                [0.999957, 0.001894, 0.00048, -0.0, 0.000485, -0.478701, 0.877972, 0.37472, 0.001892, -0.878059, -0.478653, -0.0, 0.0, 0.0, 0.0, 1.0],
                [0.999956, 0.001937, 0.000264, -0.0, 0.00027, -0.270817, 0.962602, 0.37472, 0.001935, -0.962712, -0.270785, -0.0, 0.0, 0.0, 0.0, 1.0],
                [0.999956, 0.001948, 0.000148, -0.0, 0.000153, -0.153823, 0.988063, 0.37472, 0.001947, -0.988181, -0.153805, -0.0, 0.0, 0.0, 0.0, 1.0],
                [0.999955, 0.001953, 7.8e-05, 0.0, 8.4e-05, -0.083198, 0.996494, 0.37472, 0.001952, -0.996615, -0.083188, 0.0, 0.0, 0.0, 0.0, 1.0],
                [0.999955, 0.001954, 5.7e-05, 0.0, 6.1e-05, -0.060606, 0.998122, 0.37472, 0.001953, -0.998244, -0.060598, -0.0, 0.0, 0.0, 0.0, 1.0],
                [0.999955, 0.001953, 4.6e-05, 0.0, 5.2e-05, -0.050159, 0.9987, 0.37472, 0.001953, -0.998824, -0.050153, -0.0, 0.0, 0.0, 0.0, 1.0],
                [0.999954, 0.001952, 5.9e-05, 0.0, 6.3e-05, -0.0625, 0.998004, 0.37472, 0.001952, -0.99813, -0.062492, -0.0, 0.0, 0.0, 0.0, 1.0],
                [0.999954, 0.001951, 9.5e-05, 0.0, 0.0001, -0.099961, 0.99495, 0.37472, 0.001951, -0.995077, -0.099948, -0.0, 0.0, 0.0, 0.0, 1.0],
                [0.999954, 0.001948, 0.000145, -0.0, 0.000151, -0.151126, 0.988475, 0.37472, 0.001947, -0.9886, -0.151106, 0.0, 0.0, 0.0, 0.0, 1.0],
                [0.999955, 0.001943, 0.000203, -0.0, 0.000208, -0.209505, 0.977771, 0.37472, 0.001942, -0.977894, -0.209478, 0.0, 0.0, 0.0, 0.0, 1.0],
                [0.999955, 0.001936, 0.000263, 0.0, 0.000269, -0.2697, 0.962911, 0.37472, 0.001935, -0.963032, -0.269666, 0.0, 0.0, 0.0, 0.0, 1.0],
                [0.999955, 0.001926, 0.000323, -0.0, 0.000328, -0.328858, 0.944352, 0.37472, 0.001925, -0.944466, -0.328818, -0.0, 0.0, 0.0, 0.0, 1.0],
                [0.999953, 0.001917, 0.00038, 0.0, 0.000386, -0.384707, 0.923017, 0.37472, 0.001915, -0.923127, -0.38466, 0.0, 0.0, 0.0, 0.0, 1.0],
                [0.999954, 0.001904, 0.000436, 0.0, 0.000444, -0.43918, 0.898384, 0.37472, 0.001902, -0.898487, -0.439129, 0.0, 0.0, 0.0, 0.0, 1.0],
                [0.999954, 0.001891, 0.000487, -0.0, 0.000494, -0.486437, 0.873707, 0.37472, 0.001888, -0.873804, -0.486382, -0.0, 0.0, 0.0, 0.0, 1.0],
                [0.999954, 0.00188, 0.000532, 0.0, 0.000538, -0.52692, 0.849913, 0.37472, 0.001878, -0.850002, -0.526864, 0.0, 0.0, 0.0, 0.0, 1.0],
                [0.999954, 0.001869, 0.000567, -0.0, 0.000575, -0.559278, 0.828984, 0.37472, 0.001867, -0.829067, -0.559221, -0.0, 0.0, 0.0, 0.0, 1.0],
                [0.999954, 0.00186, 0.000595, -0.0, 0.000602, -0.583711, 0.81197, 0.37472, 0.001857, -0.812048, -0.583653, 0.0, 0.0, 0.0, 0.0, 1.0],
                [0.999955, 0.001853, 0.000614, 0.0, 0.000622, -0.600435, 0.799685, 0.37472, 0.001851, -0.79976, -0.600376, 0.0, 0.0, 0.0, 0.0, 1.0],
                [0.999954, 0.001851, 0.000624, -0.0, 0.00063, -0.608424, 0.793625, 0.37472, 0.001848, -0.7937, -0.608365, 0.0, 0.0, 0.0, 0.0, 1.0],
                [0.999954, 0.00185, 0.000623, 0.0, 0.00063, -0.607812, 0.794094, 0.37472, 0.001848, -0.794168, -0.607754, -0.0, 0.0, 0.0, 0.0, 1.0],
                [0.999954, 0.001853, 0.000614, 0.0, 0.00062, -0.599817, 0.800148, 0.37472, 0.001851, -0.800224, -0.599758, -0.0, 0.0, 0.0, 0.0, 1.0],
                [0.999954, 0.001858, 0.000599, -0.0, 0.000605, -0.586731, 0.809791, 0.37472, 0.001856, -0.809868, -0.586673, -0.0, 0.0, 0.0, 0.0, 1.0],
                [0.999954, 0.001864, 0.000578, -0.0, 0.000585, -0.568955, 0.822374, 0.37472, 0.001862, -0.822455, -0.568898, -0.0, 0.0, 0.0, 0.0, 1.0],
                [0.999953, 0.001872, 0.000554, 0.0, 0.000561, -0.547525, 0.836792, 0.37472, 0.00187, -0.836877, -0.547468, 0.0, 0.0, 0.0, 0.0, 1.0],
                [0.999954, 0.001881, 0.000524, 0.0, 0.00053, -0.519707, 0.854343, 0.37472, 0.001879, -0.85443, -0.519652, 0.0, 0.0, 0.0, 0.0, 1.0],
                [0.999955, 0.001889, 0.000492, -0.0, 0.0005, -0.491326, 0.870969, 0.37472, 0.001887, -0.871061, -0.491274, 0.0, 0.0, 0.0, 0.0, 1.0],
                [0.999954, 0.001899, 0.000456, 0.0, 0.000464, -0.458213, 0.888831, 0.37472, 0.001896, -0.888929, -0.458161, -0.0, 0.0, 0.0, 0.0, 1.0],
                [0.999954, 0.001906, 0.000421, -0.0, 0.000427, -0.42445, 0.905435, 0.37472, 0.001905, -0.905537, -0.424402, -0.0, 0.0, 0.0, 0.0, 1.0],
                [0.999954, 0.001915, 0.000382, -0.0, 0.00039, -0.3873, 0.921933, 0.37472, 0.001913, -0.92204, -0.387254, -0.0, 0.0, 0.0, 0.0, 1.0],
                [0.999955, 0.001922, 0.000343, 0.0, 0.000351, -0.34951, 0.936908, 0.37472, 0.001921, -0.937019, -0.349468, -0.0, 0.0, 0.0, 0.0, 1.0],
                [0.999953, 0.00193, 0.000301, 0.0, 0.000308, -0.308368, 0.951238, 0.37472, 0.001929, -0.951354, -0.30833, -0.0, 0.0, 0.0, 0.0, 1.0],
                [0.999954, 0.001936, 0.000259, 0.0, 0.000266, -0.266373, 0.963837, 0.37472, 0.001934, -0.963957, -0.266339, 0.0, 0.0, 0.0, 0.0, 1.0],
                [0.999954, 0.001942, 0.000215, 0.0, 0.000221, -0.221658, 0.975088, 0.37472, 0.001941, -0.975211, -0.22163, 0.0, 0.0, 0.0, 0.0, 1.0],
                [0.999955, 0.001948, 0.000169, -0.0, 0.000176, -0.176147, 0.984325, 0.37472, 0.001947, -0.98445, -0.176124, 0.0, 0.0, 0.0, 0.0, 1.0],
                [0.999954, 0.00195, 0.000124, -0.0, 0.000131, -0.130258, 0.991439, 0.37472, 0.001949, -0.991568, -0.130241, 0.0, 0.0, 0.0, 0.0, 1.0],
                [0.999954, 0.001951, 7.9e-05, -0.0, 8.6e-05, -0.084135, 0.996412, 0.37472, 0.001951, -0.996541, -0.084124, 0.0, 0.0, 0.0, 0.0, 1.0],
                [0.999954, 0.001951, 7.9e-05, 0.0, 8.5e-05, -0.084136, 0.996411, 0.37472, 0.00195, -0.996542, -0.084124, 0.0, 0.0, 0.0, 0.0, 1.0],
                [0.999954, 0.00195, 0.000109, 0.0, 0.000114, -0.113815, 0.993459, 0.37472, 0.001949, -0.99359, -0.1138, -0.0, 0.0, 0.0, 0.0, 1.0],
                [0.999953, 0.001948, 0.000142, -0.0, 0.000147, -0.147523, 0.989016, 0.37472, 0.001947, -0.989149, -0.147503, -0.0, 0.0, 0.0, 0.0, 1.0],
                [0.999954, 0.001947, 0.000163, -0.0, 0.000167, -0.168147, 0.985721, 0.37472, 0.001946, -0.985851, -0.168124, -0.0, 0.0, 0.0, 0.0, 1.0],
                [0.999954, 0.001945, 0.00016, -0.0, 0.000164, -0.165472, 0.986174, 0.37472, 0.001945, -0.986303, -0.16545, 0.0, 0.0, 0.0, 0.0, 1.0],
                [0.999953, 0.001948, 0.000126, -0.0, 0.00013, -0.131207, 0.991312, 0.37472, 0.001948, -0.991445, -0.131189, 0.0, 0.0, 0.0, 0.0, 1.0],
                [0.999954, 0.001951, 8.7e-05, 0.0, 9e-05, -0.090671, 0.995839, 0.37472, 0.00195, -0.995969, -0.090659, 0.0, 0.0, 0.0, 0.0, 1.0],
                [0.999953, 0.001953, 4.4e-05, 0.0, 4.8e-05, -0.046844, 0.998859, 0.37472, 0.001952, -0.99899, -0.046837, -0.0, 0.0, 0.0, 0.0, 1.0],
                [0.999954, 0.001953, 0.0, 0.0, 5e-06, -0.002926, 0.999951, 0.37472, 0.001953, -1.000084, -0.002926, 0.0, 0.0, 0.0, 0.0, 1.0],
                [0.999953, 0.001952, -3.2e-05, 0.0, -2.8e-05, 0.03102, 0.999475, 0.37472, 0.001952, -0.999606, 0.031016, 0.0, 0.0, 0.0, 0.0, 1.0],
                [0.999953, 0.001951, -6.2e-05, -0.0, -5.7e-05, 0.061006, 0.998094, 0.37472, 0.001951, -0.998226, 0.060998, 0.0, 0.0, 0.0, 0.0, 1.0],
                [0.999954, 0.001951, -9.1e-05, -0.0, -8.6e-05, 0.090575, 0.995848, 0.37472, 0.001951, -0.995976, 0.090563, -0.0, 0.0, 0.0, 0.0, 1.0],
                [0.999953, 0.001948, -0.000119, -0.0, -0.000116, 0.120242, 0.992703, 0.37472, 0.001948, -0.992833, 0.120226, -0.0, 0.0, 0.0, 0.0, 1.0],
                [0.999954, 0.001946, -0.00015, 0.0, -0.000146, 0.151367, 0.988439, 0.37472, 0.001946, -0.988564, 0.151348, -0.0, 0.0, 0.0, 0.0, 1.0],
                [0.999953, 0.001944, -0.00018, -0.0, -0.000178, 0.182345, 0.983197, 0.37472, 0.001944, -0.983321, 0.182321, 0.0, 0.0, 0.0, 0.0, 1.0],
                [0.999954, 0.001941, -0.000211, -0.0, -0.000209, 0.214293, 0.976734, 0.37472, 0.001941, -0.976855, 0.214266, 0.0, 0.0, 0.0, 0.0, 1.0],
                [0.999953, 0.001937, -0.000242, 0.0, -0.000242, 0.246022, 0.969232, 0.37472, 0.001937, -0.96935, 0.245992, -0.0, 0.0, 0.0, 0.0, 1.0],
                [0.999953, 0.001933, -0.000274, -0.0, -0.000273, 0.277481, 0.960701, 0.37472, 0.001932, -0.960817, 0.277447, 0.0, 0.0, 0.0, 0.0, 1.0],
                [0.999952, 0.001928, -0.000306, -0.0, -0.000307, 0.310122, 0.950669, 0.37472, 0.001928, -0.950784, 0.310084, 0.0, 0.0, 0.0, 0.0, 1.0],
                [0.999952, 0.001923, -0.000339, 0.0, -0.00034, 0.342401, 0.93953, 0.37472, 0.001923, -0.939641, 0.34236, -0.0, 0.0, 0.0, 0.0, 1.0],
