{
    "animation": [
        {
            "name": "Root",
            "time": [0.0, 0.0333, 0.0667, 0.1, 0.1333, 0.1667, 0.2, 0.2333, 0.2667, 0.3, 0.3333, 0.3667, 0.4, 0.4333, 0.4667, 0.5, 0.5333, 0.5667, 0.6, 0.6333, 0.6667, 0.7, 0.7333, 0.7667, 0.8, 0.8333, 0.8667, 0.9, 0.9333, 0.9667, 1.0, 1.0333, 1.0667, 1.1, 1.1333, 1.1667, 1.2, 1.2333, 1.2667, 1.3, 1.3333, 1.3667, 1.4, 1.4333, 1.4667, 1.5, 1.5333, 1.5667, 1.6, 1.6333, 1.6667, 1.7, 1.7333, 1.7667, 1.8, 1.8333, 1.8667, 1.9, 1.9333, 1.9667, 2.3333],
            "transform": [
                [-0.150469, -0.045556, -0.987565, -0.405949, -0.880029, 0.461331, 0.112804, -0.170511, 0.450455, 0.886058, -0.109506, 0.205384, 0.0, 0.0, 0.0, 1.0],
                [-0.096445, -0.152368, -0.983608, -0.421145, -0.884858, 0.465633, 0.014633, -0.080114, 0.45577, 0.871763, -0.179732, 0.154424, 0.0, 0.0, 0.0, 1.0],
                [-0.033884, -0.264566, -0.963773, -0.415924, -0.880811, 0.463574, -0.096289, 0.002806, 0.472255, 0.845638, -0.248741, 0.098501, 0.0, 0.0, 0.0, 1.0],
                [0.014279, -0.362311, -0.931949, -0.451528, -0.877624, 0.442082, -0.185314, 0.100665, 0.479138, 0.820545, -0.311661, 0.052505, 0.0, 0.0, 0.0, 1.0],
                [0.036893, -0.42715, -0.903429, -0.589208, -0.89113, 0.395066, -0.223183, 0.235884, 0.452246, 0.813305, -0.366072, 0.031339, 0.0, 0.0, 0.0, 1.0],
                [0.032982, -0.436419, -0.89914, -0.931028, -0.935807, 0.302427, -0.181118, 0.44697, 0.350967, 0.847395, -0.398429, 0.059183, 0.0, 0.0, 0.0, 1.0],
                [-0.00703, -0.411789, -0.911253, -1.418018, -0.981829, 0.175659, -0.071804, 0.71119, 0.189638, 0.894189, -0.405542, 0.122345, 0.0, 0.0, 0.0, 1.0],
                [-0.10349, -0.413564, -0.904575, -1.869892, -0.993885, 0.078208, 0.077952, 0.959106, 0.038507, 0.90711, -0.419129, 0.178923, 0.0, 0.0, 0.0, 1.0],
                [-0.241081, -0.495738, -0.834342, -2.220466, -0.964841, 0.029675, 0.261157, 1.148766, -0.104706, 0.867965, -0.485463, 0.216696, 0.0, 0.0, 0.0, 1.0],
                [-0.403905, -0.588861, -0.700075, -2.535915, -0.88186, 0.047123, 0.469151, 1.322083, -0.243274, 0.80686, -0.538328, 0.247903, 0.0, 0.0, 0.0, 1.0],
                [-0.555135, -0.582261, -0.593968, -2.834555, -0.774044, 0.100273, 0.625142, 1.535462, -0.304436, 0.806794, -0.506361, 0.267442, 0.0, 0.0, 0.0, 1.0],
                [-0.710523, -0.452813, -0.538627, -3.125223, -0.652758, 0.13826, 0.744845, 1.80733, -0.262804, 0.880821, -0.393814, 0.278489, 0.0, 0.0, 0.0, 1.0],
                [-0.850324, -0.256618, -0.459455, -3.407395, -0.503593, 0.143302, 0.851975, 2.106797, -0.152791, 0.95583, -0.251084, 0.289073, 0.0, 0.0, 0.0, 1.0],
                [-0.938931, -0.015884, -0.343741, -3.685349, -0.343346, 0.109688, 0.932784, 2.416259, 0.022888, 0.993839, -0.108444, 0.296172, 0.0, 0.0, 0.0, 1.0],
                [-0.951608, 0.212691, -0.221823, -3.963384, -0.218403, 0.039749, 0.975051, 2.718168, 0.216202, 0.97631, 0.008627, 0.299027, 0.0, 0.0, 0.0, 1.0],
                [-0.912998, 0.393997, -0.105851, -4.245794, -0.123775, -0.020282, 0.992104, 2.994969, 0.388739, 0.918888, 0.067284, 0.29629, 0.0, 0.0, 0.0, 1.0],
                [-0.859597, 0.509812, -0.034419, -4.536883, -0.067778, -0.046997, 0.996595, 3.229126, 0.506458, 0.859001, 0.074953, 0.286674, 0.0, 0.0, 0.0, 1.0],
                [-0.82588, 0.561795, -0.04805, -4.845425, -0.057158, 0.001364, 0.998366, 3.401479, 0.560942, 0.827276, 0.030985, 0.266814, 0.0, 0.0, 0.0, 1.0],
                [-0.81496, 0.562208, -0.14058, -5.168805, -0.083071, 0.126746, 0.988452, 3.521133, 0.573533, 0.817226, -0.05659, 0.236592, 0.0, 0.0, 0.0, 1.0],
                [-0.811842, 0.515691, -0.273819, -5.494234, -0.142155, 0.280279, 0.949336, 3.612948, 0.566309, 0.809633, -0.154234, 0.199513, 0.0, 0.0, 0.0, 1.0],
                [-0.804122, 0.438262, -0.401642, -5.808928, -0.210607, 0.421786, 0.881898, 3.701796, 0.555909, 0.79374, -0.246867, 0.159301, 0.0, 0.0, 0.0, 1.0],
                [-0.789014, 0.371059, -0.489667, -6.100102, -0.260645, 0.519568, 0.813705, 3.812541, 0.556347, 0.769652, -0.313232, 0.118722, 0.0, 0.0, 0.0, 1.0],
                [-0.788274, 0.346315, -0.508617, -6.310954, -0.280729, 0.533137, 0.798096, 3.96925, 0.547555, 0.771902, -0.323037, 0.06812, 0.0, 0.0, 0.0, 1.0],
                [-0.783964, 0.314527, -0.535234, -6.462926, -0.340688, 0.502763, 0.794458, 4.139202, 0.518974, 0.805172, -0.286992, 0.012889, 0.0, 0.0, 0.0, 1.0],
                [-0.677428, 0.192352, -0.709996, -6.572266, -0.592707, 0.428904, 0.68172, 4.281993, 0.43565, 0.882634, -0.176543, -0.026357, 0.0, 0.0, 0.0, 1.0],
                [-0.618282, 0.185247, -0.763815, -6.635468, -0.719332, 0.258205, 0.644898, 4.339123, 0.316686, 0.948164, -0.02639, -0.044497, 0.0, 0.0, 0.0, 1.0],
                [-0.565921, 0.213979, -0.796209, -6.688201, -0.793544, 0.120607, 0.596443, 4.378461, 0.223654, 0.969364, 0.101548, -0.05803, 0.0, 0.0, 0.0, 1.0],
                [-0.503937, 0.232891, -0.831752, -6.744591, -0.826257, 0.150619, 0.542784, 4.422864, 0.251687, 0.960768, 0.116525, -0.074709, 0.0, 0.0, 0.0, 1.0],
                [-0.450919, 0.242829, -0.858899, -6.788813, -0.836811, 0.219758, 0.501454, 4.458602, 0.310517, 0.94485, 0.104108, -0.084133, 0.0, 0.0, 0.0, 1.0],
                [-0.416646, 0.248149, -0.874546, -6.818507, -0.84716, 0.242959, 0.472539, 4.485485, 0.329738, 0.93776, 0.108994, -0.083494, 0.0, 0.0, 0.0, 1.0],
                [-0.381931, 0.252053, -0.889158, -6.847663, -0.85585, 0.266625, 0.443207, 4.512196, 0.348783, 0.930258, 0.113887, -0.082852, 0.0, 0.0, 0.0, 1.0],
                [-0.350923, 0.255212, -0.900957, -6.875836, -0.862409, 0.286778, 0.417145, 4.538357, 0.364834, 0.923377, 0.119461, -0.080755, 0.0, 0.0, 0.0, 1.0],
                [-0.319671, 0.257293, -0.911928, -6.902583, -0.867669, 0.307237, 0.390841, 4.563542, 0.380739, 0.916191, 0.12503, -0.078643, 0.0, 0.0, 0.0, 1.0],
                [-0.29226, 0.258729, -0.920677, -6.927447, -0.871861, 0.323526, 0.367682, 4.587384, 0.392992, 0.910159, 0.131022, -0.074542, 0.0, 0.0, 0.0, 1.0],
                [-0.264715, 0.259423, -0.928778, -6.949994, -0.875095, 0.340012, 0.344386, 4.609448, 0.405137, 0.903931, 0.137014, -0.070411, 0.0, 0.0, 0.0, 1.0],
                [-0.23891, 0.257908, -0.936167, -6.969769, -0.878467, 0.353415, 0.321549, 4.629375, 0.413785, 0.899211, 0.14213, -0.063771, 0.0, 0.0, 0.0, 1.0],
                [-0.217148, 0.255261, -0.942174, -6.986329, -0.881434, 0.363456, 0.30162, 4.646719, 0.41943, 0.895959, 0.146072, -0.057088, 0.0, 0.0, 0.0, 1.0],
                [-0.195335, 0.252278, -0.947735, -6.997831, -0.883848, 0.373522, 0.281596, 4.662446, 0.42504, 0.892657, 0.150013, -0.047173, 0.0, 0.0, 0.0, 1.0],
                [-0.17349, 0.248959, -0.95285, -7.003621, -0.885705, 0.383602, 0.261492, 4.676567, 0.430615, 0.889308, 0.153953, -0.034233, 0.0, 0.0, 0.0, 1.0],
                [-0.156428, 0.244127, -0.957044, -7.005016, -0.888208, 0.389037, 0.244414, 4.687341, 0.431993, 0.888287, 0.155979, -0.018436, 0.0, 0.0, 0.0, 1.0],
                [-0.146438, 0.239654, -0.959752, -7.003337, -0.891927, 0.387602, 0.232875, 4.692967, 0.427811, 0.89013, 0.156994, -0.002553, 0.0, 0.0, 0.0, 1.0],
                [-0.145146, 0.23357, -0.961447, -6.999907, -0.898414, 0.375952, 0.226963, 4.691711, 0.414469, 0.896719, 0.155275, 0.013446, 0.0, 0.0, 0.0, 1.0],
                [-0.156455, 0.228776, -0.960826, -6.996046, -0.907514, 0.350623, 0.23126, 4.681828, 0.389793, 0.908144, 0.152761, 0.02959, 0.0, 0.0, 0.0, 1.0],
                [-0.178842, 0.224382, -0.957951, -6.991688, -0.918517, 0.310881, 0.244298, 4.664536, 0.352625, 0.923583, 0.150501, 0.044169, 0.0, 0.0, 0.0, 1.0],
                [-0.213196, 0.216713, -0.952672, -6.98617, -0.929034, 0.256834, 0.266331, 4.643216, 0.302396, 0.941845, 0.146578, 0.058639, 0.0, 0.0, 0.0, 1.0],
                [-0.25593, 0.207715, -0.944117, -6.979613, -0.935003, 0.194836, 0.296326, 4.618087, 0.245499, 0.958589, 0.14435, 0.073262, 0.0, 0.0, 0.0, 1.0],
                [-0.298685, 0.195678, -0.934077, -6.972279, -0.936842, 0.126506, 0.326072, 4.589896, 0.181972, 0.972474, 0.145534, 0.087936, 0.0, 0.0, 0.0, 1.0],
                [-0.340422, 0.178679, -0.923141, -6.96439, -0.932883, 0.058659, 0.355369, 4.559263, 0.117647, 0.982158, 0.146719, 0.102651, 0.0, 0.0, 0.0, 1.0],
                [-0.38001, 0.159561, -0.911117, -6.956169, -0.923342, -0.006791, 0.38392, 4.526828, 0.055071, 0.987165, 0.14991, 0.118909, 0.0, 0.0, 0.0, 1.0],
                [-0.418113, 0.135397, -0.89825, -6.947835, -0.908347, -0.072587, 0.411872, 4.493184, -0.009435, 0.988129, 0.153338, 0.135186, 0.0, 0.0, 0.0, 1.0],
                [-0.440012, 0.114825, -0.890621, -6.939617, -0.89611, -0.120313, 0.427214, 4.458999, -0.058098, 0.986074, 0.155835, 0.154404, 0.0, 0.0, 0.0, 1.0],
                [-0.450398, 0.097356, -0.887506, -6.931739, -0.887733, -0.154875, 0.433526, 4.424838, -0.095246, 0.983125, 0.156181, 0.173622, 0.0, 0.0, 0.0, 1.0],
                [-0.437564, 0.087617, -0.894909, -6.923203, -0.892445, -0.163971, 0.420306, 4.385834, -0.109914, 0.982566, 0.149941, 0.198477, 0.0, 0.0, 0.0, 1.0],
                [-0.399951, 0.086119, -0.912483, -6.913591, -0.911014, -0.146484, 0.385483, 4.339806, -0.100466, 0.985457, 0.137042, 0.228917, 0.0, 0.0, 0.0, 1.0],
                [-0.349862, 0.086901, -0.932763, -6.903993, -0.933658, -0.113839, 0.339593, 4.291507, -0.076674, 0.989692, 0.120964, 0.262083, 0.0, 0.0, 0.0, 1.0],
                [-0.296987, 0.085217, -0.951073, -6.895492, -0.953777, -0.07437, 0.291168, 4.245696, -0.045919, 0.993583, 0.103365, 0.295208, 0.0, 0.0, 0.0, 1.0],
                [-0.256304, 0.080078, -0.963274, -6.889178, -0.966372, -0.04273, 0.253577, 4.207124, -0.020855, 0.995872, 0.088337, 0.324879, 0.0, 0.0, 0.0, 1.0],
                [-0.226788, 0.072136, -0.97127, -6.885512, -0.973935, -0.012509, 0.226482, 4.174879, 0.004188, 0.997317, 0.073092, 0.354444, 0.0, 0.0, 0.0, 1.0],
                [-0.200761, 0.062154, -0.977667, -6.883773, -0.978932, 0.025215, 0.202624, 4.145758, 0.037246, 0.997748, 0.055783, 0.383956, 0.0, 0.0, 0.0, 1.0],
                [-0.174977, 0.050404, -0.983283, -6.883263, -0.982057, 0.06241, 0.177959, 4.121181, 0.070337, 0.996777, 0.038579, 0.411693, 0.0, 0.0, 0.0, 1.0],
                [0.907198, 0.000421, -0.420704, -6.882063, -0.420638, 0.018703, -0.907037, 4.100449, 0.007487, 0.999825, 0.017144, 0.674235, 0.0, 0.0, 0.0, 1.0]
            ]
        },
        {
            "name": "Thigh_R",
            "time": [0.0, 0.0333, 0.0667, 0.1, 0.1667, 0.3333, 0.4333, 0.4667, 0.5, 0.5333, 0.5667, 0.6, 0.6333, 0.6667, 0.7, 0.7333, 0.7667, 0.8, 0.8333, 0.8667, 0.9, 0.9333, 0.9667, 1.0, 1.0333, 1.0667, 1.1, 1.1333, 1.1667, 1.2, 1.2333, 1.2667, 1.3, 1.3333, 1.3667, 1.4, 1.4333, 1.4667, 1.5, 1.5333, 1.5667, 1.6, 1.6333, 1.6667, 1.7, 1.7333, 1.7667, 1.8, 1.8333, 1.8667, 1.9, 1.9333, 1.9667, 2.0, 2.3333],
            "transform": [
                [0.355348, -0.667013, -0.65485, 0.095327, -0.235066, -0.741838, 0.628039, 0.122406, -0.904683, -0.069241, -0.420402, -0.15472, 0.0, 0.0, 0.0, 1.0],
                [0.356922, -0.766111, -0.534512, 0.098701, -0.322109, -0.638061, 0.699385, 0.108322, -0.876817, -0.077458, -0.474509, -0.154971, 0.0, 0.0, 0.0, 1.0],
                [0.35344, -0.852251, -0.385737, 0.102075, -0.382564, -0.508, 0.771745, 0.094239, -0.853613, -0.125205, -0.505588, -0.155222, 0.0, 0.0, 0.0, 1.0],
                [0.33057, -0.909214, -0.253226, 0.105449, -0.398094, -0.377627, 0.836014, 0.080155, -0.855658, -0.175569, -0.486785, -0.155473, 0.0, 0.0, 0.0, 1.0],
                [0.245134, -0.870084, -0.427706, 0.112198, 0.334602, -0.338141, 0.879604, 0.051988, -0.909866, -0.358767, 0.208242, -0.155975, 0.0, 0.0, 0.0, 1.0],
                [-0.273875, -0.945867, -0.174376, 0.099553, -0.072238, -0.160572, 0.984379, -0.087466, -0.959, 0.282219, -0.024351, -0.24878, 0.0, 0.0, 0.0, 1.0],
                [-0.135336, -0.159163, -0.977934, 0.099471, -0.311071, -0.93032, 0.194453, 0.010652, -0.940652, 0.330554, 0.076395, -0.204392, 0.0, 0.0, 0.0, 1.0],
                [-0.155923, -0.494725, -0.854961, 0.114402, 0.035271, -0.867825, 0.495689, -0.011779, -0.987093, 0.047138, 0.152763, -0.173652, 0.0, 0.0, 0.0, 1.0],
                [0.126996, -0.903584, -0.409255, 0.129333, 0.44053, -0.3183, 0.839411, -0.03421, -0.888655, -0.286919, 0.357632, -0.142913, 0.0, 0.0, 0.0, 1.0],
                [0.308447, -0.938826, -0.153445, 0.115215, 0.507703, 0.026077, 0.861124, -0.030612, -0.804365, -0.343549, 0.484687, -0.135921, 0.0, 0.0, 0.0, 1.0],
                [0.331839, -0.933843, -0.133777, 0.101096, 0.57313, 0.086963, 0.814819, -0.027015, -0.749206, -0.347094, 0.564071, -0.128929, 0.0, 0.0, 0.0, 1.0],
                [0.282226, -0.950082, -0.133318, 0.086977, 0.640991, 0.083371, 0.762982, -0.023417, -0.713712, -0.300818, 0.632522, -0.121936, 0.0, 0.0, 0.0, 1.0],
                [0.27771, -0.902995, -0.327947, 0.072858, 0.711006, -0.036344, 0.702213, -0.019818, -0.645952, -0.428225, 0.631941, -0.114944, 0.0, 0.0, 0.0, 1.0],
                [0.222463, -0.865209, -0.449436, 0.058739, 0.73859, -0.151326, 0.656914, -0.016221, -0.636318, -0.478134, 0.60537, -0.107953, 0.0, 0.0, 0.0, 1.0],
                [0.209525, -0.773651, -0.598013, 0.055973, 0.723005, -0.289154, 0.627386, -0.003077, -0.658231, -0.563873, 0.498768, -0.101252, 0.0, 0.0, 0.0, 1.0],
                [0.240692, -0.740203, -0.627866, 0.053206, 0.695961, -0.319266, 0.643174, 0.010068, -0.676471, -0.591833, 0.438307, -0.09455, 0.0, 0.0, 0.0, 1.0],
                [0.266462, -0.668925, -0.693956, 0.050441, 0.710693, -0.349982, 0.61024, 0.023211, -0.651013, -0.655859, 0.382143, -0.087848, 0.0, 0.0, 0.0, 1.0],
                [0.229092, -0.372868, -0.899164, 0.047674, 0.791153, -0.466797, 0.395146, 0.036356, -0.56701, -0.801976, 0.188056, -0.081148, 0.0, 0.0, 0.0, 1.0],
                [0.147002, -0.324688, -0.934333, 0.044907, 0.875318, -0.397158, 0.275732, 0.0495, -0.460562, -0.858451, 0.225822, -0.074445, 0.0, 0.0, 0.0, 1.0],
                [0.096601, -0.325009, -0.94077, 0.034218, 0.915068, -0.342755, 0.212371, 0.051369, -0.391439, -0.881467, 0.264295, -0.078995, 0.0, 0.0, 0.0, 1.0],
                [0.193654, -0.329745, -0.924, 0.023526, 0.883321, -0.351148, 0.310448, 0.053238, -0.426789, -0.87639, 0.223269, -0.083545, 0.0, 0.0, 0.0, 1.0],
                [0.301401, -0.318962, -0.898568, 0.012837, 0.834841, -0.366945, 0.410292, 0.055107, -0.460549, -0.873906, 0.155685, -0.088094, 0.0, 0.0, 0.0, 1.0],
                [0.323265, -0.289904, -0.900808, 0.002147, 0.830123, -0.370061, 0.417011, 0.056976, -0.454204, -0.882671, 0.121028, -0.092644, 0.0, 0.0, 0.0, 1.0],
                [0.344857, -0.260573, -0.901761, -0.008543, 0.825303, -0.373415, 0.42354, 0.058844, -0.447051, -0.89037, 0.086277, -0.097194, 0.0, 0.0, 0.0, 1.0],
                [0.366444, -0.228338, -0.901984, -0.018214, 0.822466, -0.37371, 0.428766, 0.05564, -0.434942, -0.899054, 0.050856, -0.098581, 0.0, 0.0, 0.0, 1.0],
                [0.387532, -0.195796, -0.900819, -0.027886, 0.819532, -0.374204, 0.433923, 0.052436, -0.42201, -0.906495, 0.015445, -0.099967, 0.0, 0.0, 0.0, 1.0],
                [0.406004, -0.162162, -0.899363, -0.037558, 0.817073, -0.376304, 0.436736, 0.049231, -0.409216, -0.912248, -0.020283, -0.101353, 0.0, 0.0, 0.0, 1.0],
                [0.423965, -0.128339, -0.896532, -0.047229, 0.814597, -0.378522, 0.439436, 0.046027, -0.395716, -0.916705, -0.055936, -0.102739, 0.0, 0.0, 0.0, 1.0],
                [0.437685, -0.09886, -0.893669, -0.056901, 0.811551, -0.384348, 0.440018, 0.042822, -0.386945, -0.91793, -0.087994, -0.104125, 0.0, 0.0, 0.0, 1.0],
                [0.447316, -0.077223, -0.891027, -0.05348, 0.808885, -0.390041, 0.439918, 0.046336, -0.381472, -0.917606, -0.112007, -0.104219, 0.0, 0.0, 0.0, 1.0],
                [0.454693, -0.066616, -0.888143, -0.050059, 0.803263, -0.399999, 0.441276, 0.04985, -0.384616, -0.914145, -0.128366, -0.104312, 0.0, 0.0, 0.0, 1.0],
                [0.458004, -0.071397, -0.886068, -0.046639, 0.795166, -0.412632, 0.444302, 0.053364, -0.397304, -0.908148, -0.132215, -0.104405, 0.0, 0.0, 0.0, 1.0],
                [0.457178, -0.086287, -0.88517, -0.043218, 0.785484, -0.427558, 0.447404, 0.056878, -0.417027, -0.899915, -0.127693, -0.104498, 0.0, 0.0, 0.0, 1.0],
                [0.448427, -0.08416, -0.889839, -0.039797, 0.776368, -0.456576, 0.43446, 0.060392, -0.442801, -0.88575, -0.139402, -0.104591, 0.0, 0.0, 0.0, 1.0],
                [0.432049, -0.064441, -0.899537, -0.03856, 0.767389, -0.497652, 0.40426, 0.068016, -0.473663, -0.865034, -0.165559, -0.106363, 0.0, 0.0, 0.0, 1.0],
                [0.380799, -0.032839, -0.924069, -0.037323, 0.75552, -0.565072, 0.331451, 0.07564, -0.532999, -0.824445, -0.190368, -0.108135, 0.0, 0.0, 0.0, 1.0],
                [0.283263, -0.029686, -0.95858, -0.036088, 0.722141, -0.651112, 0.233577, 0.083265, -0.631017, -0.758464, -0.162998, -0.109907, 0.0, 0.0, 0.0, 1.0],
                [0.163524, -0.022309, -0.986287, -0.03485, 0.650724, -0.748991, 0.124838, 0.090888, -0.741435, -0.662275, -0.107961, -0.111679, 0.0, 0.0, 0.0, 1.0],
                [0.044482, -0.002099, -0.999009, -0.033614, 0.544114, -0.838632, 0.025991, 0.098512, -0.837777, -0.544781, -0.036162, -0.113451, 0.0, 0.0, 0.0, 1.0],
                [-0.049591, 0.028248, -0.998372, -0.026696, 0.430851, -0.901236, -0.046901, 0.100772, -0.901009, -0.432514, 0.032523, -0.110947, 0.0, 0.0, 0.0, 1.0],
                [-0.111165, 0.060051, -0.991988, -0.019778, 0.35003, -0.931881, -0.095637, 0.103031, -0.93007, -0.357889, 0.082573, -0.108442, 0.0, 0.0, 0.0, 1.0],
                [-0.165727, 0.07908, -0.982996, -0.012859, 0.337175, -0.932203, -0.131838, 0.10529, -0.926692, -0.353322, 0.127828, -0.105938, 0.0, 0.0, 0.0, 1.0],
                [-0.193503, 0.093134, -0.976669, -0.005943, 0.329001, -0.931721, -0.154029, 0.10755, -0.924242, -0.351162, 0.14965, -0.103433, 0.0, 0.0, 0.0, 1.0],
                [-0.200029, 0.100588, -0.974613, 0.000976, 0.324443, -0.931836, -0.162759, 0.109809, -0.924464, -0.348795, 0.153759, -0.100928, 0.0, 0.0, 0.0, 1.0],
                [-0.187267, 0.10134, -0.977068, 0.009784, 0.320426, -0.933994, -0.158283, 0.104042, -0.92853, -0.342749, 0.142435, -0.102523, 0.0, 0.0, 0.0, 1.0],
                [-0.153203, 0.088106, -0.984259, 0.018591, 0.304047, -0.943537, -0.131784, 0.098275, -0.94021, -0.319479, 0.117764, -0.104119, 0.0, 0.0, 0.0, 1.0],
                [-0.101184, 0.058054, -0.993173, 0.027401, 0.266413, -0.960296, -0.083272, 0.092508, -0.958486, -0.273044, 0.0817, -0.105716, 0.0, 0.0, 0.0, 1.0],
                [-0.053711, 0.014155, -0.998458, 0.036208, 0.215651, -0.976183, -0.02544, 0.086741, -0.974944, -0.216704, 0.04938, -0.107311, 0.0, 0.0, 0.0, 1.0],
                [-0.01668, -0.034613, -0.999262, 0.045016, 0.165005, -0.985837, 0.03139, 0.080974, -0.986106, -0.164375, 0.022155, -0.108909, 0.0, 0.0, 0.0, 1.0],
                [0.013848, -0.078511, -0.996818, 0.046498, 0.127626, -0.988665, 0.079634, 0.0758, -0.991681, -0.128334, -0.003671, -0.110526, 0.0, 0.0, 0.0, 1.0],
                [0.039353, -0.116481, -0.992415, 0.047979, 0.102004, -0.987572, 0.119947, 0.070626, -0.993959, -0.10596, -0.026983, -0.112146, 0.0, 0.0, 0.0, 1.0],
                [0.063887, -0.154865, -0.985869, 0.049459, 0.075443, -0.984357, 0.159502, 0.065452, -0.995056, -0.084575, -0.051204, -0.113764, 0.0, 0.0, 0.0, 1.0],
                [0.087427, -0.190736, -0.977744, 0.050941, 0.052684, -0.979288, 0.195731, 0.060278, -0.99473, -0.068629, -0.075567, -0.115384, 0.0, 0.0, 0.0, 1.0],
                [0.232622, -0.169623, -0.957662, 0.052422, 0.041079, -0.982124, 0.183921, 0.055104, -0.971656, -0.08213, -0.221496, -0.117003, 0.0, 0.0, 0.0, 1.0],
                [0.945483, 0.067158, 0.318675, 0.133847, 0.064694, -0.997738, 0.018325, 0.001085, 0.319184, 0.00329, -0.947687, 0.043038, 0.0, 0.0, 0.0, 1.0]
            ]
        },
        {
            "name": "Leg_R",
            "time": [0.0, 0.0333, 0.0667, 0.1, 0.1333, 0.1667, 0.2, 0.2333, 0.2667, 0.3, 0.3333, 0.3667, 0.4, 0.4333, 0.4667, 0.5, 0.5333, 0.5667, 0.6, 0.6333, 0.6667, 0.7, 0.7333, 0.7667, 0.8, 0.8333, 0.8667, 0.9, 0.9333, 0.9667, 1.0, 1.0333, 1.0667, 1.1, 1.1333, 1.1667, 1.2, 1.2333, 1.2667, 1.3, 1.3333, 1.3667, 1.4, 1.4333, 1.4667, 1.5, 1.5333, 1.5667, 1.6, 1.6333, 1.6667, 1.7, 1.7333, 1.7667, 1.8, 1.8333, 1.8667, 1.9, 1.9333, 1.9667, 2.3333],
            "transform": [
                [0.999989, 0.001904, 0.000432, -0.0, 0.000431, -0.431074, 0.902318, 0.37472, 0.001905, -0.902328, -0.431068, -0.0, 0.0, 0.0, 0.0, 1.0],
                [0.999978, 0.001882, 0.000522, -0.0, 0.000521, -0.514719, 0.857364, 0.37472, 0.001882, -0.857386, -0.514704, -0.0, 0.0, 0.0, 0.0, 1.0],
                [0.999966, 0.001862, 0.000591, -0.0, 0.000589, -0.575965, 0.817485, 0.37472, 0.001862, -0.817522, -0.575937, 0.0, 0.0, 0.0, 0.0, 1.0],
                [0.999954, 0.001848, 0.000632, -0.0, 0.000631, -0.612079, 0.790812, 0.37472, 0.001848, -0.790874, -0.61203, 0.0, 0.0, 0.0, 0.0, 1.0],
                [0.999954, 0.001842, 0.000649, 0.0, 0.000649, -0.627145, 0.778921, 0.37472, 0.001841, -0.778982, -0.627095, 0.0, 0.0, 0.0, 0.0, 1.0],
                [0.999954, 0.001841, 0.000649, 0.0, 0.000649, -0.627146, 0.77892, 0.37472, 0.001841, -0.778982, -0.627095, 0.0, 0.0, 0.0, 0.0, 1.0],
                [0.999954, 0.00185, 0.000627, -0.0, 0.000625, -0.607196, 0.794567, 0.37472, 0.00185, -0.794631, -0.607146, -0.0, 0.0, 0.0, 0.0, 1.0],
                [0.999955, 0.001863, 0.00059, -0.0, 0.000588, -0.574705, 0.81837, 0.37472, 0.001863, -0.818438, -0.574656, 0.0, 0.0, 0.0, 0.0, 1.0],
                [0.999955, 0.001869, 0.000567, 0.0, 0.000565, -0.554722, 0.832043, 0.37472, 0.00187, -0.832113, -0.554674, -0.0, 0.0, 0.0, 0.0, 1.0],
                [0.999955, 0.001874, 0.000549, -0.0, 0.000546, -0.538272, 0.842775, 0.37472, 0.001875, -0.842849, -0.538223, -0.0, 0.0, 0.0, 0.0, 1.0],
                [0.999955, 0.001875, 0.000547, 1e-06, 0.000544, -0.536279, 0.844045, 0.37472, 0.001876, -0.84412, -0.53623, 0.0, 0.0, 0.0, 0.0, 1.0],
                [0.999955, 0.001915, 0.000386, 0.0, 0.000383, -0.386019, 0.922476, 0.37472, 0.001915, -0.922568, -0.385979, -0.0, 0.0, 0.0, 0.0, 1.0],
                [0.999954, 0.001954, -1e-06, 0.0, -2e-06, 0.001953, 0.999962, 0.37472, 0.001954, -1.000078, 0.001952, 0.0, 0.0, 0.0, 0.0, 1.0],
                [0.999954, 0.001941, -0.000215, -0.0, -0.000215, 0.219034, 0.975688, 0.37472, 0.001941, -0.975797, 0.219009, -0.0, 0.0, 0.0, 0.0, 1.0],
                [0.999954, 0.001953, -3.1e-05, -0.0, -3.3e-05, 0.032945, 0.999422, 0.37472, 0.001953, -0.999537, 0.032941, -0.0, 0.0, 0.0, 0.0, 1.0],
                [0.999955, 0.001952, -2.2e-05, -0.0, -2.3e-05, 0.023309, 0.999692, 0.37472, 0.001952, -0.999809, 0.023306, 0.0, 0.0, 0.0, 0.0, 1.0],
                [0.999956, 0.001909, -0.000409, -0.0, -0.00041, 0.410278, 0.911947, 0.37472, 0.001908, -0.912039, 0.410236, -0.0, 0.0, 0.0, 0.0, 1.0],
                [0.999954, 0.001838, -0.000659, 0.0, -0.00066, 0.636044, 0.771673, 0.37472, 0.001837, -0.771734, 0.635992, -0.0, 0.0, 0.0, 0.0, 1.0],
                [0.999955, 0.001817, -0.000717, 0.0, -0.000718, 0.683325, 0.730141, 0.37472, 0.001817, -0.730193, 0.683274, 0.0, 0.0, 0.0, 0.0, 1.0],
                [0.999954, 0.00177, -0.000826, 0.0, -0.000827, 0.767083, 0.641591, 0.37472, 0.001769, -0.64163, 0.767034, 0.0, 0.0, 0.0, 0.0, 1.0],
                [0.999954, 0.001724, -0.000918, 0.0, -0.00092, 0.830443, 0.557162, 0.37472, 0.001722, -0.55719, 0.830398, -0.0, 0.0, 0.0, 0.0, 1.0],
                [0.999954, 0.001596, -0.001125, -0.0, -0.001128, 0.942502, 0.334305, 0.37472, 0.001594, -0.334315, 0.94247, -0.0, 0.0, 0.0, 0.0, 1.0],
                [0.999954, 0.001634, -0.001071, 0.0, -0.001072, 0.917245, 0.398413, 0.37472, 0.001633, -0.398427, 0.917209, 0.0, 0.0, 0.0, 0.0, 1.0],
                [0.999955, 0.001685, -0.000988, -0.0, -0.00099, 0.87321, 0.487414, 0.37472, 0.001684, -0.487434, 0.87317, -0.0, 0.0, 0.0, 0.0, 1.0],
                [0.999955, 0.001691, -0.000978, -0.0, -0.00098, 0.867581, 0.497363, 0.37472, 0.001689, -0.497384, 0.86754, -0.0, 0.0, 0.0, 0.0, 1.0],
                [0.999955, 0.001793, -0.000774, -0.0, -0.000776, 0.728847, 0.684712, 0.37472, 0.001792, -0.684757, 0.728797, 1e-06, 0.0, 0.0, 0.0, 1.0],
                [0.999955, 0.001862, -0.000589, 0.0, -0.000592, 0.576615, 0.817025, 0.37472, 0.001861, -0.817095, 0.576565, -0.0, 0.0, 0.0, 0.0, 1.0],
                [0.999954, 0.001906, -0.000425, 0.0, -0.000428, 0.425928, 0.904746, 0.374721, 0.001906, -0.904836, 0.425885, 0.0, 0.0, 0.0, 0.0, 1.0],
                [0.999955, 0.001918, -0.000365, -1e-06, -0.000367, 0.368283, 0.929696, 0.37472, 0.001918, -0.929793, 0.368244, -0.0, 0.0, 0.0, 0.0, 1.0],
                [0.999955, 0.001913, -0.000391, 0.0, -0.000395, 0.394413, 0.918919, 0.374721, 0.001912, -0.919013, 0.394372, -0.0, 0.0, 0.0, 0.0, 1.0],
                [0.999956, 0.001905, -0.000429, -0.0, -0.000432, 0.430361, 0.902646, 0.37472, 0.001904, -0.902735, 0.430318, 0.0, 0.0, 0.0, 0.0, 1.0],
                [0.999956, 0.001894, -0.000475, 0.0, -0.000477, 0.473042, 0.881035, 0.37472, 0.001893, -0.881119, 0.472996, 1e-06, 0.0, 0.0, 0.0, 1.0],
                [0.999955, 0.00188, -0.000527, -0.0, -0.000529, 0.520847, 0.853651, 0.37472, 0.001879, -0.853729, 0.520799, -1e-06, 0.0, 0.0, 0.0, 1.0],
                [0.999955, 0.001866, -0.000581, -0.0, -0.000583, 0.568601, 0.822622, 0.37472, 0.001865, -0.822693, 0.568551, -0.0, 0.0, 0.0, 0.0, 1.0],
                [0.999955, 0.001847, -0.000633, 0.0, -0.000635, 0.614509, 0.788925, 0.37472, 0.001846, -0.788988, 0.614459, 0.0, 0.0, 0.0, 0.0, 1.0],
                [0.999956, 0.001831, -0.000678, 0.0, -0.00068, 0.651783, 0.758427, 0.37472, 0.00183, -0.758485, 0.651731, -0.0, 0.0, 0.0, 0.0, 1.0],
                [0.999955, 0.00182, -0.000707, 0.0, -0.000709, 0.676134, 0.736804, 0.37472, 0.001819, -0.736857, 0.676084, -0.0, 0.0, 0.0, 0.0, 1.0],
                [0.999955, 0.001818, -0.000713, -0.0, -0.000716, 0.68112, 0.732199, 0.37472, 0.001817, -0.732251, 0.681069, -0.0, 0.0, 0.0, 0.0, 1.0],
                [0.999955, 0.001826, -0.000692, -0.0, -0.000693, 0.663218, 0.748449, 0.37472, 0.001826, -0.748505, 0.663168, 1e-06, 0.0, 0.0, 0.0, 1.0],
                [0.999955, 0.001844, -0.000647, -1e-06, -0.000649, 0.625725, 0.780061, 0.37472, 0.001843, -0.780123, 0.625674, 0.0, 0.0, 0.0, 0.0, 1.0],
                [0.999955, 0.001858, -0.000601, 0.0, -0.000603, 0.586726, 0.809797, 0.374721, 0.001857, -0.809864, 0.586676, -0.0, 0.0, 0.0, 0.0, 1.0],
                [0.999956, 0.001868, -0.000571, -0.0, -0.000573, 0.559921, 0.828552, 0.37472, 0.001867, -0.828623, 0.559872, 0.0, 0.0, 0.0, 0.0, 1.0],
                [0.999954, 0.001874, -0.000548, 0.0, -0.000551, 0.540262, 0.841501, 0.37472, 0.001873, -0.841576, 0.540212, -0.0, 0.0, 0.0, 0.0, 1.0],
                [0.999954, 0.001895, -0.000476, 0.0, -0.00048, 0.474347, 0.880333, 0.374721, 0.001894, -0.880418, 0.4743, 0.0, 0.0, 0.0, 0.0, 1.0],
                [0.999955, 0.001912, -0.000404, -0.0, -0.000408, 0.406518, 0.913629, 0.37472, 0.00191, -0.913722, 0.406476, 0.0, 0.0, 0.0, 0.0, 1.0],
                [0.999954, 0.001924, -0.000343, -0.0, -0.000346, 0.347141, 0.937793, 0.37472, 0.001923, -0.937892, 0.347104, 0.0, 0.0, 0.0, 0.0, 1.0],
                [0.999955, 0.001931, -0.000299, 0.0, -0.000302, 0.303811, 0.952709, 0.37472, 0.00193, -0.952811, 0.303778, 0.0, 0.0, 0.0, 0.0, 1.0],
                [0.999956, 0.001935, -0.000271, -0.0, -0.000274, 0.275816, 0.961185, 0.37472, 0.001935, -0.961289, 0.275785, -0.0, 0.0, 0.0, 0.0, 1.0],
                [0.999954, 0.001937, -0.000256, -1e-06, -0.00026, 0.261611, 0.965147, 0.37472, 0.001937, -0.965253, 0.261582, -0.0, 0.0, 0.0, 0.0, 1.0],
                [0.999956, 0.001938, -0.000251, 1e-06, -0.000254, 0.256137, 0.966613, 0.37472, 0.001937, -0.966719, 0.256108, 0.0, 0.0, 0.0, 0.0, 1.0],
                [0.999955, 0.001939, -0.000245, -0.0, -0.000248, 0.250654, 0.968049, 0.37472, 0.001938, -0.968155, 0.250626, 0.0, 0.0, 0.0, 0.0, 1.0],
                [0.999957, 0.001939, -0.000244, -0.0, -0.000247, 0.248962, 0.968486, 0.37472, 0.001938, -0.96859, 0.248935, 0.0, 0.0, 0.0, 0.0, 1.0],
                [0.999956, 0.001938, -0.000249, -0.0, -0.000253, 0.254878, 0.966946, 0.37472, 0.001938, -0.967052, 0.25485, 0.0, 0.0, 0.0, 0.0, 1.0],
                [0.999955, 0.001936, -0.000266, -1e-06, -0.000269, 0.271652, 0.962369, 0.37472, 0.001935, -0.962474, 0.271622, 0.0, 0.0, 0.0, 0.0, 1.0],
                [0.999956, 0.001932, -0.000293, 0.0, -0.000296, 0.298092, 0.954514, 0.37472, 0.001931, -0.954615, 0.29806, -0.0, 0.0, 0.0, 0.0, 1.0],
                [0.999955, 0.001927, -0.000328, 0.0, -0.000331, 0.332237, 0.943175, 0.37472, 0.001926, -0.943275, 0.332201, -0.0, 0.0, 0.0, 0.0, 1.0],
                [0.999956, 0.00192, -0.000362, -0.0, -0.000365, 0.365952, 0.930617, 0.37472, 0.001919, -0.930712, 0.365913, 0.0, 0.0, 0.0, 0.0, 1.0],
                [0.999955, 0.001912, -0.000404, -0.0, -0.000408, 0.406518, 0.91363, 0.37472, 0.001911, -0.913721, 0.406477, -0.0, 0.0, 0.0, 0.0, 1.0],
                [0.999955, 0.001902, -0.000452, 0.0, -0.000455, 0.451569, 0.892228, 0.37472, 0.001901, -0.892316, 0.451523, -0.0, 0.0, 0.0, 0.0, 1.0],
                [0.999955, 0.001889, -0.000499, 0.0, -0.000503, 0.495496, 0.868608, 0.37472, 0.001888, -0.868689, 0.495448, -0.0, 0.0, 0.0, 0.0, 1.0],
                [1.000002, 0.001608, -0.001109, -0.0, -0.00111, 0.934967, 0.354727, 0.37472, 0.001607, -0.354724, 0.934969, -0.0, 0.0, 0.0, 0.0, 1.0]
            ]
        },
        {
            "name": "Knee_R",
            "time": [0.0, 1.9667, 2.3333],
            "transform": [
                [1.0, 0.0, -0.0, -0.0, -0.0, 1e-06, -1.0, 0.37472, -0.0, 1.0, 1e-06, -0.0, 0.0, 0.0, 0.0, 1.0],
                [1.0, 0.0, -0.0, 0.0, -0.0, 1e-06, -1.0, 0.37472, -0.0, 1.0, 1e-06, -0.0, 0.0, 0.0, 0.0, 1.0],
                [1.0, 0.0, -0.0, -0.0, -0.0, 1e-06, -1.0, 0.37472, -0.0, 1.0, 1e-06, -0.0, 0.0, 0.0, 0.0, 1.0]
            ]
        },
        {
            "name": "Thigh_L",
            "time": [0.0, 0.0333, 0.0667, 0.1, 0.1333, 0.1667, 0.2, 0.2333, 0.2667, 0.3, 0.3333, 0.3667, 0.4, 0.4333, 0.4667, 0.5, 0.5333, 0.5667, 0.6, 0.6333, 0.6667, 0.7, 0.7333, 0.7667, 0.8, 0.8333, 0.8667, 0.9, 0.9333, 0.9667, 1.0, 1.0333, 1.0667, 1.1, 1.1333, 1.1667, 1.2, 1.2333, 1.2667, 1.3, 1.3333, 1.3667, 1.4, 1.4333, 1.4667, 1.5, 1.5333, 1.5667, 1.6, 1.6333, 1.6667, 1.7, 1.7333, 1.7667, 1.8, 1.8333, 1.8667, 1.9, 1.9333, 1.9667, 2.0, 2.3333],
            "transform": [
                [-0.115222, -0.958591, -0.260559, 0.042161, 0.230095, -0.280939, 0.931736, -0.025521, -0.966287, 0.047406, 0.252937, 0.127223, 0.0, 0.0, 0.0, 1.0],
                [-0.072039, -0.946805, -0.313709, 0.04752, 0.240367, -0.321743, 0.915811, -0.011612, -0.967982, -0.009431, 0.250758, 0.14018, 0.0, 0.0, 0.0, 1.0],
                [-0.032805, -0.924036, -0.380922, 0.05288, 0.225694, -0.378135, 0.89782, 0.002297, -0.973634, -0.05652, 0.220954, 0.153136, 0.0, 0.0, 0.0, 1.0],
                [-0.002517, -0.879145, -0.476547, 0.058239, 0.231238, -0.464144, 0.855044, 0.016205, -0.972894, -0.108043, 0.20446, 0.166093, 0.0, 0.0, 0.0, 1.0],
                [0.003064, -0.790209, -0.612831, 0.063598, 0.29369, -0.585097, 0.755916, 0.030114, -0.955894, -0.182299, 0.230284, 0.179049, 0.0, 0.0, 0.0, 1.0],
                [-0.073359, -0.564892, -0.821899, 0.068957, 0.470641, -0.746189, 0.470849, 0.044022, -0.879268, -0.352278, 0.320602, 0.192006, 0.0, 0.0, 0.0, 1.0],
                [-0.272113, -0.094145, -0.957651, 0.07063, 0.586441, -0.805255, -0.087473, 0.056127, -0.762915, -0.585408, 0.274332, 0.19135, 0.0, 0.0, 0.0, 1.0],
                [-0.451833, 0.12797, -0.882878, 0.072303, 0.527593, -0.759704, -0.380126, 0.068231, -0.71937, -0.637552, 0.275744, 0.190694, 0.0, 0.0, 0.0, 1.0],
                [-0.547228, 0.091525, -0.831965, 0.073976, 0.449237, -0.806574, -0.38422, 0.080336, -0.706205, -0.584006, 0.400264, 0.190038, 0.0, 0.0, 0.0, 1.0],
                [-0.61402, 0.028406, -0.78878, 0.075649, 0.363836, -0.876657, -0.314799, 0.09244, -0.700428, -0.480279, 0.527951, 0.189383, 0.0, 0.0, 0.0, 1.0],
                [-0.675419, -0.208539, -0.707333, 0.077322, 0.335894, -0.940903, -0.04334, 0.104544, -0.656492, -0.266862, 0.705551, 0.188727, 0.0, 0.0, 0.0, 1.0],
                [-0.7613, -0.400566, -0.509872, 0.05746, 0.260172, -0.908989, 0.325652, 0.093696, -0.593913, 0.115264, 0.796231, 0.171807, 0.0, 0.0, 0.0, 1.0],
                [-0.779215, -0.072919, -0.6225, 0.037598, -0.15503, -0.939922, 0.304161, 0.082846, -0.60728, 0.333513, 0.721097, 0.154887, 0.0, 0.0, 0.0, 1.0],
                [-0.704256, 0.192796, -0.683266, 0.017736, -0.3805, -0.915021, 0.134, 0.071997, -0.599368, 0.354353, 0.717769, 0.137967, 0.0, 0.0, 0.0, 1.0],
                [-0.732412, -0.030467, -0.68018, -0.002126, -0.188339, -0.950953, 0.245397, 0.061148, -0.654295, 0.307837, 0.690749, 0.121048, 0.0, 0.0, 0.0, 1.0],
                [-0.601832, -0.493352, -0.628015, -0.021988, 0.062852, -0.813193, 0.578592, 0.050298, -0.796145, 0.308744, 0.520414, 0.104128, 0.0, 0.0, 0.0, 1.0],
                [-0.422547, -0.75572, -0.500339, -0.014923, 0.051103, -0.571029, 0.819338, 0.053186, -0.904899, 0.320639, 0.279907, 0.107329, 0.0, 0.0, 0.0, 1.0],
                [-0.334775, -0.822539, -0.459734, -0.007858, -0.132242, -0.442046, 0.887192, 0.056074, -0.932972, 0.357806, 0.039211, 0.11053, 0.0, 0.0, 0.0, 1.0],
                [-0.284109, -0.853118, -0.437573, -0.000793, -0.382324, -0.317722, 0.867688, 0.058962, -0.879268, 0.413811, -0.235901, 0.113732, 0.0, 0.0, 0.0, 1.0],
                [-0.254423, -0.871488, -0.419256, 0.006271, -0.610571, -0.191448, 0.768475, 0.06185, -0.749985, 0.451501, -0.483397, 0.116934, 0.0, 0.0, 0.0, 1.0],
                [-0.248535, -0.891857, -0.377912, 0.013336, -0.762171, -0.060714, 0.644525, 0.064737, -0.597771, 0.448219, -0.664659, 0.120135, 0.0, 0.0, 0.0, 1.0],
                [-0.265485, -0.899158, -0.347893, 0.01421, -0.828053, 0.027834, 0.559962, 0.064847, -0.493813, 0.436733, -0.75194, 0.113844, 0.0, 0.0, 0.0, 1.0],
                [-0.249051, -0.852278, -0.459994, 0.015083, -0.837514, -0.04899, 0.544218, 0.064957, -0.48636, 0.520787, -0.701595, 0.107554, 0.0, 0.0, 0.0, 1.0],
                [-0.222967, -0.753051, -0.61903, 0.015958, -0.807511, -0.213051, 0.550034, 0.065066, -0.54609, 0.622511, -0.560595, 0.101265, 0.0, 0.0, 0.0, 1.0],
                [-0.214218, -0.767693, -0.603952, 0.016831, -0.759958, -0.257456, 0.59681, 0.065176, -0.613658, 0.586823, -0.528264, 0.094973, 0.0, 0.0, 0.0, 1.0],
                [-0.201316, -0.727133, -0.656315, 0.017704, -0.681299, -0.377467, 0.627177, 0.065286, -0.703779, 0.573406, -0.419406, 0.088684, 0.0, 0.0, 0.0, 1.0],
                [-0.199163, -0.700373, -0.685428, 0.018578, -0.605697, -0.461863, 0.647931, 0.065396, -0.770368, 0.544204, -0.332228, 0.082394, 0.0, 0.0, 0.0, 1.0],
                [-0.191193, -0.77408, -0.603527, 0.034969, -0.577272, -0.408612, 0.706961, 0.039151, -0.793855, 0.483563, -0.368732, 0.08307, 0.0, 0.0, 0.0, 1.0],
                [-0.188942, -0.847321, -0.496333, 0.05136, -0.561423, -0.321476, 0.762535, 0.012907, -0.805673, 0.422725, -0.414966, 0.083746, 0.0, 0.0, 0.0, 1.0],
                [-0.188374, -0.877582, -0.440866, 0.067751, -0.534845, -0.284824, 0.795499, -0.013338, -0.823686, 0.385644, -0.415718, 0.084423, 0.0, 0.0, 0.0, 1.0],
                [-0.187245, -0.898065, -0.398015, 0.084141, -0.512385, -0.256402, 0.819587, -0.039582, -0.838096, 0.357398, -0.412146, 0.085099, 0.0, 0.0, 0.0, 1.0],
                [-0.185993, -0.913544, -0.36172, 0.089486, -0.490233, -0.232765, 0.839936, -0.041322, -0.851516, 0.333548, -0.404558, 0.084646, 0.0, 0.0, 0.0, 1.0],
                [-0.177235, -0.930889, -0.319422, 0.094831, -0.459298, -0.208813, 0.863391, -0.043062, -0.870423, 0.299731, -0.390548, 0.084193, 0.0, 0.0, 0.0, 1.0],
                [-0.162617, -0.947353, -0.275814, 0.100175, -0.422193, -0.185844, 0.887253, -0.044802, -0.891803, 0.260728, -0.369746, 0.083742, 0.0, 0.0, 0.0, 1.0],
                [-0.143037, -0.960582, -0.238367, 0.10552, -0.384697, -0.167944, 0.907638, -0.046542, -0.911895, 0.221523, -0.345511, 0.083289, 0.0, 0.0, 0.0, 1.0],
                [-0.120701, -0.970015, -0.210943, 0.110863, -0.351744, -0.156918, 0.922852, -0.048282, -0.928284, 0.185586, -0.322258, 0.082837, 0.0, 0.0, 0.0, 1.0],
                [-0.095233, -0.977197, -0.189772, 0.113169, -0.32099, -0.15031, 0.93508, -0.042776, -0.942284, 0.149964, -0.299357, 0.080859, 0.0, 0.0, 0.0, 1.0],
                [-0.074089, -0.980726, -0.180785, 0.115475, -0.297353, -0.151311, 0.942703, -0.037272, -0.95189, 0.1236, -0.280413, 0.078881, 0.0, 0.0, 0.0, 1.0],
                [-0.057178, -0.981461, -0.182926, 0.117781, -0.28388, -0.159679, 0.945472, -0.031766, -0.957154, 0.105989, -0.269488, 0.076903, 0.0, 0.0, 0.0, 1.0],
                [-0.044004, -0.979746, -0.195346, 0.120086, -0.278524, -0.175751, 0.944213, -0.026261, -0.959421, 0.095958, -0.26515, 0.074926, 0.0, 0.0, 0.0, 1.0],
                [-0.035596, -0.975854, -0.215498, 0.122391, -0.27891, -0.197365, 0.939818, -0.020756, -0.959658, 0.093558, -0.26515, 0.072948, 0.0, 0.0, 0.0, 1.0],
                [-0.031747, -0.969007, -0.244974, 0.120377, -0.283288, -0.226323, 0.931949, -0.017901, -0.958511, 0.098984, -0.267324, 0.07614, 0.0, 0.0, 0.0, 1.0],
                [-0.029494, -0.958657, -0.283026, 0.118363, -0.290531, -0.262703, 0.920098, -0.015045, -0.956412, 0.109364, -0.270772, 0.079331, 0.0, 0.0, 0.0, 1.0],
                [-0.029912, -0.941971, -0.334355, 0.116348, -0.30028, -0.310584, 0.901871, -0.01219, -0.953383, 0.127377, -0.273566, 0.082521, 0.0, 0.0, 0.0, 1.0],
                [-0.030109, -0.917412, -0.396794, 0.114334, -0.312689, -0.368403, 0.875503, -0.009335, -0.94938, 0.150433, -0.275773, 0.085714, 0.0, 0.0, 0.0, 1.0],
                [-0.030642, -0.884209, -0.466083, 0.112319, -0.324781, -0.43219, 0.841267, -0.00648, -0.945293, 0.177152, -0.273932, 0.088904, 0.0, 0.0, 0.0, 1.0],
                [-0.026834, -0.843592, -0.536313, 0.112598, -0.334237, -0.498055, 0.800143, 0.000572, -0.942108, 0.200726, -0.268596, 0.100178, 0.0, 0.0, 0.0, 1.0],
                [-0.016214, -0.797259, -0.60342, 0.112877, -0.341545, -0.56278, 0.752746, 0.007623, -0.939726, 0.2183, -0.263175, 0.111452, 0.0, 0.0, 0.0, 1.0],
                [-0.000805, -0.748039, -0.663654, 0.113156, -0.344794, -0.622749, 0.702354, 0.014675, -0.938678, 0.229389, -0.257419, 0.122726, 0.0, 0.0, 0.0, 1.0],
                [0.014766, -0.698198, -0.715754, 0.113435, -0.343481, -0.675811, 0.652151, 0.021726, -0.939043, 0.236218, -0.249798, 0.134001, 0.0, 0.0, 0.0, 1.0],
                [0.02623, -0.653421, -0.756541, 0.113714, -0.340989, -0.717259, 0.607673, 0.028778, -0.9397, 0.242033, -0.241624, 0.145275, 0.0, 0.0, 0.0, 1.0],
                [0.030796, -0.618846, -0.784909, 0.110283, -0.339242, -0.745138, 0.574181, 0.030957, -0.940195, 0.248591, -0.232886, 0.13729, 0.0, 0.0, 0.0, 1.0],
                [0.0281, -0.606323, -0.794722, 0.106852, -0.321231, -0.758342, 0.567211, 0.033135, -0.946584, 0.239351, -0.21608, 0.129305, 0.0, 0.0, 0.0, 1.0],
                [0.022905, -0.62359, -0.781417, 0.103422, -0.30156, -0.749524, 0.589301, 0.035315, -0.953172, 0.222145, -0.205218, 0.121318, 0.0, 0.0, 0.0, 1.0],
                [0.014316, -0.653547, -0.756752, 0.09999, -0.274063, -0.73041, 0.625613, 0.037493, -0.961603, 0.198442, -0.189571, 0.113334, 0.0, 0.0, 0.0, 1.0],
                [0.005191, -0.681966, -0.731366, 0.09656, -0.239552, -0.710927, 0.66121, 0.039672, -0.97087, 0.171768, -0.167057, 0.105346, 0.0, 0.0, 0.0, 1.0],
