{
    "animation": [
        {
            "name": "Root",
            "time": [0.0, 0.2, 0.2333, 0.2667, 0.3, 0.3333, 0.3667, 0.4, 0.4333, 0.4667, 0.5, 0.5333, 0.5667, 0.6, 0.6333, 0.6667, 0.7, 0.7333, 0.7667, 0.8, 0.8333, 0.8667, 0.9, 0.9333, 0.9667, 1.0, 1.0333, 1.0667, 1.1, 1.1333, 1.1667, 1.2, 1.2333, 1.2667, 1.3, 1.3333, 1.3667, 1.4333, 1.5, 1.5667, 1.6667, 1.7333, 1.8, 1.8667, 1.9, 1.9333, 1.9667, 2.0, 2.0333, 2.0667, 2.1, 2.1333, 2.6333],
            "transform": [
                [0.104685, -0.054662, -0.993003, -0.305017, -0.848681, 0.515608, -0.117853, -3.464057, 0.518443, 0.855079, 0.007586, 3.451497, 0.0, 0.0, 0.0, 1.0],
                [0.892009, -0.172645, 0.417749, -0.274058, 0.093042, 0.974524, 0.204076, -3.464112, -0.442339, -0.14317, 0.885348, 3.47377, 0.0, 0.0, 0.0, 1.0],
                [0.892031, -0.129713, 0.432963, -0.278439, 0.057953, 0.982851, 0.175058, -3.491796, -0.448245, -0.131065, 0.884252, 3.478387, 0.0, 0.0, 0.0, 1.0],
                [0.890901, -0.083049, 0.446541, -0.283063, 0.020325, 0.989446, 0.143469, -3.520807, -0.453742, -0.11874, 0.883188, 3.482957, 0.0, 0.0, 0.0, 1.0],
                [0.888339, -0.035949, 0.457779, -0.287747, -0.016906, 0.993695, 0.11084, -3.550151, -0.458876, -0.106203, 0.882132, 3.487464, 0.0, 0.0, 0.0, 1.0],
                [0.883694, 0.010627, 0.467944, -0.292309, -0.053583, 0.995467, 0.078581, -3.578835, -0.464987, -0.094515, 0.880259, 3.491891, 0.0, 0.0, 0.0, 1.0],
                [0.878027, 0.053001, 0.475668, -0.296564, -0.085854, 0.995171, 0.04759, -3.605863, -0.470847, -0.082623, 0.878339, 3.49622, 0.0, 0.0, 0.0, 1.0],
                [0.871848, 0.092835, 0.480898, -0.30033, -0.116875, 0.992941, 0.020206, -3.630245, -0.475627, -0.073822, 0.876545, 3.500247, 0.0, 0.0, 0.0, 1.0],
                [0.86589, 0.123621, 0.484719, -0.303423, -0.139593, 0.990204, -0.003172, -3.650989, -0.480362, -0.064917, 0.874666, 3.50376, 0.0, 0.0, 0.0, 1.0],
                [0.862297, 0.143601, 0.485616, -0.30545, -0.153907, 0.987906, -0.018842, -3.665832, -0.482448, -0.058492, 0.873971, 3.504651, 0.0, 0.0, 0.0, 1.0],
                [0.860858, 0.154072, 0.48496, -0.306387, -0.16154, 0.986506, -0.026661, -3.674619, -0.482523, -0.055389, 0.874132, 3.504992, 0.0, 0.0, 0.0, 1.0],
                [0.862295, 0.156063, 0.48176, -0.306613, -0.162169, 0.98633, -0.029253, -3.679626, -0.47974, -0.052902, 0.875815, 3.504827, 0.0, 0.0, 0.0, 1.0],
                [0.864016, 0.156181, 0.478628, -0.306503, -0.161183, 0.986441, -0.030919, -3.683121, -0.476967, -0.050432, 0.877474, 3.504195, 0.0, 0.0, 0.0, 1.0],
                [0.86573, 0.15629, 0.475484, -0.306436, -0.160208, 0.986546, -0.032577, -3.687398, -0.474178, -0.047974, 0.879122, 3.50228, 0.0, 0.0, 0.0, 1.0],
                [0.868858, 0.154608, 0.470302, -0.306421, -0.157401, 0.98696, -0.033667, -3.693045, -0.469374, -0.044774, 0.881865, 3.500389, 0.0, 0.0, 0.0, 1.0],
                [0.871954, 0.152908, 0.465098, -0.306248, -0.154608, 0.987365, -0.034755, -3.698976, -0.464535, -0.041603, 0.884578, 3.498502, 0.0, 0.0, 0.0, 1.0],
                [0.875236, 0.149701, 0.459949, -0.305965, -0.150515, 0.987983, -0.035146, -3.704935, -0.459682, -0.038468, 0.887251, 3.496619, 0.0, 0.0, 0.0, 1.0],
                [0.878476, 0.146473, 0.45478, -0.305616, -0.146428, 0.988582, -0.035549, -3.710659, -0.454794, -0.035364, 0.889896, 3.494734, 0.0, 0.0, 0.0, 1.0],
                [0.881678, 0.143226, 0.449592, -0.305251, -0.142348, 0.989163, -0.035964, -3.715888, -0.449871, -0.032289, 0.892511, 3.492842, 0.0, 0.0, 0.0, 1.0],
                [0.884834, 0.139958, 0.444388, -0.304912, -0.138272, 0.989725, -0.036392, -3.720362, -0.444914, -0.029246, 0.895097, 3.49094, 0.0, 0.0, 0.0, 1.0],
                [0.889426, 0.136356, 0.436267, -0.304649, -0.133994, 0.990315, -0.036348, -3.723838, -0.436997, -0.026128, 0.899085, 3.488089, 0.0, 0.0, 0.0, 1.0],
                [0.893577, 0.135544, 0.427956, -0.304507, -0.132264, 0.990504, -0.037546, -3.726036, -0.42898, -0.023053, 0.903021, 3.485216, 0.0, 0.0, 0.0, 1.0],
                [0.897657, 0.134704, 0.419604, -0.304533, -0.130565, 0.990684, -0.038718, -3.726701, -0.420909, -0.02003, 0.906883, 3.482317, 0.0, 0.0, 0.0, 1.0],
                [0.91204, 0.161844, 0.376816, -0.307685, -0.156381, 0.986659, -0.045273, -3.685542, -0.379115, -0.017636, 0.925182, 3.470193, 0.0, 0.0, 0.0, 1.0],
                [0.89716, 0.340147, 0.281789, -0.342508, -0.376038, 0.922857, 0.083254, -3.40961, -0.231732, -0.180655, 0.955859, 3.400516, 0.0, 0.0, 0.0, 1.0],
                [0.867967, 0.466408, 0.170578, -0.359941, -0.495203, 0.838773, 0.226349, -2.933849, -0.037506, -0.280934, 0.958995, 3.255435, 0.0, 0.0, 0.0, 1.0],
                [0.926145, 0.376676, 0.019268, -0.327728, -0.365731, 0.884403, 0.289955, -2.169334, 0.092178, -0.275587, 0.956848, 3.000758, 0.0, 0.0, 0.0, 1.0],
                [0.966031, 0.198602, -0.165349, -0.276652, -0.145564, 0.946856, 0.286836, -0.337569, 0.213528, -0.253024, 0.943603, 1.887958, 0.0, 0.0, 0.0, 1.0],
                [0.906014, 0.119394, -0.406059, -0.226316, -0.020228, 0.970506, 0.240227, 1.185364, 0.422764, -0.209435, 0.881709, 1.532688, 0.0, 0.0, 0.0, 1.0],
                [0.631321, 0.278967, -0.723611, -0.183138, -0.15545, 0.959646, 0.23434, 3.064426, 0.759783, -0.035458, 0.649211, 1.057121, 0.0, 0.0, 0.0, 1.0],
                [0.044776, 0.396368, -0.917001, -0.142976, -0.387813, 0.852828, 0.349695, 3.986035, 0.92065, 0.339966, 0.191903, 0.563547, 0.0, 0.0, 0.0, 1.0],
                [-0.728226, 0.098306, -0.67825, -0.114199, -0.507951, 0.586953, 0.630454, 4.669296, 0.460078, 0.803631, -0.377501, 0.29241, 0.0, 0.0, 0.0, 1.0],
                [-0.704434, 0.084699, -0.704698, -0.115851, -0.448786, 0.716035, 0.534683, 4.809772, 0.549875, 0.692907, -0.466389, 0.468889, 0.0, 0.0, 0.0, 1.0],
                [-0.590165, 0.143961, -0.794344, -0.123054, -0.404221, 0.799038, 0.445133, 4.946507, 0.698792, 0.583792, -0.413374, 0.505167, 0.0, 0.0, 0.0, 1.0],
                [-0.497131, 0.18246, -0.848275, -0.129111, -0.378126, 0.834365, 0.40107, 5.059715, 0.780949, 0.520138, -0.345796, 0.502363, 0.0, 0.0, 0.0, 1.0],
                [-0.493823, 0.18702, -0.849215, -0.131739, -0.39533, 0.82155, 0.410816, 5.143337, 0.774502, 0.538589, -0.331766, 0.489865, 0.0, 0.0, 0.0, 1.0],
                [-0.503673, 0.188445, -0.843093, -0.134238, -0.418303, 0.800685, 0.428866, 5.227032, 0.755869, 0.568675, -0.324457, 0.472992, 0.0, 0.0, 0.0, 1.0],
                [-0.520639, 0.18541, -0.833403, -0.136537, -0.446204, 0.773127, 0.450752, 5.309187, 0.727899, 0.606546, -0.31979, 0.453412, 0.0, 0.0, 0.0, 1.0],
                [-0.544466, 0.180769, -0.819073, -0.138563, -0.473652, 0.739649, 0.478094, 5.388193, 0.692251, 0.648261, -0.317092, 0.433531, 0.0, 0.0, 0.0, 1.0],
                [-0.568462, 0.173752, -0.804153, -0.140247, -0.500229, 0.703013, 0.505515, 5.462416, 0.653164, 0.689626, -0.31272, 0.413553, 0.0, 0.0, 0.0, 1.0],
                [-0.592801, 0.163999, -0.788475, -0.141516, -0.523892, 0.665051, 0.532208, 5.530292, 0.611656, 0.728569, -0.308326, 0.398943, 0.0, 0.0, 0.0, 1.0],
                [-0.612623, 0.156505, -0.774727, -0.1423, -0.543473, 0.628287, 0.556681, 5.590161, 0.573873, 0.762078, -0.299847, 0.388405, 0.0, 0.0, 0.0, 1.0],
                [-0.627332, 0.15252, -0.763671, -0.142529, -0.557451, 0.596806, 0.577124, 5.640462, 0.543785, 0.787757, -0.289374, 0.387171, 0.0, 0.0, 0.0, 1.0],
                [-0.637088, 0.154765, -0.755095, -0.142216, -0.566935, 0.569614, 0.595085, 5.679044, 0.522209, 0.80721, -0.275153, 0.394816, 0.0, 0.0, 0.0, 1.0],
                [-0.644795, 0.162916, -0.746792, -0.141428, -0.572628, 0.544202, 0.61314, 5.706641, 0.506296, 0.822984, -0.257609, 0.409545, 0.0, 0.0, 0.0, 1.0],
                [-0.651977, 0.174527, -0.737881, -0.140206, -0.575719, 0.519339, 0.631534, 5.725434, 0.493429, 0.836557, -0.238119, 0.430478, 0.0, 0.0, 0.0, 1.0],
                [-0.657872, 0.184828, -0.730099, -0.138544, -0.578193, 0.497241, 0.646874, 5.738249, 0.482595, 0.847697, -0.220254, 0.453615, 0.0, 0.0, 0.0, 1.0],
                [-0.664024, 0.194536, -0.721962, -0.136471, -0.580364, 0.474694, 0.661699, 5.747542, 0.471435, 0.858384, -0.202306, 0.480855, 0.0, 0.0, 0.0, 1.0],
                [-0.668599, 0.198658, -0.716597, -0.134003, -0.584998, 0.454402, 0.671788, 5.755787, 0.459079, 0.868363, -0.187598, 0.507904, 0.0, 0.0, 0.0, 1.0],
                [-0.672994, 0.193889, -0.713784, -0.131159, -0.592274, 0.436786, 0.677076, 5.765527, 0.443048, 0.878422, -0.179119, 0.534719, 0.0, 0.0, 0.0, 1.0],
                [-0.676039, 0.179349, -0.714706, -0.127956, -0.604107, 0.420484, 0.676941, 5.779302, 0.421931, 0.889398, -0.175918, 0.561638, 0.0, 0.0, 0.0, 1.0],
                [-0.679687, 0.129116, -0.722051, -0.122142, -0.624511, 0.414447, 0.661983, 5.796627, 0.384723, 0.900868, -0.20106, 0.589045, 0.0, 0.0, 0.0, 1.0],
                [0.907198, 0.000421, -0.420704, -0.091564, -0.420638, 0.018703, -0.907037, 5.796627, 0.007487, 0.999825, 0.017144, 0.674235, 0.0, 0.0, 0.0, 1.0]
            ]
        },
        {
            "name": "Thigh_R",
            "time": [0.0, 0.2, 0.2333, 0.2667, 0.3, 0.3333, 0.3667, 0.4, 0.4333, 0.4667, 0.5, 0.5333, 0.5667, 0.6, 0.6333, 0.6667, 0.7, 0.7333, 0.7667, 0.8, 0.8333, 0.8667, 0.9, 0.9333, 0.9667, 1.0, 1.0333, 1.0667, 1.1, 1.1333, 1.1667, 1.2, 1.2333, 1.2667, 1.3, 1.3333, 1.3667, 1.4333, 1.5, 1.5667, 1.6667, 1.7333, 1.8, 1.8333, 1.8667, 1.9, 1.9333, 1.9667, 2.0, 2.0333, 2.0667, 2.1, 2.1333, 2.6333],
            "transform": [
                [-0.052649, -0.929428, 0.365234, 0.076717, -0.041683, 0.367468, 0.929104, -0.050715, -0.997741, 0.033692, -0.058089, -0.135993, 0.0, 0.0, 0.0, 1.0],
                [0.638866, -0.737895, -0.217636, 0.211493, -0.237941, -0.458558, 0.856221, 0.113634, -0.731583, -0.495236, -0.468532, -0.073224, 0.0, 0.0, 0.0, 1.0],
                [0.642787, -0.727447, -0.240107, 0.193606, -0.234861, -0.48551, 0.842099, 0.119155, -0.729123, -0.48492, -0.482929, -0.074441, 0.0, 0.0, 0.0, 1.0],
                [0.645236, -0.716272, -0.265766, 0.175719, -0.232736, -0.51566, 0.824588, 0.124677, -0.727623, -0.470232, -0.499425, -0.075657, 0.0, 0.0, 0.0, 1.0],
                [0.648219, -0.702908, -0.292816, 0.157832, -0.231653, -0.548419, 0.803491, 0.130199, -0.725299, -0.453048, -0.518326, -0.076874, 0.0, 0.0, 0.0, 1.0],
                [0.650185, -0.689059, -0.320101, 0.139944, -0.233478, -0.582186, 0.77883, 0.13572, -0.72295, -0.431687, -0.539409, -0.07809, 0.0, 0.0, 0.0, 1.0],
                [0.65222, -0.674065, -0.34677, 0.122057, -0.235173, -0.614883, 0.752758, 0.141241, -0.720563, -0.40945, -0.559561, -0.079307, 0.0, 0.0, 0.0, 1.0],
                [0.653064, -0.660201, -0.371005, 0.099276, -0.2398, -0.645036, 0.725576, 0.135466, -0.718269, -0.384917, -0.579566, -0.083108, 0.0, 0.0, 0.0, 1.0],
                [0.653951, -0.648478, -0.389647, 0.076494, -0.245594, -0.669179, 0.70137, 0.12969, -0.715501, -0.362999, -0.596873, -0.086907, 0.0, 0.0, 0.0, 1.0],
                [0.653882, -0.641297, -0.401468, 0.053714, -0.2521, -0.685041, 0.683523, 0.123914, -0.713295, -0.345766, -0.609607, -0.090708, 0.0, 0.0, 0.0, 1.0],
                [0.652352, -0.640414, -0.405347, 0.030933, -0.258914, -0.691014, 0.67491, 0.118138, -0.712255, -0.33536, -0.616596, -0.094508, 0.0, 0.0, 0.0, 1.0],
                [0.650059, -0.643414, -0.404281, 0.008152, -0.265245, -0.690762, 0.672705, 0.112362, -0.712022, -0.330096, -0.619698, -0.098309, 0.0, 0.0, 0.0, 1.0],
                [0.646806, -0.649374, -0.399947, 0.007551, -0.273754, -0.687216, 0.672927, 0.119646, -0.711764, -0.325796, -0.622264, -0.097206, 0.0, 0.0, 0.0, 1.0],
                [0.642264, -0.656533, -0.395556, 0.00695, -0.284273, -0.683359, 0.672494, 0.12693, -0.711753, -0.319503, -0.625531, -0.096102, 0.0, 0.0, 0.0, 1.0],
                [0.637628, -0.663638, -0.391178, 0.00635, -0.294748, -0.679394, 0.672, 0.134212, -0.711661, -0.313216, -0.628806, -0.095, 0.0, 0.0, 0.0, 1.0],
                [0.632278, -0.672578, -0.384539, 0.005748, -0.307131, -0.673341, 0.672546, 0.141495, -0.711198, -0.307161, -0.632307, -0.093896, 0.0, 0.0, 0.0, 1.0],
                [0.625864, -0.683311, -0.376019, 0.005147, -0.321469, -0.665328, 0.673817, 0.148779, -0.710535, -0.300867, -0.636067, -0.092793, 0.0, 0.0, 0.0, 1.0],
                [0.619237, -0.693908, -0.367489, -0.018162, -0.335706, -0.657111, 0.674935, 0.143554, -0.709758, -0.294603, -0.639856, -0.105096, 0.0, 0.0, 0.0, 1.0],
                [0.6124, -0.704367, -0.358953, -0.041471, -0.349836, -0.648695, 0.675899, 0.13833, -0.708864, -0.288372, -0.643673, -0.1174, 0.0, 0.0, 0.0, 1.0],
                [0.605356, -0.714681, -0.350413, -0.064779, -0.363856, -0.64008, 0.676708, 0.133105, -0.707857, -0.282175, -0.647516, -0.129704, 0.0, 0.0, 0.0, 1.0],
                [0.598066, -0.723091, -0.34565, -0.088089, -0.376642, -0.63433, 0.675124, 0.127881, -0.707366, -0.273607, -0.651716, -0.142007, 0.0, 0.0, 0.0, 1.0],
                [0.590635, -0.731397, -0.340923, -0.082931, -0.389341, -0.628412, 0.67345, 0.132958, -0.706734, -0.265052, -0.655924, -0.139414, 0.0, 0.0, 0.0, 1.0],
                [0.583862, -0.736328, -0.341975, -0.077774, -0.399483, -0.627329, 0.668502, 0.138036, -0.706702, -0.253723, -0.660423, -0.13682, 0.0, 0.0, 0.0, 1.0],
                [0.583451, -0.695169, -0.41993, -0.072617, -0.374426, -0.689131, 0.620433, 0.143113, -0.720625, -0.204778, -0.662362, -0.134227, 0.0, 0.0, 0.0, 1.0],
                [0.44049, -0.514028, -0.736038, -0.06746, -0.037633, -0.829764, 0.556904, 0.148191, -0.896917, -0.217631, -0.384847, -0.131632, 0.0, 0.0, 0.0, 1.0],
                [0.402622, -0.167022, -0.899993, -0.062302, -0.013988, -0.984269, 0.176386, 0.153268, -0.915209, -0.058433, -0.398624, -0.129039, 0.0, 0.0, 0.0, 1.0],
                [0.499878, -0.03322, -0.865446, -0.043263, -0.001466, -0.999343, 0.037509, 0.134721, -0.866041, -0.017482, -0.499598, -0.135454, 0.0, 0.0, 0.0, 1.0],
                [0.609246, 0.046467, -0.791598, -0.024224, 0.021009, -0.998925, -0.042461, 0.116173, -0.792645, 0.00924, -0.609567, -0.141868, 0.0, 0.0, 0.0, 1.0],
                [0.645941, 0.06281, -0.760774, -0.005184, 0.048867, -0.998015, -0.040895, 0.097626, -0.761761, -0.010762, -0.647728, -0.148282, 0.0, 0.0, 0.0, 1.0],
                [0.548587, -0.117382, -0.827797, 0.013855, 0.068672, -0.980471, 0.184531, 0.079078, -0.833213, -0.158093, -0.529812, -0.154696, 0.0, 0.0, 0.0, 1.0],
                [0.286161, -0.308675, -0.907103, 0.032895, 0.187584, -0.910368, 0.368939, 0.06053, -0.939591, -0.275759, -0.202609, -0.16111, 0.0, 0.0, 0.0, 1.0],
                [-0.451721, -0.002274, -0.892147, 0.053206, 0.314713, -0.936156, -0.156978, 0.045174, -0.834752, -0.351712, 0.423597, -0.148531, 0.0, 0.0, 0.0, 1.0],
                [-0.533724, -0.261447, -0.804218, 0.073518, 0.092638, -0.963412, 0.251684, 0.029818, -0.840514, 0.059835, 0.538415, -0.135951, 0.0, 0.0, 0.0, 1.0],
                [-0.149193, -0.48048, -0.864236, 0.09383, 0.099857, -0.876912, 0.470241, 0.014461, -0.983705, -0.016145, 0.178809, -0.123371, 0.0, 0.0, 0.0, 1.0],
                [0.184473, -0.577557, -0.795254, 0.114141, 0.070369, -0.799341, 0.596795, -0.000894, -0.980267, -0.166069, -0.106815, -0.110791, 0.0, 0.0, 0.0, 1.0],
                [0.221517, -0.574772, -0.787779, 0.134453, 0.090525, -0.792277, 0.603458, -0.01625, -0.970897, -0.205009, -0.123472, -0.098212, 0.0, 0.0, 0.0, 1.0],
                [0.227289, -0.560102, -0.79665, 0.132448, 0.125686, -0.794383, 0.59432, -0.007639, -0.965635, -0.235231, -0.110158, -0.093964, 0.0, 0.0, 0.0, 1.0],
                [0.207289, -0.536503, -0.818059, 0.128439, 0.170259, -0.803713, 0.570191, 0.009583, -0.963302, -0.2575, -0.075256, -0.085468, 0.0, 0.0, 0.0, 1.0],
                [0.168814, -0.508697, -0.844247, 0.124429, 0.217623, -0.816201, 0.535271, 0.026806, -0.961276, -0.274113, -0.027082, -0.076972, 0.0, 0.0, 0.0, 1.0],
                [0.117055, -0.478972, -0.870003, 0.10708, 0.26241, -0.830012, 0.492221, 0.023045, -0.957783, -0.28594, 0.02853, -0.075135, 0.0, 0.0, 0.0, 1.0],
                [0.062811, -0.451797, -0.889919, 0.081058, 0.300099, -0.841898, 0.448561, 0.017404, -0.951789, -0.295265, 0.082703, -0.07238, 0.0, 0.0, 0.0, 1.0],
                [0.012096, -0.431296, -0.902141, 0.079572, 0.329076, -0.850266, 0.410871, 0.027784, -0.944177, -0.30187, 0.131644, -0.079847, 0.0, 0.0, 0.0, 1.0],
                [-0.025038, -0.422321, -0.906112, 0.078086, 0.349293, -0.852997, 0.387876, 0.038164, -0.936629, -0.306815, 0.168871, -0.087314, 0.0, 0.0, 0.0, 1.0],
                [-0.038474, -0.425469, -0.904166, 0.077344, 0.35655, -0.851154, 0.385313, 0.043353, -0.933434, -0.307584, 0.184449, -0.091048, 0.0, 0.0, 0.0, 1.0],
                [-0.051874, -0.428631, -0.902, 0.076601, 0.363763, -0.849309, 0.382632, 0.048543, -0.929996, -0.308294, 0.199977, -0.094781, 0.0, 0.0, 0.0, 1.0],
                [-0.078038, -0.446658, -0.891306, 0.075858, 0.377091, -0.840869, 0.388324, 0.053733, -0.922832, -0.305827, 0.234051, -0.098514, 0.0, 0.0, 0.0, 1.0],
                [-0.103759, -0.470483, -0.876301, 0.075116, 0.387258, -0.830671, 0.400086, 0.058923, -0.916064, -0.297868, 0.268388, -0.102248, 0.0, 0.0, 0.0, 1.0],
                [-0.127823, -0.496577, -0.858543, 0.074373, 0.393364, -0.820063, 0.415705, 0.064112, -0.910403, -0.284609, 0.300158, -0.105982, 0.0, 0.0, 0.0, 1.0],
                [-0.151458, -0.52023, -0.840504, 0.073631, 0.394462, -0.811515, 0.431151, 0.069303, -0.906294, -0.26627, 0.328121, -0.109715, 0.0, 0.0, 0.0, 1.0],
                [-0.175235, -0.536732, -0.825371, 0.072888, 0.38783, -0.808223, 0.443184, 0.074492, -0.90487, -0.242464, 0.349789, -0.113449, 0.0, 0.0, 0.0, 1.0],
                [-0.199345, -0.542445, -0.816113, 0.072145, 0.373193, -0.812128, 0.44858, 0.079682, -0.906033, -0.215165, 0.364331, -0.117181, 0.0, 0.0, 0.0, 1.0],
                [-0.223302, -0.533212, -0.815993, 0.071403, 0.346539, -0.825906, 0.444796, 0.084871, -0.911018, -0.183467, 0.369205, -0.120917, 0.0, 0.0, 0.0, 1.0],
                [-0.249661, -0.484357, -0.838503, 0.070659, 0.272519, -0.86611, 0.419108, 0.090062, -0.929145, -0.123884, 0.348231, -0.124649, 0.0, 0.0, 0.0, 1.0],
                [0.945483, 0.067158, 0.318675, 0.133847, 0.064694, -0.997738, 0.018325, 0.001085, 0.319184, 0.00329, -0.947687, 0.043038, 0.0, 0.0, 0.0, 1.0]
            ]
        },
        {
            "name": "Leg_R",
            "time": [0.0, 0.2, 0.2333, 0.2667, 0.3, 0.3333, 0.3667, 0.4, 0.4333, 0.4667, 0.5, 0.5333, 0.5667, 0.6, 0.6333, 0.6667, 0.7, 0.7333, 0.7667, 0.8, 0.8333, 0.8667, 0.9, 0.9333, 0.9667, 1.0, 1.0333, 1.0667, 1.1, 1.1333, 1.1667, 1.2, 1.2333, 1.2667, 1.3, 1.3333, 1.3667, 1.4333, 1.5, 1.5667, 1.6667, 1.7333, 1.8, 1.8667, 1.9, 1.9333, 1.9667, 2.0, 2.0333, 2.0667, 2.1, 2.1333, 2.6333],
            "transform": [
                [1.000001, 0.001942, 0.000215, 0.0, 0.000216, -0.219015, 0.975722, 0.37472, 0.001942, -0.975717, -0.219016, 0.0, 0.0, 0.0, 0.0, 1.0],
                [0.999991, -0.001946, -0.000189, 0.0, -0.00019, -0.1929, 0.981215, 0.37472, -0.001945, -0.98123, -0.192897, -0.0, 0.0, 0.0, 0.0, 1.0],
                [0.999978, -0.001939, -0.000257, 0.0, -0.000258, -0.260703, 0.965413, 0.37472, -0.001939, -0.965448, -0.260693, 0.0, 0.0, 0.0, 0.0, 1.0],
                [0.999968, -0.001928, -0.000324, -0.0, -0.000325, -0.327246, 0.94493, 0.37472, -0.001928, -0.944989, -0.327224, -0.0, 0.0, 0.0, 0.0, 1.0],
                [0.999955, -0.001916, -0.00039, -0.0, -0.00039, -0.390605, 0.920543, 0.37472, -0.001916, -0.920636, -0.390565, -0.0, 0.0, 0.0, 0.0, 1.0],
                [0.999954, -0.001903, -0.00045, -0.0, -0.000451, -0.44865, 0.893699, 0.37472, -0.001902, -0.893786, -0.448606, -0.0, 0.0, 0.0, 0.0, 1.0],
                [0.999956, -0.001889, -0.000505, 0.0, -0.000506, -0.499651, 0.866225, 0.37472, -0.001888, -0.866304, -0.499605, -0.0, 0.0, 0.0, 0.0, 1.0],
                [0.999954, -0.001875, -0.000553, 0.0, -0.000553, -0.542909, 0.839796, 0.37472, -0.001875, -0.83987, -0.54286, -0.0, 0.0, 0.0, 0.0, 1.0],
                [0.999956, -0.001864, -0.000593, -0.0, -0.000593, -0.577886, 0.816127, 0.37472, -0.001863, -0.816196, -0.577836, 0.0, 0.0, 0.0, 0.0, 1.0],
                [0.999954, -0.001855, -0.00062, 0.0, -0.000619, -0.601048, 0.799226, 0.37472, -0.001855, -0.799292, -0.600997, -0.0, 0.0, 0.0, 0.0, 1.0],
                [0.999955, -0.001849, -0.000636, 0.0, -0.000635, -0.61451, 0.788924, 0.37472, -0.001849, -0.788987, -0.61446, 0.0, 0.0, 0.0, 0.0, 1.0],
                [0.999955, -0.001847, -0.000643, 0.0, -0.000642, -0.620742, 0.784031, 0.37472, -0.001847, -0.784094, -0.620691, 0.0, 0.0, 0.0, 0.0, 1.0],
                [0.999956, -0.001844, -0.00065, -0.0, -0.00065, -0.626934, 0.77909, 0.37472, -0.001844, -0.77915, -0.626884, 0.0, 0.0, 0.0, 0.0, 1.0],
                [0.999955, -0.001842, -0.000657, -0.0, -0.000657, -0.633088, 0.774099, 0.37472, -0.001841, -0.774159, -0.633037, 0.0, 0.0, 0.0, 0.0, 1.0],
                [0.999955, -0.001838, -0.000667, -0.0, -0.000666, -0.64086, 0.767677, 0.37472, -0.001838, -0.767736, -0.64081, 0.0, 0.0, 0.0, 0.0, 1.0],
                [0.999955, -0.001835, -0.000676, -0.0, -0.000676, -0.64857, 0.761177, 0.37472, -0.001835, -0.761235, -0.648519, -0.0, 0.0, 0.0, 0.0, 1.0],
                [0.999955, -0.001831, -0.000685, -0.0, -0.000685, -0.656211, 0.7546, 0.37472, -0.001831, -0.754656, -0.656161, 0.0, 0.0, 0.0, 0.0, 1.0],
                [0.999956, -0.001828, -0.000694, 0.0, -0.000694, -0.663785, 0.747946, 0.37472, -0.001827, -0.748, -0.663735, 0.0, 0.0, 0.0, 0.0, 1.0],
                [0.999955, -0.001825, -0.000701, 0.0, -0.000701, -0.669424, 0.742906, 0.37472, -0.001825, -0.74296, -0.669373, -0.0, 0.0, 0.0, 0.0, 1.0],
                [0.999956, -0.001822, -0.000708, 0.0, -0.000708, -0.675022, 0.737823, 0.37472, -0.001822, -0.737876, -0.674972, 0.0, 0.0, 0.0, 0.0, 1.0],
                [0.999955, -0.001822, -0.00071, 0.0, -0.00071, -0.676968, 0.736038, 0.37472, -0.001822, -0.736091, -0.676918, 0.0, 0.0, 0.0, 0.0, 1.0],
                [0.999956, -0.001821, -0.000713, -0.0, -0.000713, -0.67891, 0.734248, 0.37472, -0.001821, -0.734301, -0.678859, -0.0, 0.0, 0.0, 0.0, 1.0],
                [0.999956, -0.001822, -0.000711, -0.0, -0.00071, -0.677246, 0.735782, 0.37472, -0.001822, -0.735835, -0.677196, -0.0, 0.0, 0.0, 0.0, 1.0],
                [0.999955, -0.001856, -0.000619, -0.0, -0.000619, -0.600431, 0.79969, 0.37472, -0.001855, -0.799756, -0.60038, -0.0, 0.0, 0.0, 0.0, 1.0],
                [0.999955, -0.001891, -0.000499, 0.0, -0.000499, -0.493412, 0.869793, 0.37472, -0.001891, -0.869874, -0.493365, 0.0, 0.0, 0.0, 0.0, 1.0],
                [0.999955, -0.001932, 0.000301, 1e-06, 0.0003, 0.30381, 0.952709, 0.37472, -0.001932, -0.952811, 0.303777, -0.0, 0.0, 0.0, 0.0, 1.0],
                [0.999955, -0.001846, 0.000643, -0.0, 0.000642, 0.620553, 0.784181, 0.37472, -0.001846, -0.784243, 0.620502, -0.0, 0.0, 0.0, 0.0, 1.0],
                [0.999955, -0.001743, 0.000886, 0.0, 0.000884, 0.807161, 0.590384, 0.37472, -0.001744, -0.590415, 0.807115, 0.0, 0.0, 0.0, 0.0, 1.0],
                [0.999954, -0.001654, 0.001042, -0.0, 0.001042, 0.901981, 0.431858, 0.37472, -0.001654, -0.431875, 0.901942, 0.0, 0.0, 0.0, 0.0, 1.0],
                [0.999955, -0.001634, 0.001073, 0.0, 0.001072, 0.917525, 0.397767, 0.37472, -0.001635, -0.39778, 0.917488, 0.0, 0.0, 0.0, 0.0, 1.0],
                [0.999957, -0.001699, 0.000967, -0.0, 0.000965, 0.859276, 0.511577, 0.37472, -0.0017, -0.5116, 0.859234, 0.0, 0.0, 0.0, 0.0, 1.0],
                [0.999956, -0.001877, 0.000548, 0.0, 0.000548, 0.538272, 0.842775, 0.37472, -0.001877, -0.842849, 0.538223, 0.0, 0.0, 0.0, 0.0, 1.0],
                [0.999955, -0.001822, 0.000708, -0.0, 0.000707, 0.675021, 0.737824, 0.37472, -0.001822, -0.737877, 0.67497, -0.0, 0.0, 0.0, 0.0, 1.0],
                [0.999955, -0.001818, 0.00072, -0.0, 0.000719, 0.684422, 0.729112, 0.37472, -0.001818, -0.729165, 0.684372, 0.0, 0.0, 0.0, 0.0, 1.0],
                [0.999955, -0.001849, 0.000636, 0.0, 0.000635, 0.615116, 0.788452, 0.37472, -0.001849, -0.788515, 0.615065, 1e-06, 0.0, 0.0, 0.0, 1.0],
                [0.999956, -0.001863, 0.000596, -0.0, 0.000595, 0.580221, 0.814468, 0.37472, -0.001863, -0.814536, 0.580172, -0.0, 0.0, 0.0, 0.0, 1.0],
                [0.999957, -0.001875, 0.000556, 0.0, 0.000554, 0.544226, 0.838942, 0.37472, -0.001875, -0.839015, 0.544178, -0.0, 0.0, 0.0, 0.0, 1.0],
                [0.999956, -0.001886, 0.000517, 0.0, 0.000516, 0.509416, 0.86052, 0.37472, -0.001886, -0.860597, 0.509369, 0.0, 0.0, 0.0, 0.0, 1.0],
                [0.999956, -0.001896, 0.000479, -0.0, 0.000477, 0.47375, 0.880654, 0.37472, -0.001897, -0.880737, 0.473704, 0.0, 0.0, 0.0, 0.0, 1.0],
                [0.999955, -0.001905, 0.000443, -0.0, 0.000442, 0.441182, 0.897409, 0.37472, -0.001905, -0.897496, 0.441139, 0.0, 0.0, 0.0, 0.0, 1.0],
                [0.999956, -0.001912, 0.000408, 0.0, 0.000408, 0.408022, 0.912959, 0.37472, -0.001912, -0.91305, 0.407981, -0.0, 0.0, 0.0, 0.0, 1.0],
                [0.999956, -0.00192, 0.000376, -0.0, 0.000375, 0.376693, 0.926322, 0.37472, -0.00192, -0.926416, 0.376654, 1e-06, 0.0, 0.0, 0.0, 1.0],
                [0.999956, -0.001926, 0.000342, -0.0, 0.000343, 0.344917, 0.938614, 0.37472, -0.001926, -0.938711, 0.34488, 0.0, 0.0, 0.0, 0.0, 1.0],
                [0.999956, -0.001931, 0.000309, 0.0, 0.00031, 0.312751, 0.949813, 0.37472, -0.001931, -0.949914, 0.312717, 1e-06, 0.0, 0.0, 0.0, 1.0],
                [0.999955, -0.001936, 0.000276, -0.0, 0.000275, 0.2787, 0.960353, 0.37472, -0.001936, -0.960457, 0.278669, 0.0, 0.0, 0.0, 0.0, 1.0],
                [0.999956, -0.001941, 0.000242, -0.0, 0.00024, 0.244722, 0.969565, 0.37472, -0.001941, -0.969671, 0.244695, 1e-06, 0.0, 0.0, 0.0, 1.0],
                [0.999955, -0.001945, 0.000211, -0.0, 0.000211, 0.214708, 0.976649, 0.37472, -0.001944, -0.976758, 0.214684, -0.0, 0.0, 0.0, 0.0, 1.0],
                [0.999955, -0.001947, 0.000188, -0.0, 0.000187, 0.191155, 0.981529, 0.37472, -0.001947, -0.981639, 0.191133, -1e-06, 0.0, 0.0, 0.0, 1.0],
                [0.999955, -0.001948, 0.000173, 0.0, 0.000171, 0.175259, 0.98449, 0.37472, -0.001948, -0.984601, 0.175238, 1e-06, 0.0, 0.0, 0.0, 1.0],
                [0.999955, -0.001948, 0.000166, -0.0, 0.000165, 0.169036, 0.985577, 0.37472, -0.001948, -0.985689, 0.169016, 0.0, 0.0, 0.0, 0.0, 1.0],
                [0.999955, -0.001948, 0.000168, 0.0, 0.000169, 0.171706, 0.985116, 0.37472, -0.001948, -0.985227, 0.171686, -0.0, 0.0, 0.0, 0.0, 1.0],
                [0.999955, -0.001946, 0.000201, 0.0, 0.000201, 0.204283, 0.978881, 0.37472, -0.001945, -0.978991, 0.20426, -0.0, 0.0, 0.0, 0.0, 1.0],
                [1.000002, 0.001608, -0.001109, 0.0, -0.00111, 0.934967, 0.354727, 0.37472, 0.001607, -0.354724, 0.934969, 0.0, 0.0, 0.0, 0.0, 1.0]
            ]
        },
        {
            "name": "Knee_R",
            "time": [0.0, 1.3667, 1.7333, 2.0, 2.1333, 2.6333],
            "transform": [
                [1.0, 0.0, -0.0, 0.0, -0.0, 1e-06, -1.0, 0.37472, -0.0, 1.0, 1e-06, 0.0, 0.0, 0.0, 0.0, 1.0],
                [1.0, 0.0, -0.0, 0.0, -0.0, 1e-06, -1.0, 0.37472, -0.0, 1.0, 1e-06, -0.0, 0.0, 0.0, 0.0, 1.0],
                [1.0, 0.0, -0.0, -0.0, -0.0, 1e-06, -1.0, 0.37472, -0.0, 1.0, 1e-06, 1e-06, 0.0, 0.0, 0.0, 1.0],
                [1.0, 0.0, -0.0, -0.0, -0.0, 1e-06, -1.0, 0.37472, -0.0, 1.0, 1e-06, -1e-06, 0.0, 0.0, 0.0, 1.0],
                [1.0, 0.0, -0.0, 0.0, -0.0, 1e-06, -1.0, 0.37472, -0.0, 1.0, 1e-06, -0.0, 0.0, 0.0, 0.0, 1.0],
                [1.0, 0.0, -0.0, 0.0, -0.0, 1e-06, -1.0, 0.37472, -0.0, 1.0, 1e-06, 0.0, 0.0, 0.0, 0.0, 1.0]
            ]
        },
        {
            "name": "Thigh_L",
            "time": [0.0, 0.2, 0.2333, 0.2667, 0.3, 0.3333, 0.3667, 0.4, 0.4333, 0.4667, 0.5, 0.5333, 0.5667, 0.6, 0.6333, 0.6667, 0.7, 0.7333, 0.7667, 0.8, 0.8333, 0.8667, 0.9, 0.9333, 0.9667, 1.0, 1.0333, 1.0667, 1.1, 1.1333, 1.1667, 1.2, 1.2333, 1.2667, 1.3, 1.3333, 1.3667, 1.4333, 1.5, 1.5667, 1.6667, 1.7333, 1.8, 1.8667, 1.9, 1.9333, 1.9667, 2.0, 2.0333, 2.0667, 2.1, 2.1333, 2.6333],
            "transform": [
                [-0.006025, -0.9982, -0.06047, 0.080403, 0.275201, -0.059793, 0.959524, 0.044227, -0.961318, -0.010862, 0.275066, 0.148077, 0.0, 0.0, 0.0, 1.0],
                [0.51393, -0.823443, -0.240517, 0.06043, 0.071725, -0.238158, 0.968577, -0.049115, -0.854785, -0.515069, -0.063336, 0.104556, 0.0, 0.0, 0.0, 1.0],
                [0.501058, -0.830512, -0.243335, 0.084774, 0.082895, -0.233832, 0.96874, -0.052573, -0.861405, -0.505591, -0.048319, 0.115976, 0.0, 0.0, 0.0, 1.0],
                [0.486882, -0.837479, -0.248167, 0.109117, 0.093243, -0.232662, 0.96808, -0.056032, -0.868462, -0.494492, -0.03519, 0.127396, 0.0, 0.0, 0.0, 1.0],
                [0.472551, -0.844272, -0.252786, 0.13346, 0.103596, -0.23163, 0.967273, -0.05949, -0.875192, -0.483273, -0.021994, 0.138815, 0.0, 0.0, 0.0, 1.0],
                [0.457569, -0.850665, -0.258845, 0.157803, 0.111182, -0.234087, 0.965839, -0.062949, -0.882194, -0.470717, -0.012533, 0.150234, 0.0, 0.0, 0.0, 1.0],
                [0.44243, -0.856836, -0.264741, 0.182146, 0.118715, -0.23665, 0.964317, -0.066407, -0.88891, -0.458071, -0.002983, 0.161654, 0.0, 0.0, 0.0, 1.0],
                [0.429552, -0.862235, -0.268396, 0.177165, 0.122851, -0.238654, 0.963304, -0.062211, -0.894646, -0.446761, 0.003411, 0.151904, 0.0, 0.0, 0.0, 1.0],
                [0.41658, -0.867467, -0.271959, 0.172183, 0.126951, -0.240712, 0.96226, -0.058014, -0.900191, -0.435383, 0.00985, 0.142156, 0.0, 0.0, 0.0, 1.0],
                [0.408166, -0.871555, -0.271652, 0.167202, 0.128488, -0.23976, 0.962294, -0.053818, -0.903818, -0.42768, 0.014122, 0.132407, 0.0, 0.0, 0.0, 1.0],
                [0.403742, -0.875305, -0.266145, 0.162221, 0.127326, -0.234318, 0.963787, -0.04962, -0.905968, -0.423009, 0.016845, 0.122659, 0.0, 0.0, 0.0, 1.0],
                [0.399302, -0.878998, -0.260615, 0.157239, 0.126191, -0.228862, 0.965246, -0.045424, -0.908093, -0.418312, 0.019536, 0.11291, 0.0, 0.0, 0.0, 1.0],
                [0.395305, -0.883371, -0.251773, 0.149224, 0.12258, -0.220914, 0.96756, -0.03378, -0.910334, -0.413343, 0.020955, 0.113712, 0.0, 0.0, 0.0, 1.0],
                [0.391262, -0.887644, -0.242903, 0.141208, 0.119004, -0.212928, 0.969795, -0.022137, -0.912551, -0.408351, 0.022322, 0.114516, 0.0, 0.0, 0.0, 1.0],
                [0.385915, -0.893528, -0.229515, 0.133192, 0.114142, -0.200629, 0.972996, -0.010496, -0.915445, -0.401691, 0.024563, 0.115319, 0.0, 0.0, 0.0, 1.0],
                [0.38048, -0.899194, -0.216069, 0.125176, 0.109355, -0.188256, 0.976014, 0.001148, -0.918299, -0.394983, 0.026704, 0.116121, 0.0, 0.0, 0.0, 1.0],
                [0.374889, -0.905298, -0.199738, 0.11716, 0.103917, -0.173058, 0.979416, 0.012791, -0.921226, -0.387929, 0.029198, 0.116925, 0.0, 0.0, 0.0, 1.0],
                [0.369186, -0.911092, -0.183333, 0.128683, 0.098575, -0.157767, 0.982546, 0.010853, -0.924113, -0.380813, 0.031566, 0.12081, 0.0, 0.0, 0.0, 1.0],
                [0.363373, -0.91658, -0.166862, 0.140206, 0.093329, -0.142391, 0.985402, 0.008916, -0.926955, -0.373642, 0.033802, 0.124696, 0.0, 0.0, 0.0, 1.0],
                [0.356736, -0.921616, -0.152847, 0.151729, 0.086232, -0.130428, 0.987702, 0.006978, -0.930216, -0.365529, 0.032945, 0.12858, 0.0, 0.0, 0.0, 1.0],
                [0.349972, -0.926418, -0.138808, 0.163251, 0.079219, -0.118378, 0.989805, 0.00504, -0.933404, -0.3574, 0.031961, 0.132467, 0.0, 0.0, 0.0, 1.0],
                [0.342911, -0.930456, -0.129088, 0.174775, 0.070047, -0.111709, 0.991271, 0.003103, -0.936751, -0.34896, 0.026869, 0.13635, 0.0, 0.0, 0.0, 1.0],
                [0.334299, -0.934297, -0.123829, 0.148706, 0.06022, -0.109944, 0.992113, 0.008031, -0.940539, -0.33912, 0.019509, 0.129416, 0.0, 0.0, 0.0, 1.0],
                [0.315895, -0.921822, -0.224621, 0.122637, 0.014231, -0.232113, 0.972586, 0.012958, -0.948685, -0.310432, -0.060205, 0.122482, 0.0, 0.0, 0.0, 1.0],
                [0.35996, -0.434056, -0.825849, 0.096568, 0.097912, -0.86272, 0.496113, 0.017885, -0.927814, -0.259441, -0.268046, 0.115549, 0.0, 0.0, 0.0, 1.0],
                [0.314852, -0.079784, -0.945783, 0.070499, 0.090047, -0.989455, 0.113445, 0.022812, -0.944858, -0.120883, -0.304349, 0.108614, 0.0, 0.0, 0.0, 1.0],
                [0.266507, -0.247115, -0.931618, 0.052995, 0.020784, -0.964875, 0.261883, 0.01187, -0.963608, -0.089156, -0.25201, 0.120332, 0.0, 0.0, 0.0, 1.0],
                [0.341061, -0.355069, -0.870405, 0.035492, -0.070106, -0.93295, 0.353114, 0.000928, -0.937422, -0.059412, -0.343087, 0.132049, 0.0, 0.0, 0.0, 1.0],
                [0.353218, -0.52082, -0.777165, 0.017989, -0.04268, -0.838816, 0.54274, -0.010014, -0.934566, -0.158536, -0.318515, 0.143768, 0.0, 0.0, 0.0, 1.0],
                [0.530275, -0.847816, 0.003938, 0.000485, 0.538496, 0.340388, 0.770817, -0.020956, -0.654851, -0.406624, 0.637047, 0.155485, 0.0, 0.0, 0.0, 1.0],
                [0.151673, -0.720923, 0.676216, -0.017018, 0.260899, 0.689066, 0.676108, -0.031898, -0.953376, 0.073876, 0.292602, 0.167203, 0.0, 0.0, 0.0, 1.0],
                [-0.660788, -0.626658, 0.41311, -0.022556, -0.219412, 0.687625, 0.692121, -0.014364, -0.717786, 0.366703, -0.591872, 0.163221, 0.0, 0.0, 0.0, 1.0],
                [-0.513239, -0.800083, 0.310569, -0.028094, -0.391454, 0.540261, 0.744905, 0.003171, -0.763772, 0.26074, -0.590479, 0.159239, 0.0, 0.0, 0.0, 1.0],
                [-0.398703, -0.818474, 0.413687, -0.033631, -0.546884, 0.574303, 0.609176, 0.020704, -0.736175, 0.016641, -0.676587, 0.155257, 0.0, 0.0, 0.0, 1.0],
                [-0.344576, -0.79857, 0.493512, -0.03917, -0.656704, 0.580713, 0.481157, 0.038238, -0.670825, -0.158296, -0.724526, 0.151275, 0.0, 0.0, 0.0, 1.0],
                [-0.334456, -0.81444, 0.474159, -0.044707, -0.706582, 0.549639, 0.44569, 0.055772, -0.623604, -0.185968, -0.759298, 0.147292, 0.0, 0.0, 0.0, 1.0],
                [-0.322105, -0.832518, 0.450734, -0.04497, -0.750426, 0.514787, 0.414555, 0.056648, -0.577158, -0.204712, -0.790558, 0.145778, 0.0, 0.0, 0.0, 1.0],
                [-0.306045, -0.852305, 0.424163, -0.045495, -0.787833, 0.476867, 0.389765, 0.058398, -0.534466, -0.214884, -0.817418, 0.142749, 0.0, 0.0, 0.0, 1.0],
                [-0.285889, -0.872844, 0.395487, -0.046021, -0.81948, 0.436618, 0.371237, 0.06015, -0.496708, -0.217961, -0.840104, 0.139721, 0.0, 0.0, 0.0, 1.0],
                [-0.260687, -0.893288, 0.366168, -0.046546, -0.845314, 0.394414, 0.360392, 0.0619, -0.466354, -0.215577, -0.857929, 0.136692, 0.0, 0.0, 0.0, 1.0],
                [-0.22926, -0.913147, 0.337052, -0.047334, -0.866082, 0.349406, 0.357516, 0.064528, -0.444231, -0.209951, -0.870966, 0.132149, 0.0, 0.0, 0.0, 1.0],
                [-0.193073, -0.931129, 0.309392, -0.04786, -0.880268, 0.303667, 0.364575, 0.066278, -0.433418, -0.201959, -0.878273, 0.129119, 0.0, 0.0, 0.0, 1.0],
                [-0.152068, -0.94762, 0.280879, -0.048386, -0.888909, 0.255368, 0.380298, 0.068029, -0.432105, -0.191845, -0.881182, 0.126091, 0.0, 0.0, 0.0, 1.0],
                [-0.076333, -0.95997, 0.269498, -0.048911, -0.882633, 0.190788, 0.429605, 0.069781, -0.463825, -0.205074, -0.861866, 0.123062, 0.0, 0.0, 0.0, 1.0],
                [-0.011718, -0.970495, 0.240836, -0.051142, -0.867434, 0.129678, 0.480357, 0.066293, -0.497415, -0.20328, -0.84336, 0.12535, 0.0, 0.0, 0.0, 1.0],
                [0.041285, -0.978888, 0.200179, -0.053374, -0.846179, 0.07228, 0.527974, 0.062806, -0.531297, -0.191184, -0.825332, 0.127639, 0.0, 0.0, 0.0, 1.0],
                [0.085688, -0.984898, 0.150445, -0.055605, -0.820398, 0.015932, 0.571571, 0.059317, -0.565336, -0.172402, -0.806644, 0.129927, 0.0, 0.0, 0.0, 1.0],
                [0.121363, -0.988021, 0.095311, -0.057837, -0.790594, -0.038157, 0.611151, 0.055831, -0.600193, -0.149524, -0.785756, 0.132216, 0.0, 0.0, 0.0, 1.0],
                [0.153054, -0.987727, 0.031169, -0.060068, -0.7562, -0.096757, 0.647147, 0.052343, -0.636186, -0.122619, -0.76173, 0.134504, 0.0, 0.0, 0.0, 1.0],
                [0.178193, -0.983485, -0.031702, -0.0623, -0.717085, -0.151853, 0.680243, 0.048855, -0.673821, -0.098481, -0.732302, 0.136793, 0.0, 0.0, 0.0, 1.0],
                [0.199179, -0.975139, -0.09712, -0.064532, -0.671367, -0.207978, 0.711345, 0.045368, -0.713857, -0.076482, -0.696103, 0.139081, 0.0, 0.0, 0.0, 1.0],
                [0.190364, -0.960799, -0.20156, -0.066764, -0.622549, -0.276899, 0.731957, 0.041881, -0.759074, -0.013857, -0.650857, 0.14137, 0.0, 0.0, 0.0, 1.0],
                [0.944623, -0.062107, -0.322093, -0.125095, 0.027246, -0.963713, 0.265721, 0.007652, -0.326876, -0.259807, -0.908652, 0.000654, 0.0, 0.0, 0.0, 1.0]
            ]
        },
        {
            "name": "Leg_L",
            "time": [0.0, 0.2, 0.2333, 0.2667, 0.3, 0.3333, 0.3667, 0.4, 0.4333, 0.4667, 0.5, 0.5333, 0.5667, 0.6, 0.6333, 0.6667, 0.7, 0.7333, 0.7667, 0.8, 0.8333, 0.8667, 0.9, 0.9333, 0.9667, 1.0, 1.0333, 1.0667, 1.1, 1.1333, 1.1667, 1.2, 1.2333, 1.2667, 1.3, 1.3333, 1.3667, 1.4333, 1.5, 1.5667, 1.6667, 1.7333, 1.8, 1.8667, 1.9, 1.9333, 1.9667, 2.0, 2.0333, 2.0667, 2.1, 2.1333, 2.6333],
            "transform": [
                [0.999953, 0.001908, 0.000424, 0.0, 0.000424, -0.423707, 0.905786, 0.37472, 0.001907, -0.905883, -0.423661, 0.0, 0.0, 0.0, 0.0, 1.0],
                [0.999966, -0.001952, 0.000115, 0.0, 0.000113, 0.11657, 0.993158, 0.37472, -0.001952, -0.993239, 0.11656, 0.0, 0.0, 0.0, 0.0, 1.0],
                [0.999979, -0.001956, 1.8e-05, 0.0, 1.7e-05, 0.017508, 0.999831, 0.37472, -0.001956, -0.999879, 0.017507, 0.0, 0.0, 0.0, 0.0, 1.0],
                [0.999993, -0.001955, -8.3e-05, 0.0, -8.5e-05, -0.085998, 0.996288, 0.37472, -0.001954, -0.996307, -0.085996, 0.0, 0.0, 0.0, 0.0, 1.0],
                [1.000006, -0.001948, -0.000178, -0.0, -0.000178, -0.181443, 0.9834, 0.37472, -0.001948, -0.983394, -0.181444, -0.0, 0.0, 0.0, 0.0, 1.0],
                [1.000005, -0.001938, -0.000265, 0.0, -0.000267, -0.269125, 0.963104, 0.37472, -0.001938, -0.963098, -0.269126, 0.0, 0.0, 0.0, 0.0, 1.0],
                [1.000007, -0.001925, -0.000344, -0.0, -0.000347, -0.347901, 0.93753, 0.37472, -0.001925, -0.937523, -0.347903, 0.0, 0.0, 0.0, 0.0, 1.0],
                [1.000007, -0.001912, -0.000415, -0.0, -0.000416, -0.414736, 0.90994, 0.37472, -0.001911, -0.909933, -0.414738, -0.0, 0.0, 0.0, 0.0, 1.0],
                [1.000006, -0.001898, -0.000471, 0.0, -0.000472, -0.468028, 0.883711, 0.37472, -0.001898, -0.883705, -0.46803, -0.0, 0.0, 0.0, 0.0, 1.0],
                [1.000004, -0.001888, -0.000511, -0.0, -0.000511, -0.50444, 0.863445, 0.37472, -0.001888, -0.86344, -0.504441, -0.0, 0.0, 0.0, 0.0, 1.0],
                [1.000006, -0.001882, -0.000532, -0.0, -0.000533, -0.524184, 0.851601, 0.37472, -0.001882, -0.851596, -0.524186, -0.0, 0.0, 0.0, 0.0, 1.0],
                [1.000006, -0.001879, -0.000544, -0.0, -0.000544, -0.53424, 0.84533, 0.37472, -0.001879, -0.845325, -0.534242, -0.0, 0.0, 0.0, 0.0, 1.0],
                [1.000005, -0.001876, -0.000552, -0.0, -0.000552, -0.541537, 0.840674, 0.37472, -0.001876, -0.840669, -0.541539, -0.0, 0.0, 0.0, 0.0, 1.0],
                [1.000005, -0.001874, -0.000559, 0.0, -0.000561, -0.548794, 0.835955, 0.37472, -0.001873, -0.83595, -0.548796, -0.0, 0.0, 0.0, 0.0, 1.0],
                [1.000006, -0.001871, -0.000571, 0.0, -0.000572, -0.558984, 0.829175, 0.37472, -0.00187, -0.82917, -0.558986, -0.0, 0.0, 0.0, 0.0, 1.0],
                [1.000005, -0.001867, -0.000583, -0.0, -0.000583, -0.569091, 0.822271, 0.37472, -0.001867, -0.822267, -0.569093, -0.0, 0.0, 0.0, 0.0, 1.0],
