{
    "animation": [
        {
            "name": "Root",
            "time": [0.0, 0.0333, 0.0667, 0.1, 0.1333, 0.1667, 0.2, 0.2333, 0.2667, 0.3, 0.3333, 0.3667, 0.4, 0.4333, 0.4667, 0.5, 0.5333, 0.5667, 0.6, 1.0],
            "transform": [
                [-0.774722, 0.089547, 0.625932, 0.371735, 0.632098, 0.08435, 0.770286, -0.119483, 0.016179, 0.992404, -0.12195, 0.484075, 0.0, 0.0, 0.0, 1.0],
                [-0.75899, 0.049107, 0.649249, 0.371749, 0.650516, 0.099548, 0.752942, -0.176629, -0.027657, 0.99382, -0.107501, 0.480468, 0.0, 0.0, 0.0, 1.0],
                [-0.754257, 0.0585, 0.65397, 0.37175, 0.654263, 0.15057, 0.741128, -0.196998, -0.055112, 0.986867, -0.151843, 0.473842, 0.0, 0.0, 0.0, 1.0],
                [-0.749656, 0.073867, 0.657694, 0.37175, 0.656439, 0.209534, 0.724697, -0.217127, -0.084278, 0.975008, -0.205568, 0.467212, 0.0, 0.0, 0.0, 1.0],
                [-0.745949, 0.089819, 0.65992, 0.371749, 0.656382, 0.266964, 0.705617, -0.234577, -0.112797, 0.959512, -0.258097, 0.46083, 0.0, 0.0, 0.0, 1.0],
                [-0.741775, 0.107229, 0.662022, 0.371749, 0.65657, 0.317316, 0.684271, -0.248188, -0.136696, 0.942238, -0.305781, 0.456933, 0.0, 0.0, 0.0, 1.0],
                [-0.738061, 0.121742, 0.663661, 0.371752, 0.657294, 0.351908, 0.666429, -0.256481, -0.152415, 0.928084, -0.33975, 0.456856, 0.0, 0.0, 0.0, 1.0],
                [-0.732876, 0.132419, 0.667352, 0.371762, 0.662118, 0.364435, 0.654819, -0.258641, -0.156496, 0.921766, -0.354764, 0.461635, 0.0, 0.0, 0.0, 1.0],
                [-0.727059, 0.139154, 0.672326, 0.371777, 0.669803, 0.358884, 0.650052, -0.256364, -0.150829, 0.922951, -0.354136, 0.47031, 0.0, 0.0, 0.0, 1.0],
                [-0.719159, 0.145162, 0.679515, 0.371798, 0.681111, 0.340753, 0.648057, -0.251894, -0.137473, 0.928879, -0.343927, 0.481563, 0.0, 0.0, 0.0, 1.0],
                [-0.711085, 0.148839, 0.687173, 0.37182, 0.692912, 0.314176, 0.648975, -0.246483, -0.1193, 0.937625, -0.326539, 0.494766, 0.0, 0.0, 0.0, 1.0],
                [-0.70325, 0.150735, 0.694781, 0.371842, 0.70423, 0.281682, 0.651703, -0.239157, -0.097473, 0.947594, -0.304245, 0.508759, 0.0, 0.0, 0.0, 1.0],
                [-0.695229, 0.151828, 0.702571, 0.371866, 0.714945, 0.247027, 0.65409, -0.231184, -0.074245, 0.95704, -0.280289, 0.524236, 0.0, 0.0, 0.0, 1.0],
                [-0.687638, 0.152395, 0.709881, 0.37189, 0.724222, 0.213392, 0.65572, -0.222232, -0.051555, 0.965008, -0.257104, 0.539696, 0.0, 0.0, 0.0, 1.0],
                [-0.681205, 0.152894, 0.71595, 0.37191, 0.731375, 0.185422, 0.656285, -0.213279, -0.032411, 0.970691, -0.238134, 0.555156, 0.0, 0.0, 0.0, 1.0],
                [-0.67842, 0.15378, 0.718401, 0.371927, 0.734494, 0.163721, 0.658572, -0.204325, -0.016342, 0.974447, -0.224022, 0.570617, 0.0, 0.0, 0.0, 1.0],
                [-0.678646, 0.155201, 0.717882, 0.371941, 0.734466, 0.14343, 0.663317, -0.195391, -1.8e-05, 0.977415, -0.211328, 0.584868, 0.0, 0.0, 0.0, 1.0],
                [-0.679711, 0.154939, 0.716931, 0.371951, 0.733371, 0.126586, 0.667941, -0.187418, 0.012737, 0.97978, -0.19967, 0.598002, 0.0, 0.0, 0.0, 1.0],
                [-0.680295, 0.153521, 0.716682, 0.371959, 0.732592, 0.112338, 0.671335, -0.180248, 0.022554, 0.981739, -0.188891, 0.609534, 0.0, 0.0, 0.0, 1.0],
                [0.907198, 0.000421, -0.420704, 0.351352, -0.420638, 0.018703, -0.907037, -0.167926, 0.007487, 0.999825, 0.017144, 0.674235, 0.0, 0.0, 0.0, 1.0]
            ]
        },
        {
            "name": "Thigh_R",
            "time": [0.0, 0.0333, 0.0667, 0.1, 0.1333, 0.1667, 0.2, 0.2333, 0.2667, 0.3, 0.3333, 0.3667, 0.4, 0.4333, 0.4667, 0.5, 0.5333, 0.5667, 0.6, 0.8, 1.0],
            "transform": [
                [-0.925229, 0.054749, 0.375411, -0.153137, 0.321145, -0.413783, 0.851853, 0.034407, 0.201972, 0.908741, 0.365262, -0.067498, 0.0, 0.0, 0.0, 1.0],
                [-0.90172, 0.032884, 0.431026, -0.141731, 0.391737, -0.359392, 0.846983, 0.046153, 0.182751, 0.932632, 0.31119, -0.081271, 0.0, 0.0, 0.0, 1.0],
                [-0.92291, 0.056567, 0.380763, -0.130324, 0.323757, -0.420977, 0.84733, 0.0579, 0.208208, 0.905344, 0.37021, -0.095044, 0.0, 0.0, 0.0, 1.0],
                [-0.939684, 0.064199, 0.335844, -0.118918, 0.264001, -0.487942, 0.832006, 0.069646, 0.217266, 0.870565, 0.441563, -0.108817, 0.0, 0.0, 0.0, 1.0],
                [-0.959947, 0.075182, 0.269757, -0.107511, 0.185992, -0.54896, 0.814909, 0.081392, 0.209333, 0.832517, 0.512989, -0.122591, 0.0, 0.0, 0.0, 1.0],
                [-0.986181, 0.07733, 0.146213, -0.115315, 0.071058, -0.600183, 0.796722, 0.084322, 0.149351, 0.796175, 0.586394, -0.116909, 0.0, 0.0, 0.0, 1.0],
                [-0.99496, 0.075858, 0.064878, -0.123119, 0.003041, -0.626672, 0.779301, 0.087251, 0.099764, 0.775644, 0.623283, -0.111226, 0.0, 0.0, 0.0, 1.0],
                [-0.994602, 0.077166, 0.06874, -0.130923, 0.005778, -0.622639, 0.782512, 0.09018, 0.103173, 0.778755, 0.618831, -0.105544, 0.0, 0.0, 0.0, 1.0],
                [-0.992991, 0.076835, 0.089307, -0.138727, 0.020175, -0.635984, 0.771464, 0.09311, 0.116062, 0.76793, 0.629975, -0.099862, 0.0, 0.0, 0.0, 1.0],
                [-0.989848, 0.07456, 0.120629, -0.146531, 0.041852, -0.659178, 0.75085, 0.096039, 0.135486, 0.748346, 0.649365, -0.09418, 0.0, 0.0, 0.0, 1.0],
                [-0.985201, 0.068146, 0.156992, -0.154335, 0.067163, -0.689796, 0.720914, 0.098969, 0.157405, 0.720856, 0.67501, -0.088498, 0.0, 0.0, 0.0, 1.0],
                [-0.979742, 0.056509, 0.191895, -0.148704, 0.091697, -0.725708, 0.681901, 0.099037, 0.177776, 0.685748, 0.705825, -0.080805, 0.0, 0.0, 0.0, 1.0],
                [-0.974709, 0.039014, 0.219844, -0.143073, 0.112564, -0.764491, 0.634774, 0.099106, 0.192815, 0.643527, 0.740765, -0.073113, 0.0, 0.0, 0.0, 1.0],
                [-0.971171, 0.015988, 0.237663, -0.137442, 0.129162, -0.803002, 0.581863, 0.099175, 0.200128, 0.595841, 0.777787, -0.065421, 0.0, 0.0, 0.0, 1.0],
                [-0.968863, -0.007709, 0.247305, -0.131811, 0.141117, -0.838246, 0.526777, 0.099243, 0.203222, 0.545324, 0.813233, -0.057728, 0.0, 0.0, 0.0, 1.0],
                [-0.967446, -0.029929, 0.251134, -0.126181, 0.149304, -0.869091, 0.471655, 0.099312, 0.204123, 0.493842, 0.845266, -0.050036, 0.0, 0.0, 0.0, 1.0],
                [-0.966409, -0.051364, 0.251659, -0.12055, 0.155828, -0.896154, 0.415571, 0.099381, 0.204161, 0.440868, 0.874053, -0.042344, 0.0, 0.0, 0.0, 1.0],
                [-0.965696, -0.07208, 0.249302, -0.114919, 0.161225, -0.919439, 0.35877, 0.099449, 0.203338, 0.386693, 0.899519, -0.034652, 0.0, 0.0, 0.0, 1.0],
                [-0.9654, -0.091024, 0.244205, -0.097516, 0.165341, -0.938256, 0.304001, 0.096653, 0.201437, 0.33389, 0.920841, -0.017636, 0.0, 0.0, 0.0, 1.0],
                [-0.048132, 0.114337, 0.992276, 0.006904, 0.224619, -0.966764, 0.122289, 0.079876, 0.973235, 0.228781, 0.02085, 0.084459, 0.0, 0.0, 0.0, 1.0],
                [0.945483, 0.067158, 0.318675, 0.133847, 0.064694, -0.997738, 0.018325, 0.001085, 0.319184, 0.00329, -0.947687, 0.043038, 0.0, 0.0, 0.0, 1.0]
            ]
        },
        {
            "name": "Leg_R",
            "time": [0.0, 0.0333, 0.0667, 0.1, 0.1333, 0.1667, 0.2, 0.2333, 0.2667, 0.3, 0.3333, 0.3667, 0.4, 0.4333, 0.4667, 0.5, 0.5333, 0.5667, 0.6, 1.0],
            "transform": [
                [0.99999, 0.001912, 0.000396, -0.0, 0.000396, -0.397427, 0.917634, 0.37472, 0.001912, -0.917646, -0.397421, -0.0, 0.0, 0.0, 0.0, 1.0],
                [0.999978, 0.001938, 0.000237, 0.0, 0.000234, -0.239736, 0.970832, 0.37472, 0.001938, -0.970867, -0.239727, 0.0, 0.0, 0.0, 0.0, 1.0],
                [0.999967, 0.00195, 0.000103, 0.0, 0.000102, -0.105167, 0.994436, 0.37472, 0.00195, -0.994504, -0.105159, -0.0, 0.0, 0.0, 0.0, 1.0],
                [0.999955, 0.001951, -9.8e-05, 0.0, -9.9e-05, 0.10025, 0.994928, 0.37472, 0.001951, -0.995042, 0.100238, -0.0, 0.0, 0.0, 0.0, 1.0],
                [0.999954, 0.001933, -0.000275, 0.0, -0.000276, 0.279477, 0.960128, 0.37472, 0.001933, -0.960231, 0.279446, -0.0, 0.0, 0.0, 0.0, 1.0],
                [0.999955, 0.00192, -0.000357, 0.0, -0.000358, 0.360029, 0.932923, 0.37472, 0.00192, -0.93302, 0.359991, 0.0, 0.0, 0.0, 0.0, 1.0],
                [0.999954, 0.00191, -0.000409, 0.0, -0.00041, 0.410447, 0.911871, 0.37472, 0.001909, -0.911964, 0.410405, -0.0, 0.0, 0.0, 0.0, 1.0],
                [0.999954, 0.001903, -0.000443, 0.0, -0.000444, 0.442137, 0.896939, 0.37472, 0.001903, -0.897027, 0.442093, 0.0, 0.0, 0.0, 0.0, 1.0],
                [0.999954, 0.001895, -0.000476, -0.0, -0.000478, 0.473297, 0.880898, 0.37472, 0.001895, -0.880981, 0.473251, 0.0, 0.0, 0.0, 0.0, 1.0],
                [0.999955, 0.001886, -0.000509, -0.0, -0.00051, 0.503872, 0.863777, 0.37472, 0.001886, -0.863856, 0.503825, 0.0, 0.0, 0.0, 0.0, 1.0],
                [0.999955, 0.001876, -0.000543, 0.0, -0.000545, 0.534909, 0.844913, 0.37472, 0.001876, -0.844989, 0.53486, -0.0, 0.0, 0.0, 0.0, 1.0],
                [0.999956, 0.001865, -0.000582, 0.0, -0.000583, 0.569478, 0.822015, 0.37472, 0.001864, -0.822084, 0.569428, -0.0, 0.0, 0.0, 0.0, 1.0],
                [0.999956, 0.001849, -0.000628, 0.0, -0.000629, 0.60933, 0.792931, 0.37472, 0.001849, -0.792995, 0.609279, 0.0, 0.0, 0.0, 0.0, 1.0],
                [0.999956, 0.001831, -0.000681, 0.0, -0.000683, 0.654637, 0.755965, 0.37472, 0.00183, -0.756022, 0.654586, -0.0, 0.0, 0.0, 0.0, 1.0],
                [0.999955, 0.001807, -0.000741, 0.0, -0.000743, 0.703257, 0.710966, 0.37472, 0.001806, -0.711016, 0.703207, 0.0, 0.0, 0.0, 0.0, 1.0],
                [0.999955, 0.00178, -0.000806, 0.0, -0.000808, 0.752636, 0.658476, 0.37472, 0.001778, -0.658516, 0.752588, -0.0, 0.0, 0.0, 0.0, 1.0],
                [0.999956, 0.001748, -0.000874, -0.0, -0.000876, 0.800652, 0.59918, 0.37472, 0.001747, -0.599212, 0.800606, -0.0, 0.0, 0.0, 0.0, 1.0],
                [0.999955, 0.001713, -0.000941, -0.0, -0.000943, 0.844827, 0.535101, 0.37472, 0.001712, -0.535127, 0.844783, -0.0, 0.0, 0.0, 0.0, 1.0],
                [0.999957, 0.001675, -0.001005, -0.0, -0.001007, 0.883128, 0.469205, 0.37472, 0.001674, -0.469224, 0.883087, -0.0, 0.0, 0.0, 0.0, 1.0],
                [1.000002, 0.001608, -0.001109, -0.0, -0.00111, 0.934967, 0.354727, 0.37472, 0.001607, -0.354724, 0.934969, -0.0, 0.0, 0.0, 0.0, 1.0]
            ]
        },
        {
            "name": "Knee_R",
            "time": [0.0, 1.0],
            "transform": [
                [1.0, 0.0, -0.0, -0.0, -0.0, 1e-06, -1.0, 0.37472, -0.0, 1.0, 1e-06, -0.0, 0.0, 0.0, 0.0, 1.0],
                [1.0, 0.0, -0.0, -0.0, -0.0, 1e-06, -1.0, 0.37472, -0.0, 1.0, 1e-06, -0.0, 0.0, 0.0, 0.0, 1.0]
            ]
        },
        {
            "name": "Thigh_L",
            "time": [0.0, 0.0333, 0.0667, 0.1, 0.1333, 0.1667, 0.2, 0.2333, 0.2667, 0.3, 0.3333, 0.3667, 0.4, 0.4333, 0.4667, 0.5, 0.5333, 0.5667, 0.6, 0.6333, 0.6667, 0.7667, 0.8, 0.8667, 0.9, 1.0],
            "transform": [
                [-0.836709, 0.111359, 0.536159, 0.129228, 0.173661, -0.874632, 0.452676, 0.056832, 0.519313, 0.471903, 0.712474, 0.067534, 0.0, 0.0, 0.0, 1.0],
                [-0.837883, 0.295789, 0.45873, 0.127552, 0.076725, -0.768286, 0.635515, 0.050523, 0.540388, 0.56771, 0.621039, 0.047418, 0.0, 0.0, 0.0, 1.0],
                [-0.876199, 0.411797, 0.250368, 0.125876, -0.158392, -0.736726, 0.657388, 0.044214, 0.455152, 0.536359, 0.710745, 0.027302, 0.0, 0.0, 0.0, 1.0],
                [-0.909326, 0.382883, 0.162876, 0.124199, -0.149623, -0.666156, 0.730649, 0.037905, 0.388254, 0.640027, 0.663042, 0.007186, 0.0, 0.0, 0.0, 1.0],
                [-0.927866, 0.362477, 0.087614, 0.122523, -0.155081, -0.588724, 0.793319, 0.031596, 0.33914, 0.722504, 0.602471, -0.01293, 0.0, 0.0, 0.0, 1.0],
                [-0.934229, 0.354306, 0.041044, 0.120847, -0.159186, -0.517156, 0.840958, 0.025287, 0.319183, 0.779112, 0.539543, -0.033046, 0.0, 0.0, 0.0, 1.0],
                [-0.937308, 0.348267, 0.012705, 0.122634, -0.162294, -0.46847, 0.868446, 0.026413, 0.308403, 0.811939, 0.495623, -0.030363, 0.0, 0.0, 0.0, 1.0],
                [-0.940181, 0.34066, 0.003214, 0.12442, -0.161584, -0.454217, 0.876116, 0.027538, 0.299918, 0.823186, 0.482092, -0.02768, 0.0, 0.0, 0.0, 1.0],
                [-0.944411, 0.328738, 0.004353, 0.126207, -0.158811, -0.467753, 0.869476, 0.028663, 0.287865, 0.820451, 0.493959, -0.024997, 0.0, 0.0, 0.0, 1.0],
                [-0.94984, 0.312524, 0.011532, 0.127994, -0.153607, -0.498332, 0.853271, 0.029788, 0.272415, 0.808698, 0.521342, -0.022314, 0.0, 0.0, 0.0, 1.0],
                [-0.955592, 0.293752, 0.023501, 0.129781, -0.146074, -0.541425, 0.827963, 0.030913, 0.25594, 0.787761, 0.560292, -0.019631, 0.0, 0.0, 0.0, 1.0],
                [-0.960674, 0.274832, 0.039677, 0.129439, -0.135934, -0.590048, 0.795843, 0.030136, 0.242134, 0.75915, 0.604204, -0.015251, 0.0, 0.0, 0.0, 1.0],
                [-0.964283, 0.258315, 0.058572, 0.129098, -0.124868, -0.638352, 0.75955, 0.029359, 0.233593, 0.725107, 0.647808, -0.010871, 0.0, 0.0, 0.0, 1.0],
                [-0.968115, 0.23313, 0.091673, 0.128756, -0.097049, -0.686411, 0.720709, 0.028582, 0.230944, 0.688831, 0.687151, -0.006492, 0.0, 0.0, 0.0, 1.0],
                [-0.970914, 0.187122, 0.14937, 0.128415, -0.038254, -0.737079, 0.674723, 0.027806, 0.236353, 0.649383, 0.7228, -0.002112, 0.0, 0.0, 0.0, 1.0],
                [-0.969066, 0.130497, 0.209481, 0.128073, 0.026455, -0.788961, 0.613873, 0.027029, 0.24538, 0.600424, 0.761104, 0.002268, 0.0, 0.0, 0.0, 1.0],
                [-0.963861, 0.067258, 0.25778, 0.111505, 0.084971, -0.839455, 0.536743, 0.02437, 0.252495, 0.539248, 0.803404, -0.007808, 0.0, 0.0, 0.0, 1.0],
                [-0.956122, -0.003769, 0.292945, 0.094936, 0.138331, -0.887243, 0.440075, 0.021711, 0.258254, 0.461289, 0.848834, -0.017883, 0.0, 0.0, 0.0, 1.0],
                [-0.952601, -0.078986, 0.293792, 0.078367, 0.178505, -0.927114, 0.329535, 0.019052, 0.24635, 0.366358, 0.89727, -0.027958, 0.0, 0.0, 0.0, 1.0],
                [-0.890587, -0.022127, 0.454268, 0.061798, 0.184229, -0.930756, 0.315846, 0.016393, 0.415821, 0.364981, 0.832996, -0.038034, 0.0, 0.0, 0.0, 1.0],
                [-0.77898, 0.043555, 0.625526, 0.035099, 0.187587, -0.935716, 0.298763, 0.015145, 0.598318, 0.350076, 0.720735, -0.032507, 0.0, 0.0, 0.0, 1.0],
                [-0.038793, 0.232988, 0.971707, -0.044998, 0.163216, -0.95792, 0.236189, 0.011398, 0.985807, 0.167768, -0.000867, -0.015926, 0.0, 0.0, 0.0, 1.0],
                [0.29658, 0.253987, 0.920614, -0.071697, 0.139891, -0.965167, 0.221197, 0.01015, 0.944681, 0.063187, -0.32178, -0.010399, 0.0, 0.0, 0.0, 1.0],
                [0.820792, 0.192364, 0.537825, -0.125094, 0.085539, -0.972398, 0.217224, 0.007652, 0.564729, -0.132299, -0.814591, 0.000655, 0.0, 0.0, 0.0, 1.0],
                [0.9494, 0.1282, 0.286602, -0.125094, 0.062912, -0.972047, 0.226356, 0.007652, 0.307586, -0.196885, -0.930926, 0.000655, 0.0, 0.0, 0.0, 1.0],
                [0.944623, -0.062107, -0.322093, -0.125094, 0.027246, -0.963713, 0.265721, 0.007652, -0.326876, -0.259807, -0.908652, 0.000655, 0.0, 0.0, 0.0, 1.0]
            ]
        },
        {
            "name": "Leg_L",
            "time": [0.0, 0.0333, 0.0667, 0.1, 0.1333, 0.1667, 0.2, 0.2333, 0.2667, 0.3, 0.3333, 0.3667, 0.4, 0.4333, 0.4667, 0.5, 0.5333, 0.5667, 0.6, 1.0],
            "transform": [
                [0.999965, -0.001934, 0.000289, 0.0, 0.000289, 0.292344, 0.956296, 0.37472, -0.001934, -0.95637, 0.292321, 0.0, 0.0, 0.0, 0.0, 1.0],
                [0.999979, -0.001937, 0.000272, -0.0, 0.000271, 0.275073, 0.961413, 0.37472, -0.001937, -0.961456, 0.27506, 0.0, 0.0, 0.0, 0.0, 1.0],
                [0.999993, -0.001911, 0.000417, 0.0, 0.000417, 0.416418, 0.909171, 0.37472, -0.001911, -0.909184, 0.416411, 0.0, 0.0, 0.0, 0.0, 1.0],
                [1.000006, -0.00192, 0.000372, 0.0, 0.000372, 0.373428, 0.927657, 0.37472, -0.00192, -0.927652, 0.37343, -0.0, 0.0, 0.0, 0.0, 1.0],
                [1.000006, -0.001926, 0.000337, 0.0, 0.000338, 0.340083, 0.940393, 0.37472, -0.001926, -0.940388, 0.340084, 0.0, 0.0, 0.0, 0.0, 1.0],
                [1.000007, -0.00193, 0.000316, 0.0, 0.000316, 0.318651, 0.94787, 0.37472, -0.00193, -0.947864, 0.318652, 0.0, 0.0, 0.0, 0.0, 1.0],
                [1.000005, -0.001931, 0.00031, -0.0, 0.00031, 0.31321, 0.949682, 0.37472, -0.001931, -0.949676, 0.313211, 0.0, 0.0, 0.0, 0.0, 1.0],
                [1.000007, -0.001929, 0.00032, -0.0, 0.00032, 0.32288, 0.946438, 0.37472, -0.001929, -0.946432, 0.322882, 0.0, 0.0, 0.0, 0.0, 1.0],
                [1.000006, -0.001925, 0.000342, 0.0, 0.000343, 0.344559, 0.938762, 0.37472, -0.001925, -0.938757, 0.344561, -0.0, 0.0, 0.0, 0.0, 1.0],
                [1.000006, -0.00192, 0.000372, -0.0, 0.000372, 0.373559, 0.927604, 0.37472, -0.00192, -0.927599, 0.37356, -0.0, 0.0, 0.0, 0.0, 1.0],
                [1.000007, -0.001912, 0.000409, -0.0, 0.000409, 0.409435, 0.912337, 0.37472, -0.001912, -0.91233, 0.409437, -0.0, 0.0, 0.0, 0.0, 1.0],
                [1.000006, -0.001903, 0.000452, 0.0, 0.000452, 0.44995, 0.893052, 0.37472, -0.001903, -0.893046, 0.449951, -0.0, 0.0, 0.0, 0.0, 1.0],
                [1.000006, -0.001891, 0.000497, 0.0, 0.000498, 0.492103, 0.870534, 0.37472, -0.001891, -0.870529, 0.492105, 0.0, 0.0, 0.0, 0.0, 1.0],
                [1.000006, -0.001884, 0.000521, -0.0, 0.000522, 0.514145, 0.8577, 0.37472, -0.001884, -0.857695, 0.514147, -0.0, 0.0, 0.0, 0.0, 1.0],
                [1.000006, -0.001886, 0.000516, 0.0, 0.000517, 0.50956, 0.860432, 0.37472, -0.001886, -0.860427, 0.509561, -0.0, 0.0, 0.0, 0.0, 1.0],
                [1.000005, -0.001881, 0.000532, 0.0, 0.000531, 0.523469, 0.852042, 0.37472, -0.001882, -0.852038, 0.52347, 0.0, 0.0, 0.0, 0.0, 1.0],
                [1.000006, -0.001863, 0.000596, -0.0, 0.000596, 0.580451, 0.814291, 0.37472, -0.001863, -0.814287, 0.580453, 0.0, 0.0, 0.0, 0.0, 1.0],
                [1.000006, -0.001821, 0.000717, 0.0, 0.000715, 0.680877, 0.732393, 0.37472, -0.001822, -0.732389, 0.68088, 0.0, 0.0, 0.0, 0.0, 1.0],
                [1.000007, -0.00175, 0.000878, 0.0, 0.000876, 0.800809, 0.598912, 0.37472, -0.001751, -0.598909, 0.800811, 0.0, 0.0, 0.0, 0.0, 1.0],
                [0.999952, -0.001592, 0.001135, 0.0, 0.001134, 0.945054, 0.327033, 0.37472, -0.001593, -0.327044, 0.945015, 0.0, 0.0, 0.0, 0.0, 1.0]
            ]
        },
        {
            "name": "Knee_L",
            "time": [0.0, 1.0],
            "transform": [
                [1.0, 0.0, -0.0, 0.0, -0.0, 1e-06, -1.0, 0.37472, -0.0, 1.0, 1e-06, 0.0, 0.0, 0.0, 0.0, 1.0],
                [1.0, 0.0, -0.0, 0.0, -0.0, 1e-06, -1.0, 0.37472, -0.0, 1.0, 1e-06, 0.0, 0.0, 0.0, 0.0, 1.0]
            ]
        },
        {
            "name": "Torso",
            "time": [0.0, 0.0333, 0.0667, 0.1, 0.1333, 0.1667, 0.2, 0.2333, 0.2667, 0.3, 0.3333, 0.3667, 0.4, 0.4333, 0.4667, 0.5, 0.5333, 0.5667, 0.6, 1.0],
            "transform": [
                [-0.977219, 0.023913, 0.210874, 0.0, -0.040506, 0.954351, -0.295932, 0.05, -0.208324, -0.297733, -0.931642, -0.0, 0.0, 0.0, 0.0, 1.0],
                [-0.962448, -0.015413, 0.271025, -0.0, -0.053089, 0.989796, -0.132239, 0.05, -0.266221, -0.141663, -0.953445, -0.0, 0.0, 0.0, 0.0, 1.0],
                [-0.979572, 0.076678, 0.185902, -0.0, 0.058212, 0.992995, -0.102837, 0.05, -0.192485, -0.089914, -0.977171, 0.0, 0.0, 0.0, 0.0, 1.0],
                [-0.97684, 0.197232, 0.08295, 0.0, 0.191316, 0.978726, -0.074135, 0.05, -0.095807, -0.056548, -0.993792, 0.0, 0.0, 0.0, 0.0, 1.0],
                [-0.953649, 0.300909, 0.002229, 0.0, 0.300622, 0.95302, -0.03718, 0.05, -0.013313, -0.034787, -0.999306, -0.0, 0.0, 0.0, 0.0, 1.0],
                [-0.936979, 0.348571, -0.023771, 0.0, 0.34897, 0.937009, -0.01544, 0.05, 0.016892, -0.022762, -0.999598, -0.0, 0.0, 0.0, 0.0, 1.0],
                [-0.934943, 0.354491, -0.01469, -0.0, 0.354635, 0.934965, -0.008753, 0.05, 0.010632, -0.013393, -0.999853, 0.0, 0.0, 0.0, 0.0, 1.0],
                [-0.937218, 0.34873, 0.00277, 0.0, 0.348711, 0.937217, -0.00539, 0.05, -0.004476, -0.004086, -0.999981, -0.0, 0.0, 0.0, 0.0, 1.0],
                [-0.942321, 0.333458, 0.028901, 0.0, 0.333399, 0.942762, -0.006967, 0.05, -0.02957, 0.00307, -0.999557, -0.0, 0.0, 0.0, 0.0, 1.0],
                [-0.948427, 0.311409, 0.059233, 0.0, 0.311397, 0.950233, -0.009641, 0.05, -0.059287, 0.009301, -0.998197, 0.0, 0.0, 0.0, 0.0, 1.0],
                [-0.954013, 0.284611, 0.094079, -0.0, 0.284529, 0.958559, -0.014553, 0.05, -0.094322, 0.012885, -0.995459, -0.0, 0.0, 0.0, 0.0, 1.0],
                [-0.95781, 0.256173, 0.130273, -0.0, 0.255911, 0.966514, -0.019027, 0.05, -0.130785, 0.015114, -0.991296, -0.0, 0.0, 0.0, 0.0, 1.0],
                [-0.95928, 0.228176, 0.166474, -0.0, 0.227502, 0.973499, -0.02336, 0.05, -0.167392, 0.015464, -0.985769, 0.0, 0.0, 0.0, 0.0, 1.0],
                [-0.958222, 0.202322, 0.202172, 0.0, 0.200525, 0.979245, -0.029548, 0.05, -0.203953, 0.012227, -0.978905, 0.0, 0.0, 0.0, 0.0, 1.0],
                [-0.955503, 0.180668, 0.233175, -0.0, 0.17709, 0.983525, -0.036367, 0.05, -0.235903, 0.006544, -0.971754, 0.0, 0.0, 0.0, 0.0, 1.0],
                [-0.952299, 0.163453, 0.257695, -0.0, 0.156629, 0.986544, -0.046934, 0.05, -0.261898, -0.004333, -0.965086, -0.0, 0.0, 0.0, 0.0, 1.0],
                [-0.948048, 0.148963, 0.281091, 0.0, 0.135847, 0.988552, -0.065696, 0.05, -0.287658, -0.024098, -0.957429, -0.0, 0.0, 0.0, 0.0, 1.0],
                [-0.942922, 0.136241, 0.30386, 0.0, 0.113443, 0.989322, -0.091543, 0.05, -0.313085, -0.051847, -0.948308, 0.0, 0.0, 0.0, 0.0, 1.0],
                [-0.937593, 0.124189, 0.324796, 0.0, 0.089915, 0.988872, -0.118542, 0.05, -0.335902, -0.081941, -0.938326, 0.0, 0.0, 0.0, 0.0, 1.0],
                [0.9154, 0.015761, -0.402236, 0.0, 0.022813, 0.995596, 0.090928, 0.05, 0.401898, -0.092412, 0.911009, -0.0, 0.0, 0.0, 0.0, 1.0]
            ]
        },
        {
            "name": "Chest",
            "time": [0.0, 0.0333, 0.0667, 0.1, 0.1333, 0.1667, 0.2, 0.2333, 0.2667, 0.3, 0.3333, 0.3667, 0.4, 0.4333, 0.4667, 0.5, 0.5333, 0.5667, 0.6, 1.0],
            "transform": [
                [0.98718, 0.035995, 0.155483, 0.0, -0.071069, 0.971455, 0.226335, 0.3, -0.142898, -0.234485, 0.96156, 0.0, 0.0, 0.0, 0.0, 1.0],
                [0.979315, 0.052386, 0.19543, 0.0, -0.089667, 0.978239, 0.18711, 0.3, -0.181374, -0.200764, 0.962703, 0.0, 0.0, 0.0, 0.0, 1.0],
                [0.987214, 0.073627, 0.141358, 0.0, -0.095052, 0.983901, 0.151353, 0.3, -0.127938, -0.162855, 0.978321, -0.0, 0.0, 0.0, 0.0, 1.0],
                [0.992947, 0.093879, 0.072367, 0.0, -0.101859, 0.988028, 0.115891, 0.3, -0.06062, -0.122446, 0.990622, -0.0, 0.0, 0.0, 0.0, 1.0],
                [0.993947, 0.109189, 0.011952, 0.0, -0.109815, 0.990173, 0.086612, 0.3, -0.002378, -0.087401, 0.99617, 0.0, 0.0, 0.0, 0.0, 1.0],
                [0.993351, 0.114707, -0.009525, 0.0, -0.113678, 0.990681, 0.075053, 0.3, 0.018046, -0.073472, 0.997133, -0.0, 0.0, 0.0, 0.0, 1.0],
                [0.993308, 0.115444, -0.002581, -0.0, -0.11492, 0.990503, 0.075513, 0.3, 0.011274, -0.074712, 0.997141, 0.0, 0.0, 0.0, 0.0, 1.0],
                [0.99336, 0.114484, 0.011099, 0.0, -0.115002, 0.990254, 0.078596, 0.3, -0.001993, -0.079351, 0.996844, -0.0, 0.0, 0.0, 0.0, 1.0],
                [0.993221, 0.111594, 0.032478, -0.0, -0.114005, 0.989791, 0.085551, 0.3, -0.022599, -0.088674, 0.995804, -0.0, 0.0, 0.0, 0.0, 1.0],
                [0.992557, 0.107875, 0.056458, 0.0, -0.112852, 0.989158, 0.093996, 0.3, -0.045706, -0.099668, 0.99397, -0.0, 0.0, 0.0, 0.0, 1.0],
                [0.991138, 0.103261, 0.08353, -0.0, -0.111738, 0.988267, 0.104146, 0.3, -0.071795, -0.112557, 0.991047, -0.0, 0.0, 0.0, 0.0, 1.0],
                [0.988986, 0.09832, 0.110614, 0.0, -0.110936, 0.987227, 0.114372, 0.3, -0.097955, -0.125384, 0.98726, -0.0, 0.0, 0.0, 0.0, 1.0],
                [0.986095, 0.093015, 0.137695, 0.0, -0.110414, 0.986041, 0.124645, 0.3, -0.124178, -0.138116, 0.9826, 0.0, 0.0, 0.0, 0.0, 1.0],
                [0.982459, 0.087309, 0.16476, -0.0, -0.110137, 0.984716, 0.134935, 0.3, -0.15046, -0.150715, 0.97706, 0.0, 0.0, 0.0, 0.0, 1.0],
                [0.978778, 0.081742, 0.187902, 0.0, -0.109823, 0.98343, 0.144255, 0.3, -0.172996, -0.16183, 0.971536, -0.0, 0.0, 0.0, 0.0, 1.0],
                [0.975521, 0.076751, 0.206069, 0.0, -0.109473, 0.982239, 0.152401, 0.3, -0.190712, -0.17123, 0.966596, 0.0, 0.0, 0.0, 0.0, 1.0],
                [0.971961, 0.071658, 0.22395, 0.0, -0.109305, 0.980964, 0.160512, 0.3, -0.208185, -0.180491, 0.961292, 0.0, 0.0, 0.0, 0.0, 1.0],
                [0.968104, 0.066331, 0.241601, 0.0, -0.109183, 0.979629, 0.168547, 0.3, -0.225499, -0.18955, 0.955626, -0.0, 0.0, 0.0, 0.0, 1.0],
                [0.964455, 0.060891, 0.257125, -0.0, -0.108687, 0.978376, 0.175984, 0.3, -0.240848, -0.197676, 0.950219, 0.0, 0.0, 0.0, 0.0, 1.0],
                [0.997702, -0.002353, 0.06767, -0.0, 0.003149, 0.999929, -0.011659, 0.3, -0.067638, 0.011846, 0.997639, -0.0, 0.0, 0.0, 0.0, 1.0]
            ]
        },
        {
            "name": "Head",
            "time": [0.0, 0.0333, 0.0667, 0.1, 0.1333, 0.1667, 0.2, 0.2333, 0.2667, 0.3, 0.3333, 0.3667, 0.4, 0.4333, 0.4667, 0.5, 0.5333, 0.5667, 0.6, 1.0],
            "transform": [
                [0.934276, 0.356496, 0.006345, -0.0, -0.310925, 0.823302, -0.474869, 0.4, -0.174513, 0.441687, 0.880032, 0.0, 0.0, 0.0, 0.0, 1.0],
                [0.974202, 0.184693, 0.1297, 0.0, -0.124515, 0.919173, -0.373652, 0.4, -0.188229, 0.347863, 0.918455, -0.0, 0.0, 0.0, 0.0, 1.0],
                [0.981749, 0.080247, 0.172434, 0.0, -0.070893, 0.995691, -0.05975, 0.4, -0.176486, 0.046435, 0.983206, 0.0, 0.0, 0.0, 0.0, 1.0],
                [0.97024, 0.000264, 0.242158, -0.0, -0.054673, 0.974416, 0.217991, 0.4, -0.235907, -0.224743, 0.945429, 0.0, 0.0, 0.0, 0.0, 1.0],
                [0.926536, -0.126787, 0.354201, -0.0, -0.036301, 0.906976, 0.419611, 0.4, -0.374455, -0.401643, 0.835742, 0.0, 0.0, 0.0, 0.0, 1.0],
                [0.831106, -0.339611, 0.440372, 0.0, 0.009074, 0.800051, 0.599863, 0.4, -0.556041, -0.494555, 0.668007, 0.0, 0.0, 0.0, 0.0, 1.0],
                [0.691473, -0.56137, 0.454675, -0.0, 0.04841, 0.66399, 0.746172, 0.4, -0.720779, -0.49395, 0.486304, 0.0, 0.0, 0.0, 0.0, 1.0],
                [0.563692, -0.711577, 0.419418, 0.0, 0.055342, 0.539181, 0.840368, 0.4, -0.824127, -0.450503, 0.343309, -0.0, 0.0, 0.0, 0.0, 1.0],
                [0.502926, -0.778687, 0.375121, -0.0, 0.056295, 0.462595, 0.884779, 0.4, -0.862493, -0.423864, 0.276486, 0.0, 0.0, 0.0, 0.0, 1.0],
                [0.508602, -0.787919, 0.347149, 0.0, 0.064031, 0.436693, 0.897326, 0.4, -0.858615, -0.434158, 0.272553, 0.0, 0.0, 0.0, 0.0, 1.0],
                [0.554486, -0.762584, 0.333189, 0.0, 0.079691, 0.447195, 0.890876, 0.4, -0.828367, -0.467431, 0.308732, -0.0, 0.0, 0.0, 0.0, 1.0],
                [0.6204, -0.712243, 0.328354, -0.0, 0.097261, 0.48531, 0.868914, 0.4, -0.77823, -0.507143, 0.370357, 0.0, 0.0, 0.0, 0.0, 1.0],
                [0.691067, -0.644853, 0.326484, -0.0, 0.110637, 0.540755, 0.83387, 0.4, -0.714271, -0.540144, 0.44504, -0.0, 0.0, 0.0, 0.0, 1.0],
                [0.753785, -0.572675, 0.322262, -0.0, 0.117569, 0.600035, 0.791286, 0.4, -0.646519, -0.558574, 0.519623, 0.0, 0.0, 0.0, 0.0, 1.0],
                [0.79656, -0.513459, 0.319142, -0.0, 0.118945, 0.650682, 0.749976, 0.4, -0.592743, -0.559443, 0.579377, 0.0, 0.0, 0.0, 0.0, 1.0],
                [0.818047, -0.475542, 0.323511, 0.0, 0.118308, 0.689581, 0.714478, 0.4, -0.562853, -0.546204, 0.620368, -0.0, 0.0, 0.0, 0.0, 1.0],
                [0.827129, -0.450736, 0.335699, -0.0, 0.118639, 0.723891, 0.679636, 0.4, -0.549347, -0.522322, 0.652225, -0.0, 0.0, 0.0, 0.0, 1.0],
                [0.829496, -0.431075, 0.35512, -0.0, 0.11831, 0.757026, 0.642584, 0.4, -0.545838, -0.491008, 0.678948, 0.0, 0.0, 0.0, 0.0, 1.0],
                [0.827406, -0.415158, 0.37821, 0.0, 0.116495, 0.785676, 0.60757, 0.4, -0.549389, -0.458649, 0.698434, 0.0, 0.0, 0.0, 0.0, 1.0],
                [0.76413, -0.195185, 0.614824, -0.0, 0.039681, 0.965541, 0.257207, 0.4, -0.643841, -0.172143, 0.745544, 0.0, 0.0, 0.0, 0.0, 1.0]
            ]
        },
        {
            "name": "Shoulder_R",
            "time": [0.0, 0.0333, 0.0667, 0.1, 0.1333, 0.1667, 0.2, 0.2333, 0.2667, 0.3, 0.3333, 0.3667, 0.4, 0.4333, 0.4667, 0.5, 0.5333, 0.5667, 0.6, 1.0],
            "transform": [
                [0.071449, 0.96801, 0.240527, -0.0, -0.143741, -0.228635, 0.96284, 0.4, 0.987033, -0.103368, 0.122807, 0.0, 0.0, 0.0, 0.0, 1.0],
                [-0.031361, 0.977394, 0.209089, 0.0, -0.0982, -0.211193, 0.972497, 0.4, 0.994673, 0.009966, 0.102603, -0.0, 0.0, 0.0, 0.0, 1.0],
                [-0.156554, 0.937708, 0.310156, 0.0, -0.016602, -0.316484, 0.948449, 0.4, 0.987531, 0.143335, 0.065114, 0.0, 0.0, 0.0, 0.0, 1.0],
                [-0.221048, 0.884314, 0.411254, -0.0, 0.033329, -0.414592, 0.909394, 0.4, 0.974694, 0.214728, 0.062171, 0.0, 0.0, 0.0, 0.0, 1.0],
                [-0.20333, 0.850274, 0.485482, -0.0, 0.0476, -0.486672, 0.872284, 0.4, 0.977954, 0.200471, 0.058481, 0.0, 0.0, 0.0, 0.0, 1.0],
                [-0.14887, 0.82274, 0.548577, 0.0, 0.037104, -0.549722, 0.834522, 0.4, 0.98816, 0.14459, 0.05131, 0.0, 0.0, 0.0, 0.0, 1.0],
                [-0.074731, 0.80104, 0.593927, -0.0, 0.019691, -0.594291, 0.804008, 0.4, 0.99701, 0.07178, 0.028639, 0.0, 0.0, 0.0, 0.0, 1.0],
                [-0.016154, 0.786448, 0.617445, 0.0, 0.007482, -0.617414, 0.786602, 0.4, 0.999842, 0.017327, 0.00409, -0.0, 0.0, 0.0, 0.0, 1.0],
                [0.018093, 0.779095, 0.626643, -0.0, -0.005044, -0.626666, 0.779271, 0.4, 0.999825, -0.01726, -0.007409, 0.0, 0.0, 0.0, 0.0, 1.0],
                [0.051954, 0.775169, 0.629613, 0.0, -0.017703, -0.629651, 0.776676, 0.4, 0.998493, -0.051497, -0.01899, 0.0, 0.0, 0.0, 0.0, 1.0],
                [0.081535, 0.774278, 0.627571, 0.0, -0.032145, -0.627298, 0.778115, 0.4, 0.996152, -0.083617, -0.026257, -0.0, 0.0, 0.0, 0.0, 1.0],
                [0.10604, 0.775597, 0.622257, -0.0, -0.046131, -0.621274, 0.782234, 0.4, 0.993291, -0.111653, -0.030101, 0.0, 0.0, 0.0, 0.0, 1.0],
                [0.12358, 0.778418, 0.615461, -0.0, -0.060285, -0.613181, 0.787638, 0.4, 0.990502, -0.134439, -0.02885, -0.0, 0.0, 0.0, 0.0, 1.0],
                [0.133095, 0.78203, 0.608863, -0.0, -0.074073, -0.604762, 0.792953, 0.4, 0.988332, -0.150638, -0.022563, 0.0, 0.0, 0.0, 0.0, 1.0],
                [0.137578, 0.785512, 0.603359, -0.0, -0.08644, -0.597307, 0.79734, 0.4, 0.986713, -0.161851, -0.014276, 0.0, 0.0, 0.0, 0.0, 1.0],
                [0.136522, 0.789097, 0.598904, 0.0, -0.096814, -0.591045, 0.800805, 0.4, 0.985898, -0.16731, -0.004295, -0.0, 0.0, 0.0, 0.0, 1.0],
                [0.124862, 0.794526, 0.594254, -0.0, -0.105737, -0.584877, 0.8042, 0.4, 0.986525, -0.163249, 0.010982, -0.0, 0.0, 0.0, 0.0, 1.0],
                [0.100389, 0.802098, 0.588694, -0.0, -0.113591, -0.578576, 0.80768, 0.4, 0.988443, -0.147952, 0.033028, 0.0, 0.0, 0.0, 0.0, 1.0],
                [0.078843, 0.808564, 0.583103, 0.0, -0.121418, -0.57278, 0.810667, 0.4, 0.989464, -0.134715, 0.053015, 0.0, 0.0, 0.0, 0.0, 1.0],
                [-0.07698, 0.888265, 0.452833, -0.0, 0.241639, -0.424019, 0.872821, 0.4, 0.967308, 0.176612, -0.181998, 0.0, 0.0, 0.0, 0.0, 1.0]
            ]
        },
        {
            "name": "Arm_R",
            "time": [0.0, 0.0333, 0.0667, 0.1, 0.1333, 0.1667, 0.2, 0.2333, 0.2667, 0.3, 0.3333, 0.3667, 0.4, 0.4333, 0.4667, 0.5, 0.5333, 0.5667, 0.6, 1.0],
            "transform": [
                [-0.073636, 0.204536, -0.976084, -0.0, 0.178937, 0.965571, 0.188833, 0.39386, 0.981102, -0.160753, -0.107699, 0.0, 0.0, 0.0, 0.0, 1.0],
                [0.069457, 0.237221, -0.968968, -0.0, 0.12492, 0.961605, 0.244371, 0.39386, 0.989732, -0.138017, 0.037157, -0.0, 0.0, 0.0, 0.0, 1.0],
                [0.193208, 0.389281, -0.900628, 0.0, 0.172506, 0.890151, 0.421756, 0.39386, 0.965874, -0.236851, 0.10483, 0.0, 0.0, 0.0, 0.0, 1.0],
                [0.267455, 0.489199, -0.830153, -0.0, 0.243491, 0.799268, 0.549443, 0.39386, 0.932298, -0.349087, 0.094652, 0.0, 0.0, 0.0, 0.0, 1.0],
                [0.324189, 0.509225, -0.797242, -0.0, 0.312311, 0.737895, 0.598312, 0.393861, 0.892951, -0.442955, 0.080181, -0.0, 0.0, 0.0, 0.0, 1.0],
                [0.395296, 0.473185, -0.787299, -0.0, 0.354411, 0.712172, 0.605977, 0.393861, 0.847429, -0.518568, 0.113817, 0.0, 0.0, 0.0, 0.0, 1.0],
                [0.465469, 0.410843, -0.783931, 0.0, 0.370466, 0.713968, 0.594144, 0.39386, 0.803799, -0.566976, 0.180127, 0.0, 0.0, 0.0, 0.0, 1.0],
                [0.506072, 0.360492, -0.783542, 0.0, 0.381048, 0.721546, 0.57808, 0.39386, 0.773752, -0.591118, 0.227789, 0.0, 0.0, 0.0, 0.0, 1.0],
                [0.517239, 0.325219, -0.791642, -0.0, 0.393553, 0.731009, 0.557447, 0.39386, 0.759985, -0.599889, 0.250115, 0.0, 0.0, 0.0, 0.0, 1.0],
                [0.518277, 0.29008, -0.804515, 0.0, 0.407548, 0.743259, 0.530541, 0.393861, 0.751859, -0.602847, 0.266992, 0.0, 0.0, 0.0, 0.0, 1.0],
                [0.508423, 0.257285, -0.821775, -0.0, 0.422657, 0.756899, 0.498467, 0.393861, 0.750244, -0.600762, 0.276081, 0.0, 0.0, 0.0, 0.0, 1.0],
                [0.487701, 0.227816, -0.842763, 0.0, 0.438915, 0.770491, 0.462277, 0.393861, 0.754653, -0.595354, 0.275777, -0.0, 0.0, 0.0, 0.0, 1.0],
                [0.458313, 0.202756, -0.865355, 0.0, 0.454826, 0.782988, 0.424344, 0.39386, 0.763598, -0.588069, 0.266635, -0.0, 0.0, 0.0, 0.0, 1.0],
                [0.423817, 0.181482, -0.88738, -0.0, 0.469763, 0.79361, 0.386665, 0.393861, 0.774403, -0.580736, 0.251091, 0.0, 0.0, 0.0, 0.0, 1.0],
                [0.387092, 0.16535, -0.907094, -0.0, 0.483049, 0.801613, 0.352258, 0.393861, 0.78538, -0.57453, 0.230425, -0.0, 0.0, 0.0, 0.0, 1.0],
                [0.348742, 0.156599, -0.924043, -0.0, 0.493987, 0.807161, 0.323224, 0.393861, 0.796464, -0.569191, 0.204131, -0.0, 0.0, 0.0, 0.0, 1.0],
                [0.304318, 0.157159, -0.939517, -0.0, 0.502396, 0.811491, 0.298473, 0.393861, 0.809314, -0.562842, 0.167994, 0.0, 0.0, 0.0, 0.0, 1.0],
                [0.256038, 0.166376, -0.952242, 0.0, 0.507643, 0.815172, 0.278921, 0.39386, 0.822642, -0.554816, 0.124255, 0.0, 0.0, 0.0, 0.0, 1.0],
                [0.228568, 0.173283, -0.957983, -0.0, 0.506577, 0.819148, 0.269035, 0.39386, 0.831346, -0.546785, 0.09945, 0.0, 0.0, 0.0, 0.0, 1.0],
                [-0.275356, -0.019114, -0.96115, 0.0, 0.416627, 0.898662, -0.137228, 0.39386, 0.866373, -0.438228, -0.239488, -0.0, 0.0, 0.0, 0.0, 1.0]
            ]
        },
        {
            "name": "Hand_R",
            "time": [0.0, 0.0333, 0.0667, 0.1, 0.1333, 0.1667, 0.2, 0.2333, 0.2667, 0.3, 0.3333, 0.3667, 0.4, 0.4333, 0.4667, 0.5, 0.5333, 0.5667, 0.6, 1.0],
            "transform": [
                [0.999998, 0.001867, 0.000578, 0.0, -0.000578, 0.565056, -0.825052, 0.3, -0.001867, 0.825051, 0.565055, -0.0, 0.0, 0.0, 0.0, 1.0],
                [0.999998, 0.001913, 0.000401, 0.0, -0.000401, 0.401853, -0.915703, 0.3, -0.001913, 0.915704, 0.401852, 0.0, 0.0, 0.0, 0.0, 1.0],
                [0.999997, 0.001937, 0.000255, -0.0, -0.000256, 0.258962, -0.965886, 0.3, -0.001937, 0.965887, 0.258961, 0.0, 0.0, 0.0, 0.0, 1.0],
                [0.999997, 0.001944, 0.000198, 0.0, -0.000199, 0.202231, -0.979336, 0.3, -0.001944, 0.979339, 0.20223, 0.0, 0.0, 0.0, 0.0, 1.0],
                [0.999997, 0.001938, 0.000248, -0.0, -0.000249, 0.252314, -0.967643, 0.3, -0.001938, 0.967647, 0.252313, 0.0, 0.0, 0.0, 0.0, 1.0],
                [0.999998, 0.001921, 0.000355, -0.0, -0.000356, 0.358057, -0.933699, 0.3, -0.001921, 0.933699, 0.358056, -0.0, 0.0, 0.0, 0.0, 1.0],
                [0.999998, 0.001897, 0.00047, -0.0, -0.000469, 0.466286, -0.884634, 0.3, -0.001897, 0.884632, 0.466285, -0.0, 0.0, 0.0, 0.0, 1.0],
                [0.999998, 0.001875, 0.000552, 0.0, -0.000553, 0.542032, -0.840357, 0.3, -0.001875, 0.840356, 0.542032, 0.0, 0.0, 0.0, 0.0, 1.0],
                [0.999997, 0.001856, 0.000614, 0.0, -0.000613, 0.595827, -0.803113, 0.3, -0.001856, 0.803113, 0.595825, 0.0, 0.0, 0.0, 0.0, 1.0],
                [0.999997, 0.001835, 0.000675, -0.0, -0.000674, 0.647561, -0.762013, 0.3, -0.001835, 0.762012, 0.64756, -0.0, 0.0, 0.0, 0.0, 1.0],
                [0.999998, 0.001811, 0.000736, 0.0, -0.000736, 0.697667, -0.716422, 0.3, -0.001811, 0.71642, 0.697666, 0.0, 0.0, 0.0, 0.0, 1.0],
                [0.999998, 0.001785, 0.000796, -0.0, -0.000796, 0.743879, -0.668314, 0.3, -0.001785, 0.668311, 0.743879, -0.0, 0.0, 0.0, 0.0, 1.0],
                [0.999998, 0.001759, 0.000852, -0.0, -0.000852, 0.784572, -0.620037, 0.3, -0.001759, 0.620035, 0.784571, -0.0, 0.0, 0.0, 0.0, 1.0],
                [0.999998, 0.001734, 0.000902, 0.0, -0.000902, 0.818821, -0.574047, 0.3, -0.001734, 0.574045, 0.818821, 0.0, 0.0, 0.0, 0.0, 1.0],
                [0.999997, 0.00171, 0.000945, 0.0, -0.000944, 0.846275, -0.532747, 0.3, -0.001711, 0.532745, 0.846274, -0.0, 0.0, 0.0, 0.0, 1.0],
                [0.999998, 0.001691, 0.000979, 0.0, -0.000979, 0.866997, -0.498312, 0.3, -0.001692, 0.498311, 0.866996, -0.0, 0.0, 0.0, 0.0, 1.0],
                [0.999998, 0.001678, 0.001002, 0.0, -0.001003, 0.880705, -0.473664, 0.3, -0.001678, 0.473662, 0.880704, 0.0, 0.0, 0.0, 0.0, 1.0],
                [0.999998, 0.00167, 0.001014, 0.0, -0.001014, 0.887253, -0.461282, 0.3, -0.00167, 0.461279, 0.887254, -0.0, 0.0, 0.0, 0.0, 1.0],
                [0.999999, 0.00166, 0.001031, -0.0, -0.00103, 0.896162, -0.443723, 0.3, -0.00166, 0.443721, 0.896163, 0.0, 0.0, 0.0, 0.0, 1.0],
                [0.999998, 0.001688, 0.000987, 0.0, -0.000988, 0.871774, -0.489908, 0.3, -0.001687, 0.489906, 0.871773, 0.0, 0.0, 0.0, 0.0, 1.0]
            ]
        },
        {
            "name": "Tool_R",
            "time": [0.0, 1.0],
            "transform": [
                [-0.084145, 0.078202, -0.993653, -0.002552, -0.280522, -0.95841, -0.051693, 0.27224, -0.95533, 0.274204, 0.102578, 0.025042, 0.0, 0.0, 0.0, 1.0],
                [-0.156566, 0.804046, -0.573605, 0.0, 0.120093, -0.561083, -0.818929, 0.272858, -0.979801, -0.197025, -0.008715, -0.0, 0.0, 0.0, 0.0, 1.0]
            ]
        },
        {
            "name": "Elbow_R",
            "time": [0.0, 1.0],
            "transform": [
                [-1.0, 0.0, -0.0, 0.0, 0.0, -0.0, -1.0, 0.3, -0.0, -1.0, 0.0, -0.0, 0.0, 0.0, 0.0, 1.0],
                [-1.0, 0.0, -0.0, 0.0, 0.0, -0.0, -1.0, 0.3, -0.0, -1.0, 0.0, 0.0, 0.0, 0.0, 0.0, 1.0]
            ]
        },
        {
            "name": "Shoulder_L",
            "time": [0.0, 0.0333, 0.0667, 0.1, 0.1333, 0.1667, 0.2, 0.2333, 0.2667, 0.3, 0.3333, 0.3667, 0.4, 0.4333, 0.4667, 0.5, 0.5333, 0.5667, 0.6, 1.0],
            "transform": [
                [-0.3559, -0.662409, -0.659202, -0.0, 0.026711, -0.712309, 0.701356, 0.4, -0.934146, 0.232003, 0.271204, 0.0, 0.0, 0.0, 0.0, 1.0],
                [-0.274575, -0.655489, -0.703519, 0.0, 0.023562, -0.736004, 0.676564, 0.4, -0.96128, 0.169191, 0.217533, -0.0, 0.0, 0.0, 0.0, 1.0],
                [-0.260202, -0.708604, -0.655875, 0.0, -0.006272, -0.678017, 0.735017, 0.4, -0.965537, 0.195365, 0.171977, 0.0, 0.0, 0.0, 0.0, 1.0],
                [-0.266588, -0.765376, -0.585772, -0.0, -0.035715, -0.599502, 0.799575, 0.4, -0.96315, 0.234076, 0.132485, 0.0, 0.0, 0.0, 0.0, 1.0],
                [-0.281515, -0.806719, -0.519569, -0.0, -0.059104, -0.525859, 0.848515, 0.4, -0.957738, 0.269576, 0.100357, 0.0, 0.0, 0.0, 0.0, 1.0],
                [-0.284669, -0.828482, -0.482264, 0.0, -0.067122, -0.484616, 0.872148, 0.4, -0.956275, 0.280643, 0.082346, 0.0, 0.0, 0.0, 0.0, 1.0],
                [-0.275454, -0.833748, -0.478527, -0.0, -0.064769, -0.480556, 0.874568, 0.4, -0.959132, 0.271896, 0.07837, 0.0, 0.0, 0.0, 0.0, 1.0],
