{
    "animation": [
        {
            "name": "Root",
            "time": [0.0, 0.0333, 0.0667, 0.1, 0.1333, 0.1667, 0.2, 0.2333, 0.2667, 0.3, 0.3333, 0.3667, 0.4, 0.4333, 0.4667, 0.5, 0.5333, 0.5667, 0.6, 0.6333, 0.6667, 0.7, 0.7333, 0.7667, 0.8, 0.8333, 0.8667, 0.9, 0.9333, 0.9667, 1.0, 1.0333, 1.0667, 1.1, 1.1333, 1.1667, 1.2, 1.2333, 1.2667, 1.3, 1.3333, 1.3667, 1.4, 1.4333, 1.4667, 1.5, 1.5333, 1.5667, 1.6, 1.6333, 2.0],
            "transform": [
                [-0.744143, -0.294496, -0.599604, 0.342646, -0.576982, -0.169015, 0.799079, -0.129329, -0.336667, 0.940589, -0.044148, 0.482603, 0.0, 0.0, 0.0, 1.0],
                [-0.744143, -0.294496, -0.599604, 0.342646, -0.576982, -0.169015, 0.799079, -0.129329, -0.336667, 0.940589, -0.044148, 0.482603, 0.0, 0.0, 0.0, 1.0],
                [-0.889165, -0.282967, -0.359606, 0.301803, -0.365283, -0.034386, 0.930264, -0.089028, -0.275599, 0.958512, -0.072788, 0.452996, 0.0, 0.0, 0.0, 1.0],
                [-0.966681, -0.238273, -0.093562, 0.263733, -0.117166, 0.086882, 0.989306, -0.044637, -0.227596, 0.967304, -0.111905, 0.423325, 0.0, 0.0, 0.0, 1.0],
                [-0.966337, -0.184091, 0.179732, 0.236847, 0.148204, 0.172737, 0.973756, 0.016239, -0.210306, 0.967612, -0.139639, 0.397249, 0.0, 0.0, 0.0, 1.0],
                [-0.883621, -0.146568, 0.444671, 0.229556, 0.410417, 0.2146, 0.886289, 0.105956, -0.225328, 0.965642, -0.129472, 0.376713, 0.0, 0.0, 0.0, 1.0],
                [-0.718727, -0.12743, 0.683516, 0.239584, 0.65024, 0.224916, 0.725673, 0.223084, -0.246205, 0.96601, -0.078794, 0.360442, 0.0, 0.0, 0.0, 1.0],
                [-0.474873, -0.121025, 0.871694, 0.257764, 0.845418, 0.212411, 0.490051, 0.355106, -0.244465, 0.969657, 0.001449, 0.345527, 0.0, 0.0, 0.0, 1.0],
                [-0.182739, -0.125519, 0.975118, 0.282168, 0.958706, 0.197092, 0.205034, 0.497754, -0.217923, 0.972318, 0.08432, 0.331903, 0.0, 0.0, 0.0, 1.0],
                [0.130009, -0.146742, 0.980595, 0.310869, 0.977653, 0.183752, -0.102122, 0.646771, -0.165201, 0.971958, 0.167352, 0.32009, 0.0, 0.0, 0.0, 1.0],
                [0.423805, -0.179131, 0.887864, 0.341938, 0.901131, 0.182303, -0.393357, 0.797861, -0.091398, 0.966788, 0.238681, 0.308244, 0.0, 0.0, 0.0, 1.0],
                [0.665577, -0.218286, 0.713695, 0.373454, 0.74633, 0.195877, -0.636102, 0.946797, -0.000944, 0.956025, 0.293285, 0.298547, 0.0, 0.0, 0.0, 1.0],
                [0.843221, -0.241151, 0.480444, 0.403489, 0.530981, 0.234141, -0.814394, 1.089278, 0.0839, 0.94182, 0.325479, 0.288951, 0.0, 0.0, 0.0, 1.0],
                [0.944225, -0.24399, 0.221154, 0.43013, 0.287763, 0.284838, -0.914365, 1.221071, 0.160103, 0.927004, 0.339163, 0.2811, 0.0, 0.0, 0.0, 1.0],
                [0.974844, -0.220985, -0.029038, 0.451456, 0.047986, 0.33532, -0.940883, 1.337884, 0.217658, 0.91582, 0.337489, 0.273486, 0.0, 0.0, 0.0, 1.0],
                [0.962364, -0.156543, -0.222149, 0.466487, -0.144798, 0.396381, -0.906597, 1.423593, 0.229977, 0.904641, 0.358796, 0.269117, 0.0, 0.0, 0.0, 1.0],
                [0.938712, -0.052911, -0.340617, 0.476173, -0.276948, 0.472557, -0.836655, 1.476648, 0.205228, 0.879711, 0.428942, 0.268898, 0.0, 0.0, 0.0, 1.0],
                [0.906879, 0.067976, -0.415873, 0.481482, -0.382294, 0.547869, -0.744105, 1.514675, 0.177263, 0.833798, 0.522838, 0.271582, 0.0, 0.0, 0.0, 1.0],
                [0.854142, 0.186141, -0.485585, 0.483378, -0.489113, 0.604751, -0.628527, 1.555306, 0.176663, 0.774356, 0.607589, 0.276246, 0.0, 0.0, 0.0, 1.0],
                [0.756937, 0.285821, -0.587668, 0.482815, -0.609799, 0.632221, -0.477956, 1.616161, 0.234925, 0.720141, 0.652847, 0.280591, 0.0, 0.0, 0.0, 1.0],
                [0.509301, 0.328261, -0.795525, 0.465505, -0.736434, 0.644538, -0.205514, 1.741812, 0.445282, 0.690519, 0.570008, 0.293533, 0.0, 0.0, 0.0, 1.0],
                [0.139658, 0.309966, -0.940435, 0.441331, -0.752591, 0.650443, 0.102622, 1.875986, 0.643508, 0.693431, 0.324117, 0.304709, 0.0, 0.0, 0.0, 1.0],
                [-0.219281, 0.207525, -0.953337, 0.429212, -0.706896, 0.639679, 0.301844, 1.954119, 0.672469, 0.740097, 0.006429, 0.295164, 0.0, 0.0, 0.0, 1.0],
                [-0.462176, 0.098676, -0.881282, 0.421786, -0.633189, 0.659052, 0.405861, 1.991556, 0.620859, 0.745596, -0.242117, 0.284305, 0.0, 0.0, 0.0, 1.0],
                [-0.537432, 0.087004, -0.838808, 0.416838, -0.561497, 0.705206, 0.432904, 1.992095, 0.629196, 0.703644, -0.330148, 0.282982, 0.0, 0.0, 0.0, 1.0],
                [-0.563334, 0.100607, -0.820082, 0.413148, -0.491783, 0.75676, 0.430657, 1.977121, 0.663931, 0.645906, -0.376832, 0.283342, 0.0, 0.0, 0.0, 1.0],
                [-0.563645, 0.123161, -0.816785, 0.409892, -0.43404, 0.797147, 0.419722, 1.959181, 0.70279, 0.591091, -0.395851, 0.286711, 0.0, 0.0, 0.0, 1.0],
                [-0.560896, 0.138806, -0.816168, 0.406246, -0.401232, 0.816751, 0.414646, 1.95082, 0.72416, 0.560046, -0.402419, 0.294405, 0.0, 0.0, 0.0, 1.0],
                [-0.560144, 0.146817, -0.815283, 0.40291, -0.399086, 0.814606, 0.42089, 1.955583, 0.725927, 0.561126, -0.397704, 0.309279, 0.0, 0.0, 0.0, 1.0],
                [-0.550435, 0.155236, -0.82032, 0.400319, -0.415583, 0.801234, 0.430482, 1.96623, 0.724094, 0.577862, -0.376515, 0.330399, 0.0, 0.0, 0.0, 1.0],
                [-0.538101, 0.162226, -0.827123, 0.397243, -0.443725, 0.779796, 0.441619, 1.979106, 0.716627, 0.60465, -0.347626, 0.351483, 0.0, 0.0, 0.0, 1.0],
                [-0.52518, 0.163084, -0.83522, 0.392456, -0.478394, 0.75512, 0.448257, 1.990595, 0.703793, 0.634978, -0.318556, 0.368827, 0.0, 0.0, 0.0, 1.0],
                [-0.516865, 0.155352, -0.841854, 0.38473, -0.510856, 0.733133, 0.448935, 1.997055, 0.686934, 0.662104, -0.299569, 0.377004, 0.0, 0.0, 0.0, 1.0],
                [-0.511229, 0.137012, -0.848454, 0.374915, -0.543282, 0.713432, 0.44256, 1.999211, 0.665949, 0.687199, -0.290291, 0.376368, 0.0, 0.0, 0.0, 1.0],
                [-0.50909, 0.113695, -0.853172, 0.364653, -0.576005, 0.691552, 0.435862, 2.000325, 0.639568, 0.713323, -0.286573, 0.371422, 0.0, 0.0, 0.0, 1.0],
                [-0.505767, 0.090697, -0.857891, 0.353908, -0.607809, 0.668239, 0.428981, 2.000566, 0.612183, 0.738397, -0.282847, 0.363391, 0.0, 0.0, 0.0, 1.0],
                [-0.501609, 0.06231, -0.862849, 0.342646, -0.640962, 0.643086, 0.419058, 2.000093, 0.580997, 0.763255, -0.282639, 0.353249, 0.0, 0.0, 0.0, 1.0],
                [-0.495907, 0.034427, -0.867694, 0.330828, -0.672986, 0.616236, 0.409078, 1.999093, 0.548787, 0.786809, -0.282427, 0.343116, 0.0, 0.0, 0.0, 1.0],
                [-0.488695, 0.007148, -0.872426, 0.318421, -0.703773, 0.587771, 0.399038, 1.997711, 0.515639, 0.808997, -0.282209, 0.332988, 0.0, 0.0, 0.0, 1.0],
                [-0.479488, -0.016145, -0.877401, 0.305386, -0.731649, 0.559417, 0.389543, 1.996128, 0.484543, 0.82873, -0.280046, 0.324825, 0.0, 0.0, 0.0, 1.0],
                [-0.466864, -0.04021, -0.883416, 0.291692, -0.759651, 0.529657, 0.377351, 1.994506, 0.452733, 0.847259, -0.277823, 0.319676, 0.0, 0.0, 0.0, 1.0],
                [-0.451107, -0.058, -0.890585, 0.2773, -0.784605, 0.501333, 0.364776, 1.993016, 0.425322, 0.863308, -0.271662, 0.318772, 0.0, 0.0, 0.0, 1.0],
                [-0.432776, -0.067843, -0.898947, 0.262174, -0.807536, 0.472435, 0.353116, 1.991823, 0.400736, 0.878751, -0.259244, 0.323332, 0.0, 0.0, 0.0, 1.0],
                [-0.412954, -0.069356, -0.908108, 0.244872, -0.827333, 0.445441, 0.342203, 1.990737, 0.380774, 0.892621, -0.241327, 0.335246, 0.0, 0.0, 0.0, 1.0],
                [-0.388329, -0.064416, -0.919268, 0.225107, -0.846614, 0.418898, 0.328284, 1.989502, 0.363932, 0.905746, -0.217206, 0.353894, 0.0, 0.0, 0.0, 1.0],
                [-0.361313, -0.052793, -0.93095, 0.20346, -0.864642, 0.392726, 0.313308, 1.988121, 0.349068, 0.918139, -0.187544, 0.377746, 0.0, 0.0, 0.0, 1.0],
                [-0.334933, -0.035409, -0.941578, 0.181013, -0.879819, 0.369424, 0.299073, 1.986624, 0.337251, 0.928586, -0.154886, 0.404826, 0.0, 0.0, 0.0, 1.0],
                [-0.30523, -0.018071, -0.952109, 0.158722, -0.895118, 0.346625, 0.280383, 1.985032, 0.324957, 0.93783, -0.121977, 0.433012, 0.0, 0.0, 0.0, 1.0],
                [-0.275369, 0.0005, -0.96134, 0.137541, -0.909236, 0.324611, 0.260613, 1.983382, 0.312191, 0.945847, -0.088933, 0.461199, 0.0, 0.0, 0.0, 1.0],
                [-0.247321, 0.01616, -0.9688, 0.118426, -0.921202, 0.306032, 0.240275, 1.981689, 0.300366, 0.951885, -0.060801, 0.486753, 0.0, 0.0, 0.0, 1.0],
                [0.907198, 0.000421, -0.420704, 0.085442, -0.420638, 0.018703, -0.907037, 1.961424, 0.007487, 0.999825, 0.017144, 0.621947, 0.0, 0.0, 0.0, 1.0]
            ]
        },
        {
            "name": "Thigh_R",
            "time": [0.0, 0.0333, 0.0667, 0.1, 0.1333, 0.1667, 0.2, 0.2333, 0.2667, 0.3, 0.3333, 0.3667, 0.4, 0.4333, 0.4667, 0.5, 0.5333, 0.5667, 0.6, 0.6333, 0.6667, 0.7, 0.7333, 0.7667, 0.8, 0.8333, 0.8667, 0.9, 0.9333, 0.9667, 1.0, 1.0333, 1.0667, 1.1, 1.1333, 1.1667, 1.2, 1.2333, 1.2667, 1.3, 1.3333, 1.3667, 1.4, 1.4333, 1.4667, 1.5, 1.5333, 1.5667, 1.6, 1.6333, 2.0],
            "transform": [
                [-0.619141, -0.051178, -0.783589, -0.004807, 0.018041, -0.998585, 0.050957, 0.157961, -0.785015, 0.017415, 0.619187, -0.142269, 0.0, 0.0, 0.0, 1.0],
                [-0.384528, -0.068617, -0.920556, 0.00972, -0.11868, -0.985306, 0.123016, 0.13848, -0.915428, 0.156562, 0.370734, -0.139632, 0.0, 0.0, 0.0, 1.0],
                [-0.199887, -0.146844, -0.968754, 0.024247, -0.135763, -0.975052, 0.175803, 0.118998, -0.970332, 0.166674, 0.174964, -0.136994, 0.0, 0.0, 0.0, 1.0],
                [-0.065487, -0.230177, -0.970947, 0.038774, -0.045806, -0.971362, 0.233343, 0.099517, -0.996753, 0.059763, 0.053068, -0.134357, 0.0, 0.0, 0.0, 1.0],
                [0.004536, -0.337544, -0.941306, 0.053301, 0.07932, -0.938272, 0.336806, 0.080036, -0.996792, -0.076199, 0.022517, -0.13172, 0.0, 0.0, 0.0, 1.0],
                [0.046782, -0.455133, -0.889206, 0.067828, 0.150647, -0.876824, 0.45668, 0.060555, -0.987434, -0.155335, 0.027545, -0.129083, 0.0, 0.0, 0.0, 1.0],
                [0.064083, -0.549296, -0.833186, 0.056827, 0.148999, -0.820315, 0.552221, 0.065065, -0.98671, -0.159547, 0.029276, -0.128142, 0.0, 0.0, 0.0, 1.0],
                [0.062, -0.607234, -0.792123, 0.045827, 0.126681, -0.782479, 0.609702, 0.069576, -0.989957, -0.138161, 0.028411, -0.1272, 0.0, 0.0, 0.0, 1.0],
                [0.044641, -0.62108, -0.7825, 0.034827, 0.127075, -0.773424, 0.621067, 0.074086, -0.99084, -0.127173, 0.044397, -0.126259, 0.0, 0.0, 0.0, 1.0],
                [0.019364, -0.607901, -0.793801, 0.023826, 0.184191, -0.778227, 0.600411, 0.078597, -0.982651, -0.157852, 0.0969, -0.125317, 0.0, 0.0, 0.0, 1.0],
                [-0.024472, -0.602845, -0.797505, 0.012826, 0.308412, -0.763418, 0.567558, 0.083108, -0.950889, -0.232093, 0.204607, -0.124376, 0.0, 0.0, 0.0, 1.0],
                [-0.082586, -0.641612, -0.762596, 0.028506, 0.469365, -0.700095, 0.538136, 0.065082, -0.879081, -0.313522, 0.358968, -0.139532, 0.0, 0.0, 0.0, 1.0],
                [-0.123702, -0.728482, -0.673841, 0.044186, 0.623445, -0.585372, 0.518318, 0.047056, -0.771961, -0.356019, 0.526579, -0.154688, 0.0, 0.0, 0.0, 1.0],
                [-0.12575, -0.836743, -0.533022, 0.059866, 0.737037, -0.438441, 0.51431, 0.02903, -0.663984, -0.328212, 0.671844, -0.169844, 0.0, 0.0, 0.0, 1.0],
                [-0.097347, -0.928172, -0.359309, 0.075546, 0.790385, -0.291497, 0.53877, 0.011005, -0.604752, -0.231566, 0.761988, -0.185, 0.0, 0.0, 0.0, 1.0],
                [-0.058829, -0.972448, -0.22577, 0.091226, 0.796049, -0.182167, 0.57712, -0.007021, -0.602292, -0.145786, 0.784832, -0.200156, 0.0, 0.0, 0.0, 1.0],
                [0.00266, -0.98428, -0.176849, 0.07515, 0.778507, -0.108956, 0.618062, 0.001958, -0.627558, -0.139335, 0.765978, -0.18946, 0.0, 0.0, 0.0, 1.0],
                [0.086474, -0.980152, -0.178644, 0.059075, 0.748112, -0.054525, 0.66129, 0.010936, -0.657844, -0.190848, 0.728549, -0.178764, 0.0, 0.0, 0.0, 1.0],
                [0.176758, -0.963537, -0.201088, 0.042999, 0.71211, -0.015832, 0.701858, 0.019915, -0.679387, -0.26728, 0.683345, -0.168068, 0.0, 0.0, 0.0, 1.0],
                [0.248461, -0.946971, -0.203941, 0.026924, 0.662901, 0.012731, 0.748573, 0.028894, -0.706216, -0.321213, 0.63091, -0.157372, 0.0, 0.0, 0.0, 1.0],
                [0.29499, -0.928224, -0.22683, 0.010848, 0.547564, -0.030313, 0.8362, 0.037873, -0.782986, -0.370907, 0.49932, -0.146675, 0.0, 0.0, 0.0, 1.0],
                [0.287293, -0.926847, -0.241848, 0.016585, 0.408429, -0.109846, 0.90615, 0.043674, -0.866348, -0.359141, 0.346992, -0.145887, 0.0, 0.0, 0.0, 1.0],
                [0.07138, -0.950878, -0.301362, 0.022322, 0.184804, -0.284306, 0.940758, 0.049475, -0.980134, -0.122855, 0.155432, -0.145098, 0.0, 0.0, 0.0, 1.0],
                [-0.103747, -0.929528, -0.353972, 0.028058, 0.015829, -0.357407, 0.933822, 0.055276, -0.994431, 0.091287, 0.051794, -0.144309, 0.0, 0.0, 0.0, 1.0],
                [-0.148394, -0.944582, -0.292962, 0.033795, -0.063012, -0.286622, 0.955974, 0.061076, -0.986873, 0.160336, -0.016988, -0.14352, 0.0, 0.0, 0.0, 1.0],
                [-0.183499, -0.966431, -0.180069, 0.039531, -0.11333, -0.161167, 0.9804, 0.066878, -0.976418, 0.200328, -0.079952, -0.142731, 0.0, 0.0, 0.0, 1.0],
                [-0.205937, -0.976331, -0.066736, 0.040665, -0.139776, -0.038151, 0.989448, 0.069902, -0.968484, 0.213112, -0.128612, -0.147296, 0.0, 0.0, 0.0, 1.0],
                [-0.21476, -0.97667, -0.008931, 0.041799, -0.151118, 0.024198, 0.988219, 0.072927, -0.964858, 0.213599, -0.15279, -0.151861, 0.0, 0.0, 0.0, 1.0],
                [-0.207179, -0.978127, -0.020753, 0.042932, -0.151767, 0.011179, 0.988352, 0.075953, -0.966412, 0.207935, -0.150764, -0.156425, 0.0, 0.0, 0.0, 1.0],
                [-0.181707, -0.981457, -0.061732, 0.044066, -0.137729, -0.036758, 0.989789, 0.078978, -0.973613, 0.188371, -0.128496, -0.16099, 0.0, 0.0, 0.0, 1.0],
                [-0.151731, -0.980756, -0.123226, 0.0452, -0.115558, -0.106217, 0.987606, 0.082003, -0.981595, 0.164106, -0.097219, -0.165555, 0.0, 0.0, 0.0, 1.0],
                [-0.121581, -0.975505, -0.183572, 0.047077, -0.088175, -0.173606, 0.980862, 0.081221, -0.98861, 0.135454, -0.064908, -0.158291, 0.0, 0.0, 0.0, 1.0],
                [-0.103573, -0.968253, -0.227696, 0.048953, -0.065697, -0.221777, 0.972885, 0.080438, -0.992403, 0.115734, -0.040642, -0.151026, 0.0, 0.0, 0.0, 1.0],
                [-0.093605, -0.962339, -0.255401, 0.05083, -0.049202, -0.251755, 0.966544, 0.079655, -0.994346, 0.103049, -0.023784, -0.143762, 0.0, 0.0, 0.0, 1.0],
                [-0.08989, -0.956028, -0.279314, 0.052706, -0.031631, -0.27758, 0.960187, 0.078873, -0.995403, 0.095155, -0.005289, -0.136498, 0.0, 0.0, 0.0, 1.0],
                [-0.090347, -0.949166, -0.301671, 0.054583, -0.014365, -0.30165, 0.953317, 0.078091, -0.99576, 0.090471, 0.013618, -0.129234, 0.0, 0.0, 0.0, 1.0],
                [-0.092062, -0.943415, -0.318711, 0.057016, 0.004062, -0.320439, 0.947267, 0.076753, -0.995699, 0.085921, 0.033332, -0.128843, 0.0, 0.0, 0.0, 1.0],
                [-0.092834, -0.938162, -0.333642, 0.059448, 0.021851, -0.336944, 0.941278, 0.075416, -0.995396, 0.080099, 0.051779, -0.128451, 0.0, 0.0, 0.0, 1.0],
                [-0.094026, -0.932797, -0.348037, 0.061881, 0.041558, -0.352975, 0.934716, 0.074079, -0.994656, 0.07343, 0.071953, -0.128059, 0.0, 0.0, 0.0, 1.0],
                [-0.091622, -0.926958, -0.363917, 0.064314, 0.062687, -0.370116, 0.926876, 0.072742, -0.993773, 0.062115, 0.092018, -0.127667, 0.0, 0.0, 0.0, 1.0],
                [-0.082886, -0.920447, -0.382083, 0.066747, 0.085654, -0.388582, 0.917433, 0.071405, -0.992824, 0.043319, 0.111048, -0.127276, 0.0, 0.0, 0.0, 1.0],
                [-0.070546, -0.912251, -0.403608, 0.06918, 0.109883, -0.40928, 0.905778, 0.070068, -0.991391, 0.019551, 0.129114, -0.126884, 0.0, 0.0, 0.0, 1.0],
                [-0.051992, -0.901014, -0.430756, 0.071612, 0.1344, -0.433749, 0.890964, 0.068731, -0.989515, -0.011572, 0.143647, -0.126492, 0.0, 0.0, 0.0, 1.0],
                [-0.0339, -0.876503, -0.480279, 0.074045, 0.145049, -0.479804, 0.865315, 0.067394, -0.988796, -0.040333, 0.143401, -0.126101, 0.0, 0.0, 0.0, 1.0],
                [-0.012305, -0.842322, -0.538898, 0.076478, 0.155416, -0.534025, 0.831078, 0.066057, -0.987725, -0.073533, 0.137481, -0.125709, 0.0, 0.0, 0.0, 1.0],
                [0.014311, -0.798634, -0.601698, 0.078911, 0.168571, -0.591246, 0.788698, 0.06472, -0.985538, -0.112726, 0.126165, -0.125317, 0.0, 0.0, 0.0, 1.0],
                [0.042901, -0.746838, -0.663662, 0.081344, 0.180098, -0.647639, 0.740383, 0.063383, -0.982665, -0.151302, 0.10672, -0.124925, 0.0, 0.0, 0.0, 1.0],
                [0.069387, -0.692178, -0.718417, 0.083776, 0.192712, -0.697318, 0.690402, 0.062046, -0.97875, -0.18637, 0.085006, -0.124534, 0.0, 0.0, 0.0, 1.0],
                [0.098554, -0.633773, -0.767241, 0.086209, 0.201034, -0.74245, 0.639064, 0.060708, -0.974567, -0.217243, 0.054238, -0.124142, 0.0, 0.0, 0.0, 1.0],
                [0.121811, -0.574931, -0.809103, 0.088642, 0.208053, -0.782309, 0.587164, 0.059371, -0.970455, -0.239882, 0.024323, -0.12375, 0.0, 0.0, 0.0, 1.0],
                [0.945483, 0.067158, 0.318675, 0.133847, 0.064694, -0.997738, 0.018325, 0.001085, 0.319184, 0.00329, -0.947687, 0.043038, 0.0, 0.0, 0.0, 1.0]
            ]
        },
        {
            "name": "Leg_R",
            "time": [0.0, 0.0333, 0.0667, 0.1, 0.1333, 0.1667, 0.2, 0.2333, 0.2667, 0.3, 0.3333, 0.3667, 0.4, 0.4333, 0.4667, 0.5, 0.5333, 0.5667, 0.6, 0.6333, 0.6667, 0.7, 0.7333, 0.7667, 0.8, 0.8333, 0.8667, 0.9, 0.9333, 0.9667, 1.0, 1.0333, 1.0667, 1.1, 1.1333, 1.1667, 1.2, 1.2333, 1.2667, 1.3, 1.3333, 1.3667, 1.4, 1.4333, 1.4667, 1.5, 1.5333, 1.5667, 1.6, 1.6333, 2.0],
            "transform": [
                [0.999955, 0.001843, -0.000652, 0.0, -0.000654, 0.629562, 0.776968, 0.37472, 0.001842, -0.77703, 0.62951, -0.0, 0.0, 0.0, 0.0, 1.0],
                [0.999979, -0.001886, 0.000514, -0.0, 0.000512, 0.506516, 0.862234, 0.37472, -0.001887, -0.862257, 0.506502, -0.0, 0.0, 0.0, 0.0, 1.0],
                [0.999968, -0.001943, 0.00023, 0.0, 0.000229, 0.23278, 0.972514, 0.37472, -0.001943, -0.972578, 0.232765, 0.0, 0.0, 0.0, 0.0, 1.0],
                [0.999956, -0.001956, 1.3e-05, -0.0, 1.2e-05, 0.012659, 0.999883, 0.37472, -0.001956, -0.999998, 0.012657, 0.0, 0.0, 0.0, 0.0, 1.0],
                [0.999955, -0.001952, -0.000133, 0.0, -0.000134, -0.135753, 0.990709, 0.37472, -0.001952, -0.990822, -0.135738, -0.0, 0.0, 0.0, 0.0, 1.0],
                [0.999955, -0.001943, -0.000234, 0.0, -0.000235, -0.237914, 0.971258, 0.37472, -0.001942, -0.971365, -0.237888, 0.0, 0.0, 0.0, 0.0, 1.0],
                [0.999956, -0.001929, -0.000324, -0.0, -0.000325, -0.327254, 0.944914, 0.37472, -0.001929, -0.945016, -0.327219, -0.0, 0.0, 0.0, 0.0, 1.0],
                [0.999956, -0.001916, -0.000396, -0.0, -0.000395, -0.395933, 0.918265, 0.37472, -0.001916, -0.918358, -0.395892, -0.0, 0.0, 0.0, 0.0, 1.0],
                [0.999954, -0.001905, -0.000445, -0.0, -0.000446, -0.443561, 0.896235, 0.37472, -0.001904, -0.896325, -0.443515, -0.0, 0.0, 0.0, 0.0, 1.0],
                [0.999955, -0.001898, -0.000474, -0.0, -0.000475, -0.470913, 0.882174, 0.37472, -0.001897, -0.882259, -0.470866, -0.0, 0.0, 0.0, 0.0, 1.0],
                [0.999956, -0.001896, -0.000483, -0.0, -0.000483, -0.478702, 0.877973, 0.37472, -0.001896, -0.878056, -0.478656, 0.0, 0.0, 0.0, 0.0, 1.0],
                [0.999956, -0.001899, -0.000469, 0.0, -0.000469, -0.465925, 0.884818, 0.37472, -0.001899, -0.884902, -0.465879, 0.0, 0.0, 0.0, 0.0, 1.0],
                [0.999955, -0.001908, -0.000435, -0.0, -0.000435, -0.433308, 0.901236, 0.37472, -0.001907, -0.901324, -0.433264, -0.0, 0.0, 0.0, 0.0, 1.0],
                [0.999955, -0.001919, -0.000385, -0.0, -0.000384, -0.38521, 0.922813, 0.37472, -0.001919, -0.922907, -0.38517, 0.0, 0.0, 0.0, 0.0, 1.0],
                [0.999955, -0.001927, -0.000334, -0.0, -0.000333, -0.336042, 0.941827, 0.37472, -0.001927, -0.941926, -0.336006, -0.0, 0.0, 0.0, 0.0, 1.0],
                [0.999955, -0.001931, -0.000313, -0.0, -0.000313, -0.315987, 0.948742, 0.37472, -0.001931, -0.948842, -0.315954, 0.0, 0.0, 0.0, 0.0, 1.0],
                [0.999956, -0.001925, -0.000343, 0.0, -0.000343, -0.345561, 0.938377, 0.37472, -0.001925, -0.938474, -0.345524, -0.0, 0.0, 0.0, 0.0, 1.0],
                [0.999955, -0.001914, -0.000402, 0.0, -0.000403, -0.402562, 0.91538, 0.37472, -0.001914, -0.915472, -0.402521, 0.0, 0.0, 0.0, 0.0, 1.0],
                [0.999957, -0.0019, -0.000461, 0.0, -0.000461, -0.458041, 0.888925, 0.37472, -0.0019, -0.889008, -0.457997, -0.0, 0.0, 0.0, 0.0, 1.0],
                [0.999956, -0.001893, -0.000488, 0.0, -0.000488, -0.483627, 0.87527, 0.37472, -0.001893, -0.87535, -0.483581, -0.0, 0.0, 0.0, 0.0, 1.0],
                [0.999956, -0.00191, -0.000424, 0.0, -0.000425, -0.423704, 0.905789, 0.37472, -0.001909, -0.905877, -0.423663, 0.0, 0.0, 0.0, 0.0, 1.0],
                [0.999955, -0.001936, -0.000272, 0.0, -0.000273, -0.275816, 0.961185, 0.37472, -0.001936, -0.961289, -0.275785, 0.0, 0.0, 0.0, 0.0, 1.0],
                [0.999956, -0.00194, -0.000246, -0.0, -0.000249, -0.251501, 0.96783, 0.37472, -0.001939, -0.967936, -0.251472, 0.0, 0.0, 0.0, 0.0, 1.0],
                [0.999955, -0.00194, -0.000248, -0.0, -0.00025, -0.252346, 0.96761, 0.37472, -0.00194, -0.967717, -0.252317, 0.0, 0.0, 0.0, 0.0, 1.0],
                [0.999955, -0.00194, -0.000249, 0.0, -0.00025, -0.25319, 0.967389, 0.37472, -0.001939, -0.967495, -0.253162, -0.0, 0.0, 0.0, 0.0, 1.0],
                [0.999955, -0.001938, -0.000266, 0.0, -0.000267, -0.269984, 0.962839, 0.37472, -0.001937, -0.962944, -0.269954, 0.0, 0.0, 0.0, 0.0, 1.0],
                [0.999954, -0.001937, -0.000271, 0.0, -0.000274, -0.275816, 0.961185, 0.37472, -0.001936, -0.96129, -0.275786, 0.0, 0.0, 0.0, 0.0, 1.0],
                [0.999954, -0.00194, -0.000247, 0.0, -0.000247, -0.250655, 0.968049, 0.37472, -0.00194, -0.968156, -0.250627, -0.0, 0.0, 0.0, 0.0, 1.0],
                [0.999954, -0.001947, -0.000184, 0.0, -0.000185, -0.187637, 0.982207, 0.37472, -0.001947, -0.982318, -0.187616, -0.0, 0.0, 0.0, 0.0, 1.0],
                [0.999956, -0.001953, -9.9e-05, 0.0, -0.0001, -0.101817, 0.994769, 0.37472, -0.001952, -0.994881, -0.101805, 0.0, 0.0, 0.0, 0.0, 1.0],
                [0.999956, -0.001956, -9e-06, 0.0, -1e-05, -0.009745, 0.999916, 0.37472, -0.001956, -1.000032, -0.009744, 0.0, 0.0, 0.0, 0.0, 1.0],
                [0.999955, -0.001954, 7.4e-05, 0.0, 7.2e-05, 0.07476, 0.997166, 0.37472, -0.001954, -0.997281, 0.074751, -0.0, 0.0, 0.0, 0.0, 1.0],
                [0.999955, -0.001952, 0.000121, -0.0, 0.00012, 0.122989, 0.992374, 0.37472, -0.001952, -0.992487, 0.122974, 0.0, 0.0, 0.0, 0.0, 1.0],
                [0.999955, -0.00195, 0.000138, -0.0, 0.000137, 0.140289, 0.990077, 0.37472, -0.00195, -0.99019, 0.140273, -0.0, 0.0, 0.0, 0.0, 1.0],
                [0.999955, -0.001951, 0.000143, -0.0, 0.000143, 0.145716, 0.989293, 0.37472, -0.00195, -0.989406, 0.145699, 0.0, 0.0, 0.0, 0.0, 1.0],
                [0.999955, -0.001951, 0.00014, 0.0, 0.000139, 0.1421, 0.989819, 0.37472, -0.001951, -0.989931, 0.142083, 0.0, 0.0, 0.0, 0.0, 1.0],
                [0.999955, -0.001951, 0.000127, -0.0, 0.000128, 0.130294, 0.991441, 0.37472, -0.001951, -0.991555, 0.130279, 0.0, 0.0, 0.0, 0.0, 1.0],
                [0.999955, -0.001953, 0.000114, 0.0, 0.000114, 0.116486, 0.993158, 0.37472, -0.001952, -0.993272, 0.116473, -0.0, 0.0, 0.0, 0.0, 1.0],
                [0.999955, -0.001953, 0.0001, 0.0, 0.000101, 0.102655, 0.994682, 0.37472, -0.001953, -0.994796, 0.102643, -0.0, 0.0, 0.0, 0.0, 1.0],
                [0.999955, -0.001954, 8.7e-05, -0.0, 8.7e-05, 0.088805, 0.996013, 0.37472, -0.001954, -0.996128, 0.088794, 0.0, 0.0, 0.0, 0.0, 1.0],
                [0.999955, -0.001954, 8.3e-05, 0.0, 8.3e-05, 0.08507, 0.99634, 0.37472, -0.001954, -0.996454, 0.08506, 0.0, 0.0, 0.0, 0.0, 1.0],
                [0.999955, -0.001954, 9.1e-05, -0.0, 9e-05, 0.092532, 0.995675, 0.37472, -0.001954, -0.995789, 0.092521, -0.0, 0.0, 0.0, 0.0, 1.0],
                [0.999955, -0.001952, 0.000113, 0.0, 0.000113, 0.115654, 0.993255, 0.37472, -0.001952, -0.99337, 0.11564, 0.0, 0.0, 0.0, 0.0, 1.0],
                [0.999955, -0.00195, 0.00014, -0.0, 0.00014, 0.143237, 0.989655, 0.37472, -0.00195, -0.989768, 0.143221, -0.0, 0.0, 0.0, 0.0, 1.0],
                [0.999955, -0.001947, 0.000187, 0.0, 0.000187, 0.190277, 0.981699, 0.37472, -0.001947, -0.98181, 0.190255, 0.0, 0.0, 0.0, 0.0, 1.0],
                [0.999954, -0.00194, 0.000249, 0.0, 0.000249, 0.252345, 0.96761, 0.37472, -0.00194, -0.967717, 0.252317, 0.0, 0.0, 0.0, 0.0, 1.0],
                [0.999955, -0.00193, 0.000319, 0.0, 0.000319, 0.321633, 0.946843, 0.37472, -0.00193, -0.946944, 0.321598, 0.0, 0.0, 0.0, 0.0, 1.0],
                [0.999955, -0.001918, 0.000391, 0.0, 0.00039, 0.390912, 0.920413, 0.37472, -0.001918, -0.920507, 0.390871, 0.0, 0.0, 0.0, 0.0, 1.0],
                [0.999955, -0.001901, 0.000461, -0.0, 0.00046, 0.458042, 0.888924, 0.37472, -0.001901, -0.88901, 0.457996, 0.0, 0.0, 0.0, 0.0, 1.0],
                [0.999954, -0.001883, 0.000529, -0.0, 0.000529, 0.520849, 0.853651, 0.37472, -0.001883, -0.853727, 0.520801, -0.0, 0.0, 0.0, 0.0, 1.0],
                [1.000002, 0.001608, -0.001109, 0.0, -0.00111, 0.934967, 0.354727, 0.37472, 0.001607, -0.354724, 0.934969, 0.0, 0.0, 0.0, 0.0, 1.0]
            ]
        },
        {
            "name": "Knee_R",
            "time": [0.0, 2.0],
            "transform": [
                [1.0, 0.0, -0.0, 0.0, -0.0, 1e-06, -1.0, 0.37472, -0.0, 1.0, 1e-06, -0.0, 0.0, 0.0, 0.0, 1.0],
                [1.0, 0.0, -0.0, 0.0, -0.0, 1e-06, -1.0, 0.37472, -0.0, 1.0, 1e-06, 0.0, 0.0, 0.0, 0.0, 1.0]
            ]
        },
        {
            "name": "Thigh_L",
            "time": [0.0, 0.0333, 0.0667, 0.1, 0.1333, 0.1667, 0.2, 0.2333, 0.2667, 0.3, 0.3333, 0.3667, 0.4, 0.4333, 0.4667, 0.5, 0.5333, 0.5667, 0.6, 0.6333, 0.6667, 0.7, 0.7333, 0.7667, 0.8, 0.8333, 0.8667, 0.9, 0.9333, 0.9667, 1.0, 1.0333, 1.0667, 1.1, 1.1333, 1.1667, 1.2, 1.2333, 1.2667, 1.3, 1.3333, 1.3667, 1.4, 1.4333, 1.4667, 1.5, 1.5333, 1.5667, 1.6, 1.6333, 1.6667, 2.0],
            "transform": [
                [-0.391473, 0.79918, -0.456138, 0.024666, -0.460533, -0.599311, -0.65478, 0.021941, -0.796652, -0.046262, 0.602664, 0.122762, 0.0, 0.0, 0.0, 1.0],
                [-0.546151, 0.599848, -0.584727, 0.027216, -0.22168, -0.776663, -0.589644, 0.032348, -0.807794, -0.192421, 0.557149, 0.122397, 0.0, 0.0, 0.0, 1.0],
                [-0.559281, 0.179909, -0.809217, 0.029765, 0.050399, -0.966993, -0.249815, 0.042755, -0.82743, -0.180504, 0.531755, 0.122033, 0.0, 0.0, 0.0, 1.0],
                [-0.281038, -0.348344, -0.894246, 0.032315, 0.135981, -0.936853, 0.322206, 0.053163, -0.950013, -0.031048, 0.310661, 0.121668, 0.0, 0.0, 0.0, 1.0],
                [-0.064853, -0.572437, -0.817381, 0.034865, -0.124555, -0.808055, 0.57579, 0.06357, -0.99009, 0.13915, -0.018895, 0.121304, 0.0, 0.0, 0.0, 1.0],
                [-0.006452, -0.563364, -0.826184, 0.037415, -0.345669, -0.774012, 0.530489, 0.073977, -0.938335, 0.289009, -0.189744, 0.12094, 0.0, 0.0, 0.0, 1.0],
                [-0.029731, -0.533346, -0.845377, 0.053326, -0.247526, -0.815479, 0.52319, 0.075573, -0.968422, 0.224808, -0.107773, 0.124929, 0.0, 0.0, 0.0, 1.0],
                [-0.077539, -0.619761, -0.780952, 0.069236, -0.108879, -0.77336, 0.624548, 0.077169, -0.991026, 0.133456, -0.007514, 0.128919, 0.0, 0.0, 0.0, 1.0],
                [-0.128095, -0.748012, -0.651209, 0.085147, 0.00169, -0.656782, 0.754081, 0.078765, -0.991758, 0.095494, 0.085394, 0.132909, 0.0, 0.0, 0.0, 1.0],
                [-0.191678, -0.83347, -0.518257, 0.101057, 0.020918, -0.531397, 0.846866, 0.080361, -0.981233, 0.151485, 0.119292, 0.136898, 0.0, 0.0, 0.0, 1.0],
                [-0.27335, -0.824423, -0.495588, 0.116968, -0.030516, -0.507518, 0.861102, 0.081957, -0.96143, 0.250505, 0.113572, 0.140888, 0.0, 0.0, 0.0, 1.0],
                [-0.35159, -0.717268, -0.601591, 0.097875, -0.140457, -0.594927, 0.791413, 0.08441, -0.925557, 0.36275, 0.108425, 0.13107, 0.0, 0.0, 0.0, 1.0],
                [-0.408778, -0.472569, -0.780756, 0.078783, -0.292753, -0.742389, 0.602623, 0.086862, -0.864405, 0.474908, 0.165126, 0.121253, 0.0, 0.0, 0.0, 1.0],
                [-0.416335, -0.310654, -0.854494, 0.05969, -0.414209, -0.771821, 0.482414, 0.089315, -0.80938, 0.554784, 0.192661, 0.111435, 0.0, 0.0, 0.0, 1.0],
                [-0.421882, -0.191756, -0.886142, 0.040598, -0.496932, -0.768588, 0.402903, 0.091767, -0.758335, 0.610329, 0.228965, 0.101618, 0.0, 0.0, 0.0, 1.0],
                [-0.464674, -0.116229, -0.877821, 0.021505, -0.488444, -0.793238, 0.363588, 0.09422, -0.738579, 0.597716, 0.311827, 0.091801, 0.0, 0.0, 0.0, 1.0],
                [-0.518247, -0.078301, -0.85164, 0.015297, -0.420502, -0.843786, 0.333467, 0.088589, -0.744713, 0.530933, 0.404366, 0.097239, 0.0, 0.0, 0.0, 1.0],
                [-0.579095, -0.086382, -0.810671, 0.009088, -0.311724, -0.89535, 0.318084, 0.082958, -0.753309, 0.436907, 0.491567, 0.102678, 0.0, 0.0, 0.0, 1.0],
                [-0.63607, -0.104963, -0.76446, 0.00288, -0.186928, -0.940235, 0.284632, 0.077328, -0.748647, 0.323945, 0.578435, 0.108117, 0.0, 0.0, 0.0, 1.0],
                [-0.677257, -0.105806, -0.7281, -0.003328, -0.079204, -0.973369, 0.215121, 0.071697, -0.73147, 0.203361, 0.650843, 0.113556, 0.0, 0.0, 0.0, 1.0],
                [-0.681189, -0.04551, -0.730692, -0.009537, 0.04732, -0.998715, 0.018088, 0.066066, -0.730576, -0.022255, 0.682469, 0.118995, 0.0, 0.0, 0.0, 1.0],
                [-0.678174, 0.02645, -0.734426, 0.002048, 0.134444, -0.978022, -0.159371, 0.060055, -0.722498, -0.20682, 0.659714, 0.122072, 0.0, 0.0, 0.0, 1.0],
                [-0.692251, 0.026051, -0.721187, 0.013633, 0.0804, -0.990343, -0.112948, 0.054043, -0.717164, -0.136171, 0.683472, 0.12515, 0.0, 0.0, 0.0, 1.0],
                [-0.710758, -0.016229, -0.70325, 0.025217, 0.014298, -0.999861, 0.008622, 0.048031, -0.703291, -0.003927, 0.710893, 0.128228, 0.0, 0.0, 0.0, 1.0],
                [-0.734675, -0.14617, -0.662484, 0.036802, 0.043596, -0.984667, 0.168909, 0.042019, -0.677015, 0.095212, 0.729785, 0.131305, 0.0, 0.0, 0.0, 1.0],
                [-0.751711, -0.32178, -0.575664, 0.048387, 0.092618, -0.915747, 0.390934, 0.036007, -0.652956, 0.240553, 0.718181, 0.134383, 0.0, 0.0, 0.0, 1.0],
                [-0.757079, -0.519425, -0.396267, 0.052451, 0.145656, -0.725472, 0.672664, 0.028382, -0.636877, 0.451542, 0.624898, 0.127648, 0.0, 0.0, 0.0, 1.0],
                [-0.755624, -0.615965, -0.222754, 0.056516, 0.184659, -0.526613, 0.829808, 0.020757, -0.628437, 0.585888, 0.511666, 0.120913, 0.0, 0.0, 0.0, 1.0],
                [-0.754925, -0.646387, -0.110775, 0.06058, 0.201888, -0.38977, 0.898512, 0.013132, -0.623963, 0.655943, 0.424746, 0.114179, 0.0, 0.0, 0.0, 1.0],
                [-0.750717, -0.656465, -0.074006, 0.064644, 0.20481, -0.337782, 0.918672, 0.005508, -0.628073, 0.674505, 0.38803, 0.107444, 0.0, 0.0, 0.0, 1.0],
                [-0.754543, -0.654427, -0.048879, 0.068709, 0.167623, -0.264207, 0.949789, -0.002118, -0.634481, 0.708463, 0.309054, 0.100709, 0.0, 0.0, 0.0, 1.0],
                [-0.758752, -0.648363, -0.062613, 0.073157, 0.09993, -0.210849, 0.972399, -0.006086, -0.643669, 0.731551, 0.224773, 0.103055, 0.0, 0.0, 0.0, 1.0],
                [-0.75827, -0.644345, -0.099222, 0.077606, 0.026752, -0.18282, 0.982784, -0.010055, -0.65139, 0.74256, 0.155864, 0.105401, 0.0, 0.0, 0.0, 1.0],
                [-0.751375, -0.646039, -0.13442, 0.082054, -0.027391, -0.172994, 0.984544, -0.014025, -0.659306, 0.743442, 0.112288, 0.107746, 0.0, 0.0, 0.0, 1.0],
                [-0.739402, -0.648354, -0.181444, 0.086503, -0.053814, -0.211723, 0.975849, -0.017994, -0.67111, 0.731308, 0.121658, 0.110092, 0.0, 0.0, 0.0, 1.0],
                [-0.729325, -0.647415, -0.221219, 0.090951, -0.08246, -0.237803, 0.967808, -0.021963, -0.67918, 0.724086, 0.12005, 0.112437, 0.0, 0.0, 0.0, 1.0],
                [-0.718774, -0.64721, -0.253935, 0.088394, -0.108837, -0.255996, 0.960533, -0.015942, -0.686671, 0.718043, 0.113562, 0.115095, 0.0, 0.0, 0.0, 1.0],
                [-0.707693, -0.646018, -0.286059, 0.085837, -0.136421, -0.272318, 0.952489, -0.009922, -0.693223, 0.713093, 0.104588, 0.117752, 0.0, 0.0, 0.0, 1.0],
                [-0.69615, -0.645149, -0.314891, 0.083279, -0.161338, -0.286812, 0.944305, -0.003901, -0.699531, 0.70818, 0.095577, 0.120409, 0.0, 0.0, 0.0, 1.0],
                [-0.680257, -0.647932, -0.342687, 0.080722, -0.181393, -0.304171, 0.93519, 0.00212, -0.710173, 0.69833, 0.089384, 0.123067, 0.0, 0.0, 0.0, 1.0],
                [-0.660521, -0.653416, -0.369809, 0.078164, -0.193949, -0.327337, 0.92479, 0.00814, -0.725324, 0.682567, 0.089483, 0.125724, 0.0, 0.0, 0.0, 1.0],
                [-0.637259, -0.661369, -0.395588, 0.068307, -0.197883, -0.355677, 0.913421, 0.012481, -0.744809, 0.660366, 0.095785, 0.127303, 0.0, 0.0, 0.0, 1.0],
                [-0.610081, -0.67012, -0.422777, 0.058449, -0.191073, -0.393404, 0.899292, 0.01682, -0.768955, 0.629421, 0.111967, 0.128881, 0.0, 0.0, 0.0, 1.0],
                [-0.577494, -0.679562, -0.452433, 0.048591, -0.172141, -0.440364, 0.881163, 0.02116, -0.79804, 0.586748, 0.137327, 0.130459, 0.0, 0.0, 0.0, 1.0],
                [-0.542274, -0.685981, -0.485148, 0.038733, -0.139592, -0.495835, 0.857125, 0.0255, -0.828525, 0.532518, 0.173121, 0.132037, 0.0, 0.0, 0.0, 1.0],
                [-0.504528, -0.686927, -0.523052, 0.028876, -0.098392, -0.556116, 0.825261, 0.02984, -0.857771, 0.46783, 0.212988, 0.133615, 0.0, 0.0, 0.0, 1.0],
                [-0.466203, -0.678937, -0.567185, 0.016774, -0.053946, -0.618109, 0.78424, 0.031233, -0.88303, 0.396212, 0.251539, 0.132014, 0.0, 0.0, 0.0, 1.0],
                [-0.430405, -0.661437, -0.61421, 0.004672, -0.008374, -0.677506, 0.735471, 0.032625, -0.902596, 0.321693, 0.286064, 0.130413, 0.0, 0.0, 0.0, 1.0],
                [-0.394855, -0.635394, -0.6636, -0.00743, 0.034064, -0.731918, 0.680542, 0.034018, -0.918111, 0.24611, 0.310647, 0.128812, 0.0, 0.0, 0.0, 1.0],
                [-0.364637, -0.599822, -0.712218, -0.019532, 0.070651, -0.780497, 0.621156, 0.03541, -0.928464, 0.176178, 0.326977, 0.127211, 0.0, 0.0, 0.0, 1.0],
                [-0.239536, -0.593535, -0.768338, -0.031633, 0.042546, -0.797037, 0.602436, 0.036803, -0.969948, 0.111617, 0.216172, 0.125609, 0.0, 0.0, 0.0, 1.0],
                [0.944623, -0.062107, -0.322093, -0.125094, 0.027246, -0.963713, 0.265721, 0.007652, -0.326876, -0.259807, -0.908652, 0.000655, 0.0, 0.0, 0.0, 1.0]
            ]
        },
        {
            "name": "Leg_L",
            "time": [0.0, 0.0333, 0.0667, 0.1, 0.1333, 0.1667, 0.2, 0.2333, 0.2667, 0.3, 0.3333, 0.3667, 0.4, 0.4333, 0.4667, 0.5, 0.5333, 0.5667, 0.6, 0.6333, 0.6667, 0.7, 0.7333, 0.7667, 0.8, 0.8333, 0.8667, 0.9, 0.9333, 0.9667, 1.0, 1.0333, 1.0667, 1.1, 1.1333, 1.1667, 1.2, 1.2333, 1.2667, 1.3, 1.3333, 1.3667, 1.4, 1.4333, 1.4667, 1.5, 1.5333, 1.5667, 1.6, 1.6333, 2.0],
            "transform": [
                [1.000008, -0.001711, 0.000933, -0.0, 0.000932, 0.840312, 0.542094, 0.37472, -0.001712, -0.542094, 0.84031, -0.0, 0.0, 0.0, 0.0, 1.0],
                [0.999979, -0.001796, 0.000772, -0.0, 0.00077, 0.724736, 0.689042, 0.37472, -0.001797, -0.689057, 0.724718, -0.0, 0.0, 0.0, 0.0, 1.0],
                [0.999992, -0.001911, 0.000416, -0.0, 0.000414, 0.414745, 0.909935, 0.37472, -0.001912, -0.909949, 0.414738, -0.0, 0.0, 0.0, 0.0, 1.0],
                [1.000006, -0.001956, -7e-06, -0.0, -7e-06, -0.006825, 0.999976, 0.37472, -0.001956, -0.999969, -0.006825, 0.0, 0.0, 0.0, 0.0, 1.0],
                [1.000006, -0.001953, -0.0001, 0.0, -0.0001, -0.101808, 0.994803, 0.37472, -0.001953, -0.994797, -0.101809, -0.0, 0.0, 0.0, 0.0, 1.0],
                [1.000006, -0.001955, -2.6e-05, 0.0, -2.7e-05, -0.027166, 0.99963, 0.37472, -0.001955, -0.999623, -0.027167, -0.0, 0.0, 0.0, 0.0, 1.0],
                [1.000006, -0.001954, -7.6e-05, 0.0, -7.7e-05, -0.07851, 0.996912, 0.37472, -0.001954, -0.996906, -0.07851, -0.0, 0.0, 0.0, 0.0, 1.0],
                [1.000007, -0.001948, -0.000173, -0.0, -0.000174, -0.177019, 0.984206, 0.37472, -0.001948, -0.984199, -0.17702, -0.0, 0.0, 0.0, 0.0, 1.0],
                [1.000005, -0.001945, -0.000199, 0.0, -0.000201, -0.203395, 0.979096, 0.37472, -0.001945, -0.979091, -0.203396, 0.0, 0.0, 0.0, 0.0, 1.0],
                [1.000006, -0.001951, -0.000122, -0.0, -0.000124, -0.125722, 0.992064, 0.37472, -0.001951, -0.992057, -0.125722, -0.0, 0.0, 0.0, 0.0, 1.0],
                [1.000006, -0.001953, 8.4e-05, 0.0, 8.2e-05, 0.085062, 0.996374, 0.37472, -0.001953, -0.996368, 0.085063, 0.0, 0.0, 0.0, 0.0, 1.0],
                [1.000005, -0.001908, 0.000424, 0.0, 0.000422, 0.422931, 0.90616, 0.37472, -0.001908, -0.906154, 0.422932, 0.0, 0.0, 0.0, 0.0, 1.0],
                [1.000005, -0.001729, 0.00091, -0.0, 0.000908, 0.823488, 0.567326, 0.37472, -0.00173, -0.567323, 0.82349, 0.0, 0.0, 0.0, 0.0, 1.0],
                [1.000006, -0.001624, 0.001087, 0.0, 0.001085, 0.92408, 0.382185, 0.37472, -0.001625, -0.382182, 0.924083, 0.0, 0.0, 0.0, 0.0, 1.0],
                [1.000005, -0.001599, 0.001124, -0.0, 0.001123, 0.940571, 0.339585, 0.37472, -0.0016, -0.339583, 0.940572, 0.0, 0.0, 0.0, 0.0, 1.0],
                [1.000005, -0.001659, 0.001033, 0.0, 0.001031, 0.896668, 0.442695, 0.37472, -0.00166, -0.442693, 0.89667, -0.0, 0.0, 0.0, 0.0, 1.0],
                [1.000005, -0.001745, 0.000881, 0.0, 0.00088, 0.804102, 0.594485, 0.37472, -0.001746, -0.594483, 0.804102, 0.0, 0.0, 0.0, 0.0, 1.0],
                [1.000005, -0.001827, 0.000694, -0.0, 0.000692, 0.663177, 0.74846, 0.37472, -0.001828, -0.748456, 0.663178, 0.0, 0.0, 0.0, 0.0, 1.0],
                [1.000006, -0.001874, 0.000555, 0.0, 0.000554, 0.544189, 0.838959, 0.37472, -0.001875, -0.838954, 0.544191, -0.0, 0.0, 0.0, 0.0, 1.0],
                [1.000006, -0.001885, 0.000518, 0.0, 0.000518, 0.511294, 0.859403, 0.37472, -0.001885, -0.859398, 0.511296, 0.0, 0.0, 0.0, 0.0, 1.0],
                [1.000006, -0.001791, 0.000785, 0.0, 0.000784, 0.734874, 0.678198, 0.37472, -0.001791, -0.678195, 0.734875, 0.0, 0.0, 0.0, 0.0, 1.0],
                [1.000006, -0.001564, 0.001172, 0.0, 0.001171, 0.959486, 0.281741, 0.37472, -0.001565, -0.281739, 0.959487, -0.0, 0.0, 0.0, 0.0, 1.0],
                [1.000006, -0.001559, 0.001179, -0.0, 0.001178, 0.962001, 0.273027, 0.37472, -0.00156, -0.273024, 0.962003, 0.0, 0.0, 0.0, 0.0, 1.0],
                [1.000005, -0.001646, 0.001055, -0.0, 0.001053, 0.908258, 0.418402, 0.37472, -0.001646, -0.418399, 0.908259, 0.0, 0.0, 0.0, 0.0, 1.0],
                [1.000005, -0.001745, 0.000882, 0.0, 0.00088, 0.804534, 0.593901, 0.37472, -0.001746, -0.593898, 0.804536, -0.0, 0.0, 0.0, 0.0, 1.0],
                [1.000006, -0.00184, 0.00066, 0.0, 0.000658, 0.634818, 0.772657, 0.37472, -0.001841, -0.772653, 0.63482, 0.0, 0.0, 0.0, 0.0, 1.0],
                [1.000005, -0.001938, 0.000261, 0.0, 0.00026, 0.264106, 0.964492, 0.37472, -0.001938, -0.964487, 0.264107, -0.0, 0.0, 0.0, 0.0, 1.0],
                [1.000005, -0.001955, 4e-06, 0.0, 4e-06, 0.003902, 0.999991, 0.37472, -0.001956, -0.999985, 0.003902, -0.0, 0.0, 0.0, 0.0, 1.0],
                [1.000006, -0.001952, -0.000123, 0.0, -0.000123, -0.125722, 0.992065, 0.37472, -0.001952, -0.992057, -0.125722, -0.0, 0.0, 0.0, 0.0, 1.0],
                [1.000006, -0.001951, -0.000135, -0.0, -0.000135, -0.137557, 0.990493, 0.37472, -0.001951, -0.990487, -0.137558, -0.0, 0.0, 0.0, 0.0, 1.0],
