{
    "animation": [
        {
            "name": "Root",
            "time": [0.0, 0.2333, 0.2667, 0.3, 0.3333, 0.3667, 0.4, 0.4333, 0.4667, 0.5, 0.5333, 0.5667, 0.6, 0.6333, 0.6667, 0.7, 0.7333, 0.7667, 0.8, 0.8333, 0.8667, 0.9, 0.9333, 0.9667],
            "transform": [
                [0.907198, 0.000421, -0.420704, -0.10386, -0.420638, 0.018703, -0.907037, -0.167926, 0.007487, 0.999825, 0.017144, 0.674235, 0.0, 0.0, 0.0, 1.0],
                [-0.079445, 0.051205, -0.995525, -0.090033, -0.965196, 0.245678, 0.089662, -0.337578, 0.249169, 0.967999, 0.029905, 0.018191, 0.0, 0.0, 0.0, 1.0],
                [-0.077473, 0.056443, -0.995396, -0.089427, -0.954557, 0.283992, 0.090397, -0.347463, 0.287786, 0.957165, 0.031876, -0.004699, 0.0, 0.0, 0.0, 1.0],
                [-0.070794, 0.063092, -0.995495, -0.089302, -0.943936, 0.318376, 0.087306, -0.352645, 0.322449, 0.945863, 0.037016, -0.026238, 0.0, 0.0, 0.0, 1.0],
                [-0.062309, 0.072163, -0.995445, -0.089544, -0.933432, 0.348852, 0.083717, -0.354231, 0.353305, 0.934395, 0.045622, -0.046408, 0.0, 0.0, 0.0, 1.0],
                [-0.047508, 0.08044, -0.995627, -0.09005, -0.923311, 0.376759, 0.074497, -0.353291, 0.381103, 0.922813, 0.056372, -0.063132, 0.0, 0.0, 0.0, 1.0],
                [-0.03225, 0.088465, -0.995558, -0.090705, -0.91466, 0.39895, 0.06508, -0.350996, 0.402935, 0.912695, 0.068049, -0.079886, 0.0, 0.0, 0.0, 1.0],
                [-0.014631, 0.094906, -0.99538, -0.091402, -0.905329, 0.421332, 0.05348, -0.348395, 0.42446, 0.901927, 0.079757, -0.093427, 0.0, 0.0, 0.0, 1.0],
                [0.001805, 0.098874, -0.9951, -0.092031, -0.898129, 0.437734, 0.041865, -0.346645, 0.439727, 0.893652, 0.089591, -0.106369, 0.0, 0.0, 0.0, 1.0],
                [0.022204, 0.100409, -0.9947, -0.092685, -0.890315, 0.454602, 0.026015, -0.346454, 0.454805, 0.885017, 0.09949, -0.1176, 0.0, 0.0, 0.0, 1.0],
                [0.0507, 0.096845, -0.994009, -0.093496, -0.883469, 0.468489, 0.000582, -0.34684, 0.465738, 0.878146, 0.109312, -0.126614, 0.0, 0.0, 0.0, 1.0],
                [0.078572, 0.093274, -0.992536, -0.094414, -0.878123, 0.477802, -0.024613, -0.346351, 0.471939, 0.873503, 0.119449, -0.133699, 0.0, 0.0, 0.0, 1.0],
                [0.105452, 0.089923, -0.990352, -0.095388, -0.874973, 0.481642, -0.049434, -0.343538, 0.472549, 0.871742, 0.129471, -0.139142, 0.0, 0.0, 0.0, 1.0],
                [0.128024, 0.087619, -0.987895, -0.096371, -0.875372, 0.478205, -0.071029, -0.336907, 0.466191, 0.873868, 0.137921, -0.140927, 0.0, 0.0, 0.0, 1.0],
                [0.14286, 0.0882, -0.985807, -0.097315, -0.880825, 0.465568, -0.085992, -0.325053, 0.451374, 0.880606, 0.1442, -0.141576, 0.0, 0.0, 0.0, 1.0],
                [0.081887, 0.108986, -0.990666, -0.098391, -0.948497, 0.313734, -0.043886, -0.241828, 0.306022, 0.943236, 0.129064, -0.099038, 0.0, 0.0, 0.0, 1.0],
                [-0.178115, 0.301573, -0.93666, 0.207927, -0.831142, 0.463455, 0.307267, 0.029168, 0.526762, 0.833225, 0.168102, -0.006665, 0.0, 0.0, 0.0, 1.0],
                [-0.343437, 0.450159, -0.824263, 0.781894, -0.658786, 0.510044, 0.553044, 0.380141, 0.669367, 0.732947, 0.12139, 0.152113, 0.0, 0.0, 0.0, 1.0],
                [-0.36948, 0.285652, -0.884245, 1.626682, -0.813971, 0.359545, 0.456267, 0.824474, 0.448259, 0.88833, 0.099668, 0.475802, 0.0, 0.0, 0.0, 1.0],
                [-0.254464, 0.020414, -0.966868, 2.419626, -0.960532, 0.11084, 0.255137, 1.337489, 0.112376, 0.993628, -0.008597, 0.823786, 0.0, 0.0, 0.0, 1.0],
                [-0.084841, -0.201638, -0.97578, 2.769258, -0.994563, -0.042211, 0.095197, 1.968243, -0.060384, 0.978551, -0.19696, 1.089975, 0.0, 0.0, 0.0, 1.0],
                [0.091635, -0.359813, -0.928514, 2.989319, -0.984997, -0.169682, -0.031455, 2.509592, -0.146234, 0.917465, -0.369964, 1.268965, 0.0, 0.0, 0.0, 1.0],
                [0.177725, -0.396284, -0.900763, 3.38378, -0.947128, -0.317361, -0.047252, 2.71623, -0.267142, 0.861534, -0.431735, 1.268351, 0.0, 0.0, 0.0, 1.0],
                [0.291994, -0.383406, -0.876209, 3.590442, -0.912833, -0.385136, -0.135674, 2.751554, -0.285441, 0.839447, -0.462443, 1.243161, 0.0, 0.0, 0.0, 1.0]
            ]
        },
        {
            "name": "Thigh_R",
            "time": [0.0, 0.1667, 0.2333, 0.2667, 0.3, 0.3333, 0.3667, 0.4, 0.4333, 0.4667, 0.5, 0.5333, 0.5667, 0.6, 0.6333, 0.6667, 0.7, 0.7333, 0.7667, 0.8, 0.8333, 0.8667, 0.9, 0.9333, 0.9667],
            "transform": [
                [0.945483, 0.067158, 0.318675, 0.133847, 0.064694, -0.997738, 0.018325, 0.001085, 0.319184, 0.00329, -0.947687, 0.043038, 0.0, 0.0, 0.0, 1.0],
                [0.634285, -0.498141, -0.591211, 0.088191, -0.226808, -0.851029, 0.47366, 0.113931, -0.739037, -0.166354, -0.652777, -0.116806, 0.0, 0.0, 0.0, 1.0],
                [0.23872, -0.674258, -0.698877, 0.064432, -0.162558, -0.737312, 0.655741, 0.092891, -0.957337, -0.042934, -0.285618, -0.114218, 0.0, 0.0, 0.0, 1.0],
                [0.237575, -0.731084, -0.639626, 0.052553, -0.180694, -0.680283, 0.710357, 0.08237, -0.954366, -0.053191, -0.29372, -0.112925, 0.0, 0.0, 0.0, 1.0],
                [0.236853, -0.774873, -0.586111, 0.040674, -0.192352, -0.628769, 0.753449, 0.07185, -0.952264, -0.065723, -0.297974, -0.111631, 0.0, 0.0, 0.0, 1.0],
                [0.237483, -0.80802, -0.539225, 0.028794, -0.19858, -0.583796, 0.78726, 0.06133, -0.950829, -0.079889, -0.299099, -0.110338, 0.0, 0.0, 0.0, 1.0],
                [0.238499, -0.833217, -0.498929, 0.02277, -0.200518, -0.544963, 0.814146, 0.058622, -0.950167, -0.094137, -0.297049, -0.116534, 0.0, 0.0, 0.0, 1.0],
                [0.240156, -0.852379, -0.464587, 0.016746, -0.200712, -0.51188, 0.835295, 0.055915, -0.949708, -0.107363, -0.294014, -0.122731, 0.0, 0.0, 0.0, 1.0],
                [0.24237, -0.866939, -0.43559, 0.010721, -0.199292, -0.483917, 0.852131, 0.053207, -0.949446, -0.119732, -0.290061, -0.128928, 0.0, 0.0, 0.0, 1.0],
                [0.244771, -0.878662, -0.410012, 0.004697, -0.199988, -0.459559, 0.865348, 0.050499, -0.948682, -0.129827, -0.288209, -0.135125, 0.0, 0.0, 0.0, 1.0],
                [0.247147, -0.889637, -0.384101, -0.001327, -0.200754, -0.434832, 0.877858, 0.047792, -0.947905, -0.139863, -0.286066, -0.141321, 0.0, 0.0, 0.0, 1.0],
                [0.252265, -0.897306, -0.362319, 0.001076, -0.201933, -0.415023, 0.887126, 0.057184, -0.946305, -0.15064, -0.285892, -0.135069, 0.0, 0.0, 0.0, 1.0],
                [0.258424, -0.901228, -0.347962, 0.003479, -0.200686, -0.402446, 0.893183, 0.066576, -0.944907, -0.161004, -0.284865, -0.128816, 0.0, 0.0, 0.0, 1.0],
                [0.266232, -0.900154, -0.34484, 0.005881, -0.197307, -0.40109, 0.894544, 0.075968, -0.943451, -0.170132, -0.28439, -0.122563, 0.0, 0.0, 0.0, 1.0],
                [0.275391, -0.892244, -0.357952, 0.008284, -0.189637, -0.415478, 0.889623, 0.08536, -0.942393, -0.17713, -0.283622, -0.11631, 0.0, 0.0, 0.0, 1.0],
                [0.284721, -0.875454, -0.390613, 0.010687, -0.177677, -0.448637, 0.875884, 0.094752, -0.941951, -0.179997, -0.283285, -0.110057, 0.0, 0.0, 0.0, 1.0],
                [0.294552, -0.678056, -0.673436, 0.059774, -0.085617, -0.720628, 0.688052, 0.087259, -0.951744, -0.145022, -0.270315, -0.101426, 0.0, 0.0, 0.0, 1.0],
                [0.246024, -0.778334, -0.577685, 0.10886, 0.085924, -0.576171, 0.81282, 0.079766, -0.965401, -0.249633, -0.074874, -0.092795, 0.0, 0.0, 0.0, 1.0],
                [0.198776, -0.895324, -0.398694, 0.157946, 0.258055, -0.344655, 0.902567, 0.072274, -0.945412, -0.282319, 0.162533, -0.084164, 0.0, 0.0, 0.0, 1.0],
                [0.06595, -0.896336, -0.438529, 0.207032, 0.42119, -0.373419, 0.826532, 0.064781, -0.904521, -0.239236, 0.3529, -0.075533, 0.0, 0.0, 0.0, 1.0],
                [-0.085587, -0.901976, -0.42331, 0.256118, 0.515062, -0.403761, 0.756095, 0.057288, -0.852815, -0.153333, 0.49913, -0.066902, 0.0, 0.0, 0.0, 1.0],
                [-0.181483, -0.91356, -0.364075, 0.242184, 0.525785, -0.403022, 0.749075, 0.073764, -0.830976, -0.055486, 0.553477, -0.077948, 0.0, 0.0, 0.0, 1.0],
                [-0.212593, -0.643932, -0.734977, 0.228249, 0.448864, -0.732502, 0.511855, 0.090241, -0.867889, -0.221109, 0.444763, -0.088995, 0.0, 0.0, 0.0, 1.0],
                [-0.160912, -0.733954, -0.659901, 0.214315, 0.135901, -0.678754, 0.721711, 0.106718, -0.977521, 0.026453, 0.208964, -0.100041, 0.0, 0.0, 0.0, 1.0],
                [-0.047866, -0.757913, -0.65064, 0.200381, 0.008305, -0.651698, 0.758461, 0.123194, -0.998773, 0.030903, 0.037488, -0.111088, 0.0, 0.0, 0.0, 1.0]
            ]
        },
        {
            "name": "Leg_R",
            "time": [0.0, 0.2333, 0.2667, 0.3, 0.3333, 0.3667, 0.4, 0.4333, 0.4667, 0.5, 0.5333, 0.5667, 0.6, 0.6333, 0.6667, 0.7, 0.7333, 0.7667, 0.8, 0.8333, 0.8667, 0.9, 0.9333, 0.9667],
            "transform": [
                [1.000002, 0.001608, -0.001109, -0.0, -0.00111, 0.934967, 0.354727, 0.37472, 0.001607, -0.354724, 0.934969, -0.0, 0.0, 0.0, 0.0, 1.0],
                [0.999956, -0.00195, 0.000155, 0.0, 0.000155, 0.158313, 0.987356, 0.37472, -0.00195, -0.987469, 0.158295, 0.0, 0.0, 0.0, 0.0, 1.0],
                [0.999954, -0.001955, 8.2e-05, -0.0, 8.1e-05, 0.083199, 0.996497, 0.37472, -0.001955, -0.996614, 0.08319, -0.0, 0.0, 0.0, 0.0, 1.0],
                [0.999954, -0.001957, 1.7e-05, 0.0, 1.7e-05, 0.017507, 0.999809, 0.37472, -0.001956, -0.999927, 0.017505, 0.0, 0.0, 0.0, 0.0, 1.0],
                [0.999956, -0.001956, -4.3e-05, 0.0, -4.4e-05, -0.04444, 0.998976, 0.37472, -0.001955, -0.999091, -0.044435, -0.0, 0.0, 0.0, 0.0, 1.0],
                [0.999956, -0.001954, -9.3e-05, 0.0, -9.4e-05, -0.095323, 0.995411, 0.37472, -0.001954, -0.995526, -0.095312, 0.0, 0.0, 0.0, 0.0, 1.0],
                [0.999955, -0.001951, -0.000137, -0.0, -0.000136, -0.139383, 0.990204, 0.37472, -0.001951, -0.990317, -0.139367, 0.0, 0.0, 0.0, 0.0, 1.0],
                [0.999955, -0.001949, -0.000175, -0.0, -0.000175, -0.177921, 0.984013, 0.37472, -0.001948, -0.984125, -0.1779, 0.0, 0.0, 0.0, 0.0, 1.0],
                [0.999955, -0.001945, -0.000209, -0.0, -0.000209, -0.212109, 0.977216, 0.37472, -0.001945, -0.977326, -0.212085, 0.0, 0.0, 0.0, 0.0, 1.0],
                [0.999955, -0.001942, -0.000239, 0.0, -0.000238, -0.242173, 0.970205, 0.37472, -0.001942, -0.970312, -0.242146, -0.0, 0.0, 0.0, 0.0, 1.0],
                [0.999956, -0.001938, -0.000262, 0.0, -0.000262, -0.265803, 0.964, 0.37472, -0.001938, -0.964106, -0.265774, -0.0, 0.0, 0.0, 0.0, 1.0],
                [0.999955, -0.001936, -0.000281, -0.0, -0.000281, -0.284108, 0.958767, 0.37472, -0.001936, -0.958873, -0.284076, 0.0, 0.0, 0.0, 0.0, 1.0],
                [0.999956, -0.001934, -0.000293, -0.0, -0.000292, -0.295635, 0.955276, 0.37472, -0.001934, -0.955379, -0.295602, -0.0, 0.0, 0.0, 0.0, 1.0],
                [0.999955, -0.001934, -0.000297, -0.0, -0.000296, -0.29973, 0.954, 0.37472, -0.001934, -0.954103, -0.299697, -0.0, 0.0, 0.0, 0.0, 1.0],
                [0.999956, -0.001934, -0.000291, 0.0, -0.000292, -0.294816, 0.95553, 0.37472, -0.001934, -0.955632, -0.294783, 0.0, 0.0, 0.0, 0.0, 1.0],
                [0.999956, -0.001952, -0.000128, 0.0, -0.000127, -0.130295, 0.991441, 0.37472, -0.001952, -0.991555, -0.130279, 0.0, 0.0, 0.0, 0.0, 1.0],
                [0.999956, -0.001941, -0.000241, 0.0, -0.000241, -0.244723, 0.969565, 0.37472, -0.001941, -0.969672, -0.244695, -0.0, 0.0, 0.0, 0.0, 1.0],
                [0.999956, -0.001916, -0.000396, -0.0, -0.000396, -0.396692, 0.917938, 0.37472, -0.001916, -0.91803, -0.396651, 0.0, 0.0, 0.0, 0.0, 1.0],
                [0.999956, -0.00187, -0.000574, -0.0, -0.000574, -0.561218, 0.827674, 0.37472, -0.00187, -0.827745, -0.561169, 0.0, 0.0, 0.0, 0.0, 1.0],
                [0.999955, -0.001867, -0.000584, 0.0, -0.000583, -0.569593, 0.821936, 0.37472, -0.001867, -0.822006, -0.569543, -0.0, 0.0, 0.0, 0.0, 1.0],
                [0.999954, -0.001955, -2.4e-05, 0.0, -2.3e-05, -0.024276, 0.999669, 0.37472, -0.001955, -0.999786, -0.024273, 0.0, 0.0, 0.0, 0.0, 1.0],
                [0.999955, -0.001702, 0.000962, -0.0, 0.00096, 0.856329, 0.516496, 0.37472, -0.001703, -0.516519, 0.856287, 0.0, 0.0, 0.0, 0.0, 1.0],
                [0.999954, -0.001952, 0.00013, 0.0, 0.000131, 0.133026, 0.991078, 0.37472, -0.001952, -0.991193, 0.13301, 0.0, 0.0, 0.0, 0.0, 1.0],
                [0.999956, -0.001953, -0.000102, 0.0, -0.000101, -0.103667, 0.994577, 0.37472, -0.001953, -0.994691, -0.103655, 0.0, 0.0, 0.0, 0.0, 1.0]
            ]
        },
        {
            "name": "Knee_R",
            "time": [0.0, 0.9667],
            "transform": [
                [1.0, 0.0, -0.0, -0.0, -0.0, 1e-06, -1.0, 0.37472, -0.0, 1.0, 1e-06, -0.0, 0.0, 0.0, 0.0, 1.0],
                [1.0, 0.0, -0.0, 0.0, -0.0, 1e-06, -1.0, 0.37472, -0.0, 1.0, 1e-06, 0.0, 0.0, 0.0, 0.0, 1.0]
            ]
        },
        {
            "name": "Thigh_L",
            "time": [0.0, 0.2333, 0.2667, 0.3, 0.3333, 0.3667, 0.4, 0.4333, 0.4667, 0.5, 0.5333, 0.5667, 0.6, 0.6333, 0.6667, 0.7, 0.7333, 0.7667, 0.8, 0.8333, 0.8667, 0.9, 0.9333, 0.9667],
            "transform": [
                [0.944623, -0.062107, -0.322093, -0.125094, 0.027246, -0.963713, 0.265721, 0.007652, -0.326876, -0.259807, -0.908652, 0.000655, 0.0, 0.0, 0.0, 1.0],
                [0.037536, -0.919813, -0.39056, 0.069377, 0.067881, -0.387586, 0.919332, 0.011679, -0.996985, -0.061019, 0.047889, 0.095354, 0.0, 0.0, 0.0, 1.0],
                [0.028352, -0.952132, -0.304376, 0.097159, 0.075043, -0.301612, 0.950474, 0.012254, -0.996775, -0.04979, 0.062899, 0.108882, 0.0, 0.0, 0.0, 1.0],
                [0.024316, -0.97319, -0.228724, 0.12494, 0.087299, -0.225851, 0.970243, 0.012829, -0.995883, -0.04356, 0.079467, 0.122411, 0.0, 0.0, 0.0, 1.0],
                [0.025459, -0.986369, -0.162569, 0.152722, 0.102401, -0.159194, 0.981924, 0.013405, -0.994416, -0.041646, 0.096952, 0.135939, 0.0, 0.0, 0.0, 1.0],
                [0.030917, -0.993913, -0.105754, 0.145001, 0.11879, -0.101401, 0.987729, 0.008853, -0.992436, -0.0431, 0.114932, 0.132674, 0.0, 0.0, 0.0, 1.0],
                [0.039648, -0.997556, -0.05755, 0.13728, 0.136115, -0.051666, 0.989347, 0.004301, -0.989897, -0.047059, 0.133734, 0.129408, 0.0, 0.0, 0.0, 1.0],
                [0.049309, -0.998673, -0.014928, 0.129559, 0.151721, -0.007284, 0.988398, -0.00025, -0.98719, -0.051002, 0.15116, 0.126143, 0.0, 0.0, 0.0, 1.0],
                [0.060333, -0.998013, 0.018281, 0.121838, 0.165723, 0.028075, 0.985774, -0.004802, -0.984322, -0.056445, 0.167088, 0.122877, 0.0, 0.0, 0.0, 1.0],
                [0.073693, -0.995991, 0.050757, 0.114118, 0.177376, 0.063174, 0.982115, -0.009353, -0.981377, -0.063372, 0.18132, 0.119612, 0.0, 0.0, 0.0, 1.0],
                [0.091181, -0.992916, 0.0762, 0.121817, 0.188178, 0.09232, 0.977787, -0.014495, -0.97789, -0.074817, 0.195263, 0.11735, 0.0, 0.0, 0.0, 1.0],
                [0.110911, -0.989541, 0.092262, 0.129516, 0.197845, 0.112961, 0.973704, -0.019637, -0.973934, -0.089742, 0.208305, 0.115088, 0.0, 0.0, 0.0, 1.0],
                [0.128859, -0.987082, 0.095227, 0.137215, 0.206566, 0.120639, 0.970968, -0.024778, -0.969907, -0.105447, 0.219443, 0.112827, 0.0, 0.0, 0.0, 1.0],
                [0.142995, -0.986322, 0.08201, 0.144914, 0.214563, 0.111784, 0.970293, -0.02992, -0.966183, -0.121151, 0.227613, 0.110565, 0.0, 0.0, 0.0, 1.0],
                [0.150625, -0.987209, 0.052287, 0.152613, 0.220913, 0.085165, 0.971569, -0.035061, -0.963588, -0.134792, 0.230915, 0.108303, 0.0, 0.0, 0.0, 1.0],
                [0.097707, -0.960596, -0.260214, 0.133102, 0.211532, -0.235445, 0.94859, -0.038256, -0.972473, -0.147728, 0.180192, 0.107681, 0.0, 0.0, 0.0, 1.0],
                [0.030573, -0.822739, -0.567597, 0.113591, 0.075951, -0.564308, 0.822064, -0.041451, -0.996642, -0.068242, 0.045235, 0.107058, 0.0, 0.0, 0.0, 1.0],
                [0.058325, -0.423534, -0.904002, 0.094079, 0.058401, -0.902544, 0.42662, -0.044646, -0.996586, -0.077677, -0.027906, 0.106436, 0.0, 0.0, 0.0, 1.0],
                [0.156372, 0.129788, -0.979135, 0.074568, -0.115781, -0.982089, -0.14867, -0.047841, -0.980884, 0.136615, -0.138545, 0.105814, 0.0, 0.0, 0.0, 1.0],
                [0.349424, 0.258778, -0.900521, 0.055056, -0.313798, -0.873282, -0.372712, -0.051036, -0.882851, 0.412819, -0.223942, 0.105191, 0.0, 0.0, 0.0, 1.0],
                [0.388535, -0.011134, -0.921368, 0.035545, -0.207427, -0.97532, -0.075687, -0.054231, -0.897779, 0.220525, -0.381256, 0.104569, 0.0, 0.0, 0.0, 1.0],
                [0.298397, -0.205339, -0.932093, 0.016033, 0.06823, -0.969497, 0.235422, -0.057426, -0.951997, -0.133846, -0.275285, 0.103946, 0.0, 0.0, 0.0, 1.0],
                [0.337655, -0.248173, -0.907965, -0.003478, -0.016636, -0.966041, 0.257859, -0.060621, -0.941121, -0.071962, -0.330318, 0.103324, 0.0, 0.0, 0.0, 1.0],
                [0.432828, -0.431037, -0.791751, -0.022989, -0.22126, -0.902212, 0.370216, -0.063816, -0.873899, 0.014943, -0.485876, 0.102701, 0.0, 0.0, 0.0, 1.0]
            ]
        },
        {
            "name": "Leg_L",
            "time": [0.0, 0.2333, 0.2667, 0.3, 0.3333, 0.3667, 0.4, 0.4333, 0.4667, 0.5, 0.5333, 0.5667, 0.6, 0.6333, 0.6667, 0.7, 0.7333, 0.7667, 0.8, 0.8333, 0.8667, 0.9, 0.9333, 0.9667],
            "transform": [
                [0.999952, -0.001592, 0.001135, 0.0, 0.001134, 0.945054, 0.327033, 0.37472, -0.001593, -0.327044, 0.945015, 0.0, 0.0, 0.0, 0.0, 1.0],
                [1.000002, -0.001941, 0.000232, -0.0, 0.00023, 0.234478, 0.972119, 0.37472, -0.001941, -0.972118, 0.234478, -0.0, 0.0, 0.0, 0.0, 1.0],
                [1.000001, -0.001947, 0.000169, 0.0, 0.000167, 0.171691, 0.985149, 0.37472, -0.001947, -0.985149, 0.171691, -0.0, 0.0, 0.0, 0.0, 1.0],
                [1.000003, -0.001951, 0.000113, 0.0, 0.000111, 0.114723, 0.993395, 0.37472, -0.001951, -0.993394, 0.114723, 0.0, 0.0, 0.0, 0.0, 1.0],
                [1.000003, -0.001954, 6.3e-05, -0.0, 6.1e-05, 0.063441, 0.997983, 0.37472, -0.001954, -0.997982, 0.06344, -0.0, 0.0, 0.0, 0.0, 1.0],
                [1.000003, -0.001954, 1.8e-05, -0.0, 1.6e-05, 0.017505, 0.999845, 0.37472, -0.001954, -0.999844, 0.017505, -0.0, 0.0, 0.0, 0.0, 1.0],
                [1.000003, -0.001954, -2.6e-05, -0.0, -2.9e-05, -0.028132, 0.999604, 0.37472, -0.001954, -0.999599, -0.028132, 0.0, 0.0, 0.0, 0.0, 1.0],
                [1.000003, -0.001954, -6.1e-05, 0.0, -6.5e-05, -0.064389, 0.997924, 0.37472, -0.001954, -0.997921, -0.064389, 0.0, 0.0, 0.0, 0.0, 1.0],
                [1.000002, -0.001952, -9.2e-05, -0.0, -9.5e-05, -0.095316, 0.995445, 0.37472, -0.001952, -0.995444, -0.095316, 0.0, 0.0, 0.0, 0.0, 1.0],
                [1.000003, -0.001951, -0.000117, -0.0, -0.000119, -0.120234, 0.992744, 0.37472, -0.001951, -0.992742, -0.120234, -0.0, 0.0, 0.0, 0.0, 1.0],
                [1.000003, -0.001949, -0.000134, 0.0, -0.000137, -0.138466, 0.990365, 0.37472, -0.001949, -0.990363, -0.138466, 0.0, 0.0, 0.0, 0.0, 1.0],
                [1.000002, -0.001949, -0.000146, -0.0, -0.000149, -0.150215, 0.988652, 0.37472, -0.001948, -0.98865, -0.150215, -0.0, 0.0, 0.0, 0.0, 1.0],
                [1.000004, -0.001949, -0.000154, 0.0, -0.000157, -0.158571, 0.987346, 0.37472, -0.001949, -0.987342, -0.158571, -0.0, 0.0, 0.0, 0.0, 1.0],
                [1.000003, -0.001947, -0.000162, -0.0, -0.000165, -0.166915, 0.98597, 0.37472, -0.001947, -0.985967, -0.166915, -0.0, 0.0, 0.0, 0.0, 1.0],
                [1.000003, -0.001947, -0.000171, 0.0, -0.000173, -0.175247, 0.984524, 0.37472, -0.001947, -0.98452, -0.175247, 0.0, 0.0, 0.0, 0.0, 1.0],
                [1.000002, -0.00195, -0.000128, -0.0, -0.000129, -0.131195, 0.991355, 0.37472, -0.00195, -0.991353, -0.131196, -0.0, 0.0, 0.0, 0.0, 1.0],
                [1.000002, -0.001947, 0.000164, 0.0, 0.000162, 0.166349, 0.986066, 0.37472, -0.001948, -0.986064, 0.166349, 0.0, 0.0, 0.0, 0.0, 1.0],
                [1.000002, -0.001753, 0.000864, -0.0, 0.000862, 0.792252, 0.610191, 0.37472, -0.001754, -0.610187, 0.792255, 0.0, 0.0, 0.0, 0.0, 1.0],
                [1.000002, -0.001624, 0.001089, -0.0, 0.001086, 0.924349, 0.381537, 0.37472, -0.001626, -0.381532, 0.924356, -0.0, 0.0, 0.0, 0.0, 1.0],
                [1.000003, -0.001832, 0.000688, 0.0, 0.000683, 0.656334, 0.754468, 0.37472, -0.001834, -0.75446, 0.656339, 0.0, 0.0, 0.0, 0.0, 1.0],
                [1.000004, -0.001954, -0.000108, 0.0, -0.000115, -0.113829, 0.9935, 0.37472, -0.001954, -0.993495, -0.113829, 0.0, 0.0, 0.0, 0.0, 1.0],
                [1.000004, -0.001917, -0.000392, -0.0, -0.000392, -0.392858, 0.919597, 0.37472, -0.001917, -0.919593, -0.392859, 0.0, 0.0, 0.0, 0.0, 1.0],
                [1.000005, -0.001879, -0.000545, 0.0, -0.000546, -0.535572, 0.844487, 0.37472, -0.001879, -0.844482, -0.535574, 0.0, 0.0, 0.0, 0.0, 1.0],
                [1.000005, -0.001843, -0.000658, -0.0, -0.000661, -0.634819, 0.772658, 0.37472, -0.001842, -0.772655, -0.634819, 0.0, 0.0, 0.0, 0.0, 1.0]
            ]
        },
        {
            "name": "Knee_L",
            "time": [0.0, 0.9667],
            "transform": [
                [1.0, 0.0, -0.0, 0.0, -0.0, 1e-06, -1.0, 0.37472, -0.0, 1.0, 1e-06, 0.0, 0.0, 0.0, 0.0, 1.0],
                [1.0, 0.0, -0.0, -0.0, -0.0, 1e-06, -1.0, 0.37472, -0.0, 1.0, 1e-06, 0.0, 0.0, 0.0, 0.0, 1.0]
            ]
        },
        {
            "name": "Torso",
            "time": [0.0, 0.2333, 0.2667, 0.3, 0.3333, 0.3667, 0.4, 0.4333, 0.4667, 0.5, 0.5333, 0.5667, 0.6, 0.6333, 0.6667, 0.7, 0.7333, 0.7667, 0.8, 0.8333, 0.8667, 0.9, 0.9333, 0.9667],
            "transform": [
                [0.9154, 0.015761, -0.402236, -0.0, 0.022813, 0.995596, 0.090928, 0.05, 0.401898, -0.092412, 0.911009, -0.0, 0.0, 0.0, 0.0, 1.0],
                [-0.343966, -0.762807, 0.547554, 0.0, -0.015308, 0.587616, 0.808997, 0.05, -0.938853, 0.269888, -0.213797, -0.0, 0.0, 0.0, 0.0, 1.0],
                [-0.377272, -0.762735, 0.525266, 0.0, -0.035315, 0.578616, 0.814836, 0.05, -0.925426, 0.288866, -0.245232, -0.0, 0.0, 0.0, 0.0, 1.0],
                [-0.407283, -0.75628, 0.512019, -0.0, -0.050201, 0.578317, 0.814269, 0.05, -0.911918, 0.305936, -0.273504, -0.0, 0.0, 0.0, 0.0, 1.0],
                [-0.434099, -0.747406, 0.502934, -0.0, -0.063839, 0.582397, 0.810395, 0.05, -0.898598, 0.319685, -0.300533, -0.0, 0.0, 0.0, 0.0, 1.0],
                [-0.454862, -0.735895, 0.501559, -0.0, -0.071737, 0.591643, 0.803003, 0.05, -0.887664, 0.329278, -0.321907, 0.0, 0.0, 0.0, 0.0, 1.0],
                [-0.472236, -0.724446, 0.502167, -0.0, -0.079538, 0.602389, 0.794232, 0.05, -0.877874, 0.335124, -0.342091, 0.0, 0.0, 0.0, 0.0, 1.0],
                [-0.482166, -0.715696, 0.505269, -0.0, -0.083267, 0.611565, 0.786802, 0.05, -0.872112, 0.337297, -0.35447, -0.0, 0.0, 0.0, 0.0, 1.0],
                [-0.489756, -0.7087, 0.507823, 0.0, -0.08739, 0.619431, 0.780173, 0.05, -0.867465, 0.337718, -0.365304, 0.0, 0.0, 0.0, 0.0, 1.0],
                [-0.484296, -0.706066, 0.516653, -0.0, -0.085897, 0.626046, 0.775043, 0.05, -0.870675, 0.330972, -0.36384, 0.0, 0.0, 0.0, 0.0, 1.0],
                [-0.464171, -0.70592, 0.535, -0.0, -0.078352, 0.634369, 0.769052, 0.05, -0.88227, 0.315055, -0.349766, -0.0, 0.0, 0.0, 0.0, 1.0],
                [-0.441284, -0.705817, 0.554159, 0.0, -0.067739, 0.641979, 0.763726, 0.05, -0.894804, 0.299484, -0.331106, -0.0, 0.0, 0.0, 0.0, 1.0],
                [-0.414211, -0.708707, 0.57111, 0.0, -0.060719, 0.647588, 0.75957, 0.05, -0.90815, 0.279946, -0.311271, 0.0, 0.0, 0.0, 0.0, 1.0],
                [-0.387536, -0.717659, 0.578604, -0.0, -0.05882, 0.645624, 0.761388, 0.05, -0.919974, 0.261033, -0.292415, 0.0, 0.0, 0.0, 0.0, 1.0],
                [-0.367629, -0.732515, 0.572951, -0.0, -0.066939, 0.635341, 0.769327, 0.05, -0.927557, 0.244475, -0.282604, -0.0, 0.0, 0.0, 0.0, 1.0],
                [-0.370437, -0.833863, 0.409209, -0.0, -0.175631, 0.495486, 0.850676, 0.05, -0.912099, 0.243253, -0.329999, 0.0, 0.0, 0.0, 0.0, 1.0],
                [0.133131, -0.597612, 0.790657, 0.0, 0.065265, 0.801313, 0.594677, 0.05, -0.988944, -0.027567, 0.145683, 0.0, 0.0, 0.0, 0.0, 1.0],
                [0.660009, -0.263903, 0.703379, -0.0, 0.111972, 0.96037, 0.255255, 0.05, -0.742863, -0.089712, 0.663404, -0.0, 0.0, 0.0, 0.0, 1.0],
                [0.769705, -0.416805, 0.483556, -0.0, 0.227258, 0.886729, 0.402578, 0.05, -0.596577, -0.199975, 0.777241, -0.0, 0.0, 0.0, 0.0, 1.0],
                [0.729426, -0.642531, 0.234714, -0.0, 0.404993, 0.682162, 0.6088, 0.05, -0.551283, -0.349019, 0.757807, 0.0, 0.0, 0.0, 0.0, 1.0],
                [0.67366, -0.738601, 0.025529, -0.0, 0.546068, 0.520741, 0.656231, 0.05, -0.497984, -0.428138, 0.754129, 0.0, 0.0, 0.0, 0.0, 1.0],
                [0.6007, -0.787281, -0.139098, 0.0, 0.645425, 0.374887, 0.665495, 0.05, -0.471784, -0.489543, 0.733327, -0.0, 0.0, 0.0, 0.0, 1.0],
                [0.523821, -0.772466, -0.359039, -0.0, 0.730191, 0.190133, 0.656254, 0.05, -0.438666, -0.605929, 0.663643, 0.0, 0.0, 0.0, 0.0, 1.0],
                [0.527308, -0.780416, -0.336005, 0.0, 0.689038, 0.161376, 0.70653, 0.05, -0.497161, -0.604081, 0.622831, -1e-06, 0.0, 0.0, 0.0, 1.0]
            ]
        },
        {
            "name": "Chest",
            "time": [0.0, 0.2333, 0.2667, 0.3, 0.3333, 0.3667, 0.4, 0.4333, 0.4667, 0.5, 0.5333, 0.5667, 0.6, 0.6333, 0.6667, 0.7, 0.7333, 0.7667, 0.8, 0.8333, 0.8667, 0.9, 0.9333, 0.9667],
            "transform": [
                [0.997702, -0.002353, 0.06767, 0.0, 0.003149, 0.999929, -0.011659, 0.3, -0.067638, 0.011846, 0.997639, -0.0, 0.0, 0.0, 0.0, 1.0],
                [0.967263, 0.058501, -0.246929, -0.0, -0.172058, 0.866434, -0.468714, 0.3, 0.186527, 0.495859, 0.848134, 0.0, 0.0, 0.0, 0.0, 1.0],
                [0.959333, 0.055831, -0.276692, 0.0, -0.186589, 0.860965, -0.47321, 0.3, 0.211802, 0.505597, 0.836368, -0.0, 0.0, 0.0, 0.0, 1.0],
                [0.951768, 0.056646, -0.301535, -0.0, -0.199642, 0.860624, -0.46848, 0.3, 0.23297, 0.506087, 0.830422, -0.0, 0.0, 0.0, 0.0, 1.0],
                [0.94356, 0.05746, -0.326171, -0.0, -0.212561, 0.860304, -0.463355, 0.3, 0.25398, 0.506538, 0.823962, -0.0, 0.0, 0.0, 0.0, 1.0],
                [0.937435, 0.060686, -0.342821, -0.0, -0.221705, 0.863278, -0.453434, 0.3, 0.268431, 0.501074, 0.822721, -0.0, 0.0, 0.0, 0.0, 1.0],
                [0.931019, 0.064066, -0.359298, 0.0, -0.230669, 0.866206, -0.443262, 0.3, 0.282827, 0.495567, 0.821233, 0.0, 0.0, 0.0, 0.0, 1.0],
                [0.927764, 0.067707, -0.366967, 0.0, -0.235777, 0.868597, -0.435835, 0.3, 0.289236, 0.490877, 0.821817, 0.0, 0.0, 0.0, 0.0, 1.0],
                [0.924452, 0.071413, -0.374545, -0.0, -0.240812, 0.870954, -0.428313, 0.3, 0.295623, 0.486152, 0.822352, 0.0, 0.0, 0.0, 0.0, 1.0],
                [0.925641, 0.078047, -0.37026, -0.0, -0.242848, 0.872927, -0.423114, 0.3, 0.290186, 0.481572, 0.826971, -0.0, 0.0, 0.0, 0.0, 1.0],
                [0.931133, 0.087298, -0.35407, 0.0, -0.2412, 0.875643, -0.418419, 0.3, 0.273511, 0.475008, 0.836397, 0.0, 0.0, 0.0, 0.0, 1.0],
                [0.937355, 0.098512, -0.334151, 0.0, -0.239935, 0.877981, -0.414228, 0.3, 0.25257, 0.468456, 0.846616, -0.0, 0.0, 0.0, 0.0, 1.0],
                [0.944278, 0.105072, -0.311918, -0.0, -0.234432, 0.879899, -0.413308, 0.3, 0.231028, 0.463405, 0.855501, -0.0, 0.0, 0.0, 0.0, 1.0],
                [0.950438, 0.105783, -0.292355, -0.0, -0.226505, 0.879734, -0.418054, 0.3, 0.21297, 0.463557, 0.860093, 0.0, 0.0, 0.0, 0.0, 1.0],
                [0.955304, 0.096317, -0.279488, 0.0, -0.214238, 0.877023, -0.430041, 0.3, 0.203696, 0.470699, 0.858458, -0.0, 0.0, 0.0, 0.0, 1.0],
                [0.94992, -0.03452, -0.310573, -0.0, -0.146974, 0.82773, -0.54154, 0.3, 0.275763, 0.560069, 0.781203, 0.0, 0.0, 0.0, 0.0, 1.0],
                [0.993766, 0.013164, 0.110685, 0.0, 0.021808, 0.950852, -0.308884, 0.3, -0.10931, 0.309374, 0.944637, -0.0, 0.0, 0.0, 0.0, 1.0],
                [0.851862, -0.013957, 0.523575, -0.0, 0.05901, 0.995839, -0.069466, 0.3, -0.520424, 0.090073, 0.849143, 0.0, 0.0, 0.0, 0.0, 1.0],
                [0.764162, 0.026944, 0.64446, 0.0, 0.125371, 0.97387, -0.189374, 0.3, -0.632719, 0.22551, 0.740817, 0.0, 0.0, 0.0, 0.0, 1.0],
                [0.73298, 0.118377, 0.669869, -0.0, 0.213338, 0.89506, -0.39161, 0.3, -0.645927, 0.429953, 0.630808, 0.0, 0.0, 0.0, 0.0, 1.0],
                [0.695927, 0.20525, 0.688153, 0.0, 0.258755, 0.822241, -0.506923, 0.3, -0.669868, 0.530849, 0.51911, 0.0, 0.0, 0.0, 0.0, 1.0],
                [0.67452, 0.274768, 0.685217, 0.0, 0.295818, 0.749795, -0.591864, 0.3, -0.676392, 0.601928, 0.42447, -0.0, 0.0, 0.0, 0.0, 1.0],
                [0.645211, 0.332636, 0.687789, -0.0, 0.377698, 0.643667, -0.665612, 0.3, -0.664109, 0.689241, 0.289665, 0.0, 0.0, 0.0, 0.0, 1.0],
                [0.684429, 0.300657, 0.664198, -0.0, 0.378799, 0.631757, -0.67631, 0.3, -0.622945, 0.714489, 0.318504, -0.0, 0.0, 0.0, 0.0, 1.0]
            ]
        },
        {
            "name": "Head",
            "time": [0.0, 0.2333, 0.2667, 0.3, 0.3333, 0.3667, 0.4, 0.4333, 0.4667, 0.5, 0.5333, 0.5667, 0.6, 0.6333, 0.6667, 0.7, 0.7333, 0.7667, 0.8, 0.8333, 0.8667, 0.9, 0.9333, 0.9667],
            "transform": [
                [0.76413, -0.195185, 0.614824, 0.0, 0.039681, 0.965541, 0.257207, 0.4, -0.643841, -0.172143, 0.745544, -0.0, 0.0, 0.0, 0.0, 1.0],
                [0.997519, 0.067159, -0.021193, -0.0, -0.068515, 0.995079, -0.071561, 0.4, 0.016283, 0.072836, 0.997209, 0.0, 0.0, 0.0, 0.0, 1.0],
                [0.99754, 0.059329, -0.03739, -0.0, -0.06246, 0.994068, -0.089031, 0.4, 0.031887, 0.091148, 0.995325, 0.0, 0.0, 0.0, 0.0, 1.0],
                [0.997217, 0.046401, -0.058386, 0.0, -0.052151, 0.993501, -0.101163, 0.4, 0.053313, 0.103927, 0.993153, -0.0, 0.0, 0.0, 0.0, 1.0],
                [0.996446, 0.0306, -0.078509, 0.0, -0.038458, 0.994181, -0.100614, 0.4, 0.074974, 0.103275, 0.991821, 0.0, 0.0, 0.0, 0.0, 1.0],
                [0.994501, 0.012453, -0.104004, -0.0, -0.022788, 0.994847, -0.098783, 0.4, 0.102238, 0.10061, 0.989657, -0.0, 0.0, 0.0, 0.0, 1.0],
                [0.992307, -0.00327, -0.123776, 0.0, -0.008339, 0.995616, -0.093151, 0.4, 0.123538, 0.093466, 0.987926, -0.0, 0.0, 0.0, 0.0, 1.0],
                [0.988682, -0.019609, -0.148754, -0.0, 0.006529, 0.996106, -0.087911, 0.4, 0.149899, 0.085945, 0.984957, -0.0, 0.0, 0.0, 0.0, 1.0],
                [0.986129, -0.030072, -0.163246, -0.0, 0.015971, 0.996078, -0.087011, 0.4, 0.165223, 0.083197, 0.98274, 0.0, 0.0, 0.0, 0.0, 1.0],
                [0.982583, -0.042106, -0.181, -0.0, 0.026127, 0.995617, -0.089778, 0.4, 0.183988, 0.083485, 0.979376, 0.0, 0.0, 0.0, 0.0, 1.0],
                [0.978922, -0.052595, -0.197353, 0.0, 0.034956, 0.995161, -0.091826, 0.4, 0.201228, 0.082991, 0.976021, -0.0, 0.0, 0.0, 0.0, 1.0],
                [0.975219, -0.063996, -0.211796, -0.0, 0.044757, 0.994525, -0.09442, 0.4, 0.216679, 0.082601, 0.972741, 0.0, 0.0, 0.0, 0.0, 1.0],
                [0.972254, -0.06877, -0.223597, 0.0, 0.048639, 0.994351, -0.094331, 0.4, 0.228822, 0.080838, 0.970105, 0.0, 0.0, 0.0, 0.0, 1.0],
                [0.970219, -0.066557, -0.232915, 0.0, 0.046607, 0.994836, -0.090142, 0.4, 0.237714, 0.076602, 0.968308, -0.0, 0.0, 0.0, 0.0, 1.0],
                [0.969387, -0.053852, -0.239566, -0.0, 0.035494, 0.996139, -0.080297, 0.4, 0.242966, 0.069336, 0.967552, 0.0, 0.0, 0.0, 0.0, 1.0],
                [0.977586, 0.100224, -0.185162, 0.0, -0.101225, 0.994854, 0.004067, 0.4, 0.184618, 0.014767, 0.982698, -0.0, 0.0, 0.0, 0.0, 1.0],
                [0.98132, -0.157939, 0.109868, 0.0, 0.166056, 0.983693, -0.069075, 0.4, -0.097167, 0.086029, 0.991541, 0.0, 0.0, 0.0, 0.0, 1.0],
                [0.87605, -0.286541, 0.387854, 0.0, 0.337602, 0.938758, -0.069007, 0.4, -0.344327, 0.191394, 0.919132, 0.0, 0.0, 0.0, 0.0, 1.0],
                [0.905474, -0.163415, 0.391679, 0.0, 0.157456, 0.986382, 0.047531, 0.4, -0.394112, 0.018634, 0.918873, 0.0, 0.0, 0.0, 0.0, 1.0],
                [0.935775, 0.014613, 0.3523, -0.0, -0.105398, 0.965051, 0.239926, 0.4, -0.336483, -0.261648, 0.90461, 0.0, 0.0, 0.0, 0.0, 1.0],
                [0.933312, 0.082508, 0.349459, 0.0, -0.265141, 0.814664, 0.515774, 0.4, -0.242137, -0.574036, 0.782208, 0.0, 0.0, 0.0, 0.0, 1.0],
                [0.927384, 0.106324, 0.358684, 0.0, -0.33649, 0.65609, 0.675515, 0.4, -0.163505, -0.747158, 0.644221, 0.0, 0.0, 0.0, 0.0, 1.0],
                [0.890974, 0.04857, 0.451447, 0.0, -0.31306, 0.785864, 0.533304, 0.4, -0.328873, -0.616492, 0.715388, 0.0, 0.0, 0.0, 0.0, 1.0],
                [0.887056, 0.102891, 0.450053, -0.0, -0.267891, 0.908657, 0.320274, 0.4, -0.375991, -0.404665, 0.833592, 0.0, 0.0, 0.0, 0.0, 1.0]
            ]
        },
        {
            "name": "Shoulder_R",
            "time": [0.0, 0.2333, 0.2667, 0.3, 0.3333, 0.3667, 0.4, 0.4333, 0.4667, 0.5, 0.5333, 0.5667, 0.6, 0.6333, 0.6667, 0.7, 0.7333, 0.7667, 0.8, 0.8333, 0.8667, 0.9, 0.9333, 0.9667],
            "transform": [
                [-0.07698, 0.888265, 0.452833, 0.0, 0.241639, -0.424019, 0.872821, 0.4, 0.967308, 0.176612, -0.181998, -0.0, 0.0, 0.0, 0.0, 1.0],
                [0.273693, 0.873843, 0.401859, -0.0, 0.472704, -0.48608, 0.735035, 0.4, 0.837642, -0.011214, -0.546104, 0.0, 0.0, 0.0, 0.0, 1.0],
                [0.29545, 0.874082, 0.385603, -0.0, 0.477579, -0.484701, 0.732791, 0.4, 0.827424, -0.032347, -0.560646, 0.0, 0.0, 0.0, 0.0, 1.0],
                [0.300158, 0.875792, 0.378016, 0.0, 0.471057, -0.48069, 0.739622, 0.4, 0.829464, -0.043937, -0.556828, -0.0, 0.0, 0.0, 0.0, 1.0],
                [0.297483, 0.877809, 0.375442, 0.0, 0.464706, -0.476651, 0.746224, 0.4, 0.834, -0.047519, -0.549715, 0.0, 0.0, 0.0, 0.0, 1.0],
                [0.286144, 0.880896, 0.377023, -0.0, 0.451424, -0.471009, 0.757868, 0.4, 0.845185, -0.046662, -0.532431, -0.0, 0.0, 0.0, 0.0, 1.0],
                [0.274917, 0.883848, 0.378464, 0.0, 0.437433, -0.465514, 0.769382, 0.4, 0.856198, -0.045964, -0.5146, -0.0, 0.0, 0.0, 0.0, 1.0],
                [0.262074, 0.886512, 0.381334, -0.0, 0.424658, -0.460771, 0.779329, 0.4, 0.866594, -0.042305, -0.497218, -0.0, 0.0, 0.0, 0.0, 1.0],
                [0.259455, 0.888217, 0.37915, -0.0, 0.414015, -0.456987, 0.787244, 0.4, 0.872512, -0.047281, -0.4863, 0.0, 0.0, 0.0, 0.0, 1.0],
                [0.256046, 0.89158, 0.373533, -0.0, 0.406064, -0.449872, 0.795439, 0.4, 0.877243, -0.051991, -0.477223, 0.0, 0.0, 0.0, 0.0, 1.0],
                [0.248894, 0.895646, 0.368608, 0.0, 0.398173, -0.44156, 0.804039, 0.4, 0.8829, -0.053351, -0.466521, -0.0, 0.0, 0.0, 0.0, 1.0],
                [0.246716, 0.899489, 0.360632, -0.0, 0.391654, -0.43294, 0.811891, 0.4, 0.88642, -0.059064, -0.459098, 0.0, 0.0, 0.0, 0.0, 1.0],
                [0.246292, 0.901576, 0.355673, 0.0, 0.387306, -0.427959, 0.816605, 0.4, 0.888445, -0.063369, -0.454587, 0.0, 0.0, 0.0, 0.0, 1.0],
                [0.249306, 0.901883, 0.352785, 0.0, 0.38821, -0.426811, 0.816775, 0.4, 0.887209, -0.066673, -0.456523, -0.0, 0.0, 0.0, 0.0, 1.0],
                [0.260801, 0.897038, 0.356802, -0.0, 0.393919, -0.436308, 0.808987, 0.4, 0.88137, -0.070434, -0.467147, 0.0, 0.0, 0.0, 0.0, 1.0],
                [0.372071, 0.829434, 0.416656, 0.0, 0.458867, -0.554561, 0.694191, 0.4, 0.806849, -0.067099, -0.586934, -0.0, 0.0, 0.0, 0.0, 1.0],
                [-0.332064, 0.761971, 0.555997, 0.0, 0.302952, -0.472064, 0.827872, 0.4, 0.893285, 0.443348, -0.074085, 0.0, 0.0, 0.0, 0.0, 1.0],
                [-0.83544, 0.487617, 0.253526, 0.0, 0.124545, -0.281328, 0.951492, 0.4, 0.535292, 0.826489, 0.174301, 0.0, 0.0, 0.0, 0.0, 1.0],
                [-0.899382, 0.37192, 0.229771, 0.0, 0.215477, -0.080187, 0.973207, 0.4, 0.380383, 0.924795, -0.008021, 0.0, 0.0, 0.0, 0.0, 1.0],
                [-0.893591, 0.34589, 0.286115, -0.0, 0.349752, 0.136939, 0.926777, 0.4, 0.281385, 0.928228, -0.243341, 0.0, 0.0, 0.0, 0.0, 1.0],
                [-0.876882, 0.39938, 0.267538, 0.0, 0.408506, 0.325734, 0.852653, 0.4, 0.253387, 0.856967, -0.448778, 0.0, 0.0, 0.0, 0.0, 1.0],
                [-0.8375, 0.491631, 0.238527, 0.0, 0.471766, 0.430253, 0.769622, 0.4, 0.275745, 0.757087, -0.592269, 0.0, 0.0, 0.0, 0.0, 1.0],
                [-0.805381, 0.510603, 0.301078, 0.0, 0.566428, 0.513223, 0.644796, 0.4, 0.174716, 0.689844, -0.702557, 0.0, 0.0, 0.0, 0.0, 1.0],
                [-0.786206, 0.527163, 0.32246, -0.0, 0.585132, 0.467219, 0.662817, 0.4, 0.198754, 0.709792, -0.675789, 0.0, 0.0, 0.0, 0.0, 1.0]
            ]
        },
        {
            "name": "Arm_R",
            "time": [0.0, 0.2333, 0.2667, 0.3, 0.3333, 0.3667, 0.4, 0.4333, 0.4667, 0.5, 0.5333, 0.5667, 0.6, 0.6333, 0.6667, 0.7, 0.7333, 0.7667, 0.8, 0.8333, 0.8667, 0.9, 0.9333, 0.9667],
            "transform": [
                [-0.275356, -0.019114, -0.96115, 0.0, 0.416627, 0.898662, -0.137228, 0.393861, 0.866373, -0.438228, -0.239488, -0.0, 0.0, 0.0, 0.0, 1.0],
                [0.724101, -0.077394, -0.685338, -0.0, 0.397301, 0.859058, 0.322763, 0.393861, 0.563763, -0.506, 0.652792, -0.0, 0.0, 0.0, 0.0, 1.0],
                [0.742391, -0.091419, -0.663699, 0.0, 0.392404, 0.862277, 0.320162, 0.39386, 0.54302, -0.498126, 0.676019, 0.0, 0.0, 0.0, 0.0, 1.0],
                [0.754323, -0.106507, -0.647807, 0.0, 0.394997, 0.861796, 0.318258, 0.39386, 0.524379, -0.495951, 0.692142, 0.0, 0.0, 0.0, 0.0, 1.0],
                [0.761627, -0.123698, -0.636101, -0.0, 0.402952, 0.859162, 0.315398, 0.39386, 0.507496, -0.496535, 0.704205, -0.0, 0.0, 0.0, 0.0, 1.0],
                [0.765193, -0.139269, -0.628557, -0.0, 0.413676, 0.85446, 0.314282, 0.393861, 0.493305, -0.500506, 0.711439, -0.0, 0.0, 0.0, 0.0, 1.0],
                [0.768449, -0.154958, -0.620866, -0.0, 0.424262, 0.849713, 0.31304, 0.39386, 0.479047, -0.503966, 0.718703, -0.0, 0.0, 0.0, 0.0, 1.0],
                [0.769765, -0.167492, -0.615961, -0.0, 0.432227, 0.846853, 0.309881, 0.39386, 0.469722, -0.504772, 0.724271, -0.0, 0.0, 0.0, 0.0, 1.0],
                [0.772447, -0.178069, -0.609603, 0.0, 0.435816, 0.846829, 0.304876, 0.393861, 0.461938, -0.501177, 0.731736, -0.0, 0.0, 0.0, 0.0, 1.0],
                [0.773981, -0.184909, -0.605608, -0.0, 0.435231, 0.850027, 0.296703, 0.39386, 0.459917, -0.493223, 0.738383, 0.0, 0.0, 0.0, 0.0, 1.0],
                [0.772017, -0.188207, -0.607097, -0.0, 0.43152, 0.856493, 0.283226, 0.39386, 0.466666, -0.480632, 0.742441, 0.0, 0.0, 0.0, 0.0, 1.0],
                [0.770607, -0.190529, -0.608163, -0.0, 0.425771, 0.863976, 0.268831, 0.393861, 0.474214, -0.466104, 0.746908, 0.0, 0.0, 0.0, 0.0, 1.0],
                [0.769218, -0.192863, -0.609187, 0.0, 0.419881, 0.871207, 0.254368, 0.393861, 0.481668, -0.45145, 0.751126, 0.0, 0.0, 0.0, 0.0, 1.0],
                [0.769812, -0.198909, -0.606485, -0.0, 0.416204, 0.876832, 0.240718, 0.393861, 0.4839, -0.437731, 0.757783, 0.0, 0.0, 0.0, 0.0, 1.0],
                [0.774379, -0.206613, -0.598037, -0.0, 0.413664, 0.880525, 0.231435, 0.39386, 0.478767, -0.426605, 0.767329, 0.0, 0.0, 0.0, 0.0, 1.0],
                [0.812448, -0.255941, -0.523853, 0.0, 0.433457, 0.866058, 0.249123, 0.39386, 0.389924, -0.429469, 0.814567, -0.0, 0.0, 0.0, 0.0, 1.0],
                [0.397412, 0.022604, -0.917362, 0.0, 0.484326, 0.84395, 0.23061, 0.39386, 0.779419, -0.53595, 0.324447, -0.0, 0.0, 0.0, 0.0, 1.0],
                [0.013169, 0.178144, -0.983917, 0.0, 0.359857, 0.917228, 0.170885, 0.393861, 0.932914, -0.356321, -0.052028, -0.0, 0.0, 0.0, 0.0, 1.0],
                [0.118795, 0.127983, -0.984637, 0.0, 0.242157, 0.957984, 0.153734, 0.393861, 0.962936, -0.256701, 0.082811, -0.0, 0.0, 0.0, 0.0, 1.0],
                [0.2478, 0.064623, -0.966654, -0.0, 0.172055, 0.97898, 0.109553, 0.39386, 0.953411, -0.193465, 0.231472, 0.0, 0.0, 0.0, 0.0, 1.0],
                [0.116969, -0.070376, -0.99064, 0.0, 0.08545, 0.994504, -0.060561, 0.393861, 0.989452, -0.077566, 0.12234, 0.0, 0.0, 0.0, 0.0, 1.0],
