{
    "animation": [
        {
            "name": "Root",
            "time": [0.0, 0.4333, 0.4667, 0.5, 0.5333, 0.5667, 0.6, 0.6333, 0.6667, 0.7, 0.7333, 0.7667, 0.8, 0.8333, 0.8667, 0.9, 0.9333, 0.9667, 1.0, 1.0333, 1.0667, 1.1, 1.1333, 1.1667, 1.2, 1.2333, 1.2667, 1.3, 1.3333, 1.3667, 1.4, 1.4333, 1.4667, 1.5, 1.5333, 1.5667, 1.6, 1.6333, 1.6667, 1.7, 1.7333, 1.7667, 1.8, 1.8333, 1.8667, 1.9, 1.9333, 1.9667, 2.0, 2.0333, 2.0667, 2.1, 2.1333, 2.1667, 2.2, 2.2333, 2.2667, 2.3, 2.3333, 2.3667, 2.4, 2.4333, 2.4667, 2.5, 2.5333, 2.5667, 2.6, 2.8, 2.8333, 2.8667, 2.9, 2.9333, 2.9667, 3.0, 3.0333, 3.0667, 3.1, 3.1333, 3.1667, 3.2, 3.2333, 3.2667, 3.3],
            "transform": [
                [0.907198, 0.000421, -0.420704, -0.362378, -0.420638, 0.018703, -0.907037, -0.167926, 0.007487, 0.999825, 0.017144, 0.677598, 0.0, 0.0, 0.0, 1.0],
                [-1e-06, 0.000366, 1.000002, -0.421091, 0.999786, 0.020687, -6e-06, 0.045736, -0.020687, 0.999786, -0.000366, 0.501531, 0.0, 0.0, 0.0, 1.0],
                [-1e-06, 0.000255, 1.000002, -0.44488, 0.999786, 0.020694, -4e-06, 0.118429, -0.020694, 0.999786, -0.000255, 0.446006, 0.0, 0.0, 0.0, 1.0],
                [-1e-06, 0.000157, 1.000002, -0.462206, 0.999786, 0.020699, -2e-06, 0.1928, -0.020699, 0.999786, -0.000157, 0.397684, 0.0, 0.0, 0.0, 1.0],
                [-0.0, 9.4e-05, 1.000002, -0.469184, 0.999786, 0.020701, -2e-06, 0.269855, -0.020701, 0.999786, -9.4e-05, 0.360874, 0.0, 0.0, 0.0, 1.0],
                [-0.0, 8.5e-05, 1.000002, -0.46193, 0.999786, 0.020702, -1e-06, 0.350602, -0.020702, 0.999786, -8.5e-05, 0.339902, 0.0, 0.0, 0.0, 1.0],
                [-0.0, 0.000146, 1.000001, -0.441314, 0.999786, 0.0207, -3e-06, 0.434336, -0.0207, 0.999786, -0.000146, 0.332519, 0.0, 0.0, 0.0, 1.0],
                [-1e-06, 0.000278, 1.000001, -0.412039, 0.999786, 0.020693, -5e-06, 0.519549, -0.020693, 0.999786, -0.000278, 0.332721, 0.0, 0.0, 0.0, 1.0],
                [-1e-06, 0.00047, 1.000001, -0.375971, 0.999787, 0.020674, -8e-06, 0.606039, -0.020674, 0.999786, -0.00047, 0.339193, 0.0, 0.0, 0.0, 1.0],
                [-2e-06, 0.000702, 1.000001, -0.334976, 0.999788, 0.020639, -1.3e-05, 0.693608, -0.020639, 0.999787, -0.000702, 0.350622, 0.0, 0.0, 0.0, 1.0],
                [-2e-06, 0.000949, 1.000001, -0.290386, 0.999789, 0.020586, -1.7e-05, 0.782055, -0.020586, 0.999788, -0.000948, 0.365693, 0.0, 0.0, 0.0, 1.0],
                [-2e-06, 0.00117, 1.000001, -0.245799, 0.999789, 0.020523, -2.2e-05, 0.871197, -0.020523, 0.999789, -0.00117, 0.383678, 0.0, 0.0, 0.0, 1.0],
                [-3e-06, 0.001341, 1.000001, -0.201225, 0.99979, 0.020465, -2.4e-05, 0.960811, -0.020465, 0.99979, -0.001341, 0.401655, 0.0, 0.0, 0.0, 1.0],
                [-3e-06, 0.001478, 1.0, -0.159296, 0.999792, 0.020412, -2.7e-05, 1.050721, -0.020412, 0.999791, -0.001477, 0.419627, 0.0, 0.0, 0.0, 1.0],
                [-3e-06, 0.001577, 1.0, -0.121806, 0.999793, 0.02037, -2.9e-05, 1.140733, -0.02037, 0.999791, -0.001576, 0.436135, 0.0, 0.0, 0.0, 1.0],
                [-3e-06, 0.001608, 1.0, -0.090644, 0.999794, 0.020356, -3e-05, 1.23065, -0.020356, 0.999792, -0.001608, 0.449718, 0.0, 0.0, 0.0, 1.0],
                [-3e-06, 0.00155, 1.0, -0.067678, 0.999792, 0.020382, -2.9e-05, 1.320282, -0.020382, 0.999791, -0.00155, 0.459057, 0.0, 0.0, 0.0, 1.0],
                [-2e-06, 0.001319, 1.0, -0.086598, 0.999791, 0.020473, -2.5e-05, 1.40791, -0.020473, 0.99979, -0.001319, 0.459981, 0.0, 0.0, 0.0, 1.0],
                [-2e-06, 0.000938, 1.000001, -0.148409, 0.999788, 0.020588, -1.7e-05, 1.498588, -0.020588, 0.999788, -0.000937, 0.451006, 0.0, 0.0, 0.0, 1.0],
                [-1e-06, 0.000553, 1.000001, -0.205962, 0.999786, 0.020663, -1e-05, 1.602287, -0.020663, 0.999787, -0.000552, 0.434901, 0.0, 0.0, 0.0, 1.0],
                [-1e-06, 0.000333, 1.000001, -0.233237, 0.999787, 0.020688, -6e-06, 1.736217, -0.020688, 0.999786, -0.000333, 0.403409, 0.0, 0.0, 0.0, 1.0],
                [-0.003791, -0.00013, 0.999994, -0.266222, 0.999779, 0.0207, 0.003793, 1.888022, -0.020701, 0.999786, 5.1e-05, 0.365248, 0.0, 0.0, 0.0, 1.0],
                [-0.003082, -0.001254, 0.999996, -0.337158, 0.999785, 0.020496, 0.003107, 2.050823, -0.020499, 0.999789, 0.00119, 0.32987, 0.0, 0.0, 0.0, 1.0],
                [-0.002768, -0.00254, 0.999994, -0.410327, 0.999802, 0.019764, 0.002818, 2.19895, -0.019771, 0.999801, 0.002485, 0.294738, 0.0, 0.0, 0.0, 1.0],
                [-0.002799, -0.003188, 0.999992, -0.469368, 0.999815, 0.019055, 0.002859, 2.289571, -0.019064, 0.999814, 0.003134, 0.26444, 0.0, 0.0, 0.0, 1.0],
                [-0.002915, -0.003507, 0.999991, -0.488315, 0.999824, 0.018519, 0.002979, 2.368495, -0.018529, 0.999822, 0.003453, 0.244433, 0.0, 0.0, 0.0, 1.0],
                [-0.00315, -0.003753, 0.99999, -0.448484, 0.999835, 0.017883, 0.003216, 2.467446, -0.017895, 0.999833, 0.003696, 0.238111, 0.0, 0.0, 0.0, 1.0],
                [-0.003591, -0.003892, 0.999987, -0.391458, 0.999847, 0.017149, 0.003657, 2.526195, -0.017163, 0.999845, 0.00383, 0.287459, 0.0, 0.0, 0.0, 1.0],
                [-0.0, -0.003906, 0.999994, -0.348703, 0.999861, 0.016682, 6.5e-05, 2.574283, -0.016682, 0.999853, 0.003906, 0.289559, 0.0, 0.0, 0.0, 1.0],
                [-1e-06, -0.003856, 0.999994, -0.300599, 0.99987, 0.016161, 6.4e-05, 2.622187, -0.016162, 0.999862, 0.003856, 0.291663, 0.0, 0.0, 0.0, 1.0],
                [-2e-06, -0.003728, 0.999995, -0.250069, 0.999877, 0.015623, 6e-05, 2.671537, -0.015624, 0.999871, 0.003728, 0.293742, 0.0, 0.0, 0.0, 1.0],
                [-3e-06, -0.003524, 0.999995, -0.199518, 0.999886, 0.015106, 5.6e-05, 2.723962, -0.015106, 0.99988, 0.003524, 0.295769, 0.0, 0.0, 0.0, 1.0],
                [-3e-06, -0.003253, 0.999996, -0.152166, 0.999893, 0.014629, 5.1e-05, 2.78112, -0.014629, 0.999888, 0.003252, 0.299673, 0.0, 0.0, 0.0, 1.0],
                [-4e-06, -0.002918, 0.999997, -0.110705, 0.999899, 0.014196, 4.5e-05, 2.84464, -0.014196, 0.999895, 0.002918, 0.306085, 0.0, 0.0, 0.0, 1.0],
                [-4e-06, -0.002514, 0.999999, -0.077916, 0.999904, 0.013803, 3.8e-05, 2.916155, -0.013803, 0.999902, 0.002513, 0.315866, 0.0, 0.0, 0.0, 1.0],
                [-3e-06, -0.001901, 1.0, -0.053618, 0.999911, 0.013381, 2.8e-05, 3.00868, -0.013381, 0.999909, 0.001901, 0.334162, 0.0, 0.0, 0.0, 1.0],
                [-2e-06, -0.00103, 1.000001, -0.041509, 0.999915, 0.013025, 1.6e-05, 3.124061, -0.013025, 0.999915, 0.00103, 0.361304, 0.0, 0.0, 0.0, 1.0],
                [-0.0, -0.0001, 1.000001, -0.050325, 0.999918, 0.012888, 2e-06, 3.247161, -0.012888, 0.999917, 0.0001, 0.39096, 0.0, 0.0, 0.0, 1.0],
                [0.003407, 0.000621, 0.999995, -0.088847, 0.999911, 0.012937, -0.003415, 3.362791, -0.012939, 0.999916, -0.000576, 0.416913, 0.0, 0.0, 0.0, 1.0],
                [0.00322, 0.000952, 0.999995, -0.1945, 0.999911, 0.013005, -0.003232, 3.470099, -0.013008, 0.999915, -0.00091, 0.443005, 0.0, 0.0, 0.0, 1.0],
                [0.00318, 0.001033, 0.999996, -0.347832, 0.99991, 0.013026, -0.003193, 3.573003, -0.013029, 0.999915, -0.000992, 0.466172, 0.0, 0.0, 0.0, 1.0],
                [0.003128, 0.001147, 0.999995, -0.472231, 0.99991, 0.013059, -0.003142, 3.663427, -0.013063, 0.999914, -0.001106, 0.468536, 0.0, 0.0, 0.0, 1.0],
                [0.003034, 0.001381, 0.999996, -0.532587, 0.999909, 0.013139, -0.003052, 3.743578, -0.013143, 0.999913, -0.001341, 0.435767, 0.0, 0.0, 0.0, 1.0],
                [0.002956, 0.001607, 0.999996, -0.563967, 0.999908, 0.013233, -0.002977, 3.811244, -0.013238, 0.999911, -0.001568, 0.382196, 0.0, 0.0, 0.0, 1.0],
                [0.002887, 0.001858, 0.999995, -0.595347, 0.999908, 0.013357, -0.002911, 3.851758, -0.013362, 0.999909, -0.001819, 0.333037, 0.0, 0.0, 0.0, 1.0],
                [0.00282, 0.002175, 0.999995, -0.635055, 0.999904, 0.013548, -0.002849, 3.860317, -0.013554, 0.999906, -0.002136, 0.293691, 0.0, 0.0, 0.0, 1.0],
                [0.002774, 0.002555, 0.999995, -0.674753, 0.9999, 0.013838, -0.002809, 3.841738, -0.013845, 0.999901, -0.002516, 0.25876, 0.0, 0.0, 0.0, 1.0],
                [0.002777, 0.002979, 0.999993, -0.716993, 0.999895, 0.014266, -0.002819, 3.795795, -0.014274, 0.999894, -0.002939, 0.237143, 0.0, 0.0, 0.0, 1.0],
                [0.002905, 0.003472, 0.999991, -0.77606, 0.999883, 0.015001, -0.002957, 3.691331, -0.015012, 0.999882, -0.003428, -0.054262, 0.0, 0.0, 0.0, 1.0],
                [0.003166, 0.003757, 0.999989, -0.817669, 0.999872, 0.01572, -0.003224, 3.553266, -0.015732, 0.99987, -0.003707, 0.125795, 0.0, 0.0, 0.0, 1.0],
                [0.003302, 0.003824, 0.999988, -0.823477, 0.999867, 0.015986, -0.003363, 3.433088, -0.015999, 0.999865, -0.00377, 0.67598, 0.0, 0.0, 0.0, 1.0],
                [0.003363, 0.003844, 0.999988, -0.822251, 0.999865, 0.01609, -0.003424, 3.319252, -0.016103, 0.999863, -0.003789, 1.191925, 0.0, 0.0, 0.0, 1.0],
                [0.003482, 0.003873, 0.999987, -0.81471, 0.999862, 0.016274, -0.003545, 3.201101, -0.016288, 0.99986, -0.003816, 1.703021, 0.0, 0.0, 0.0, 1.0],
                [0.003793, 0.003906, 0.999986, -0.801515, 0.999853, 0.016668, -0.003857, 3.068186, -0.016682, 0.999853, -0.003842, 2.573166, 0.0, 0.0, 0.0, 1.0],
                [-1e-06, 0.003878, 0.999994, -0.783366, 0.99985, 0.01728, -6.6e-05, 2.832923, -0.01728, 0.999843, -0.003878, 3.535523, 0.0, 0.0, 0.0, 1.0],
                [-2e-06, 0.003617, 0.999995, -0.736372, 0.999833, 0.018275, -6.4e-05, 2.224519, -0.018275, 0.999827, -0.003616, 4.349627, 0.0, 0.0, 0.0, 1.0],
                [-3e-06, 0.003155, 0.999996, -0.675556, 0.999818, 0.019102, -5.7e-05, 1.576748, -0.019102, 0.999813, -0.003154, 5.004715, 0.0, 0.0, 0.0, 1.0],
                [-3e-06, 0.002884, 0.999998, -0.630231, 0.999811, 0.019432, -5.3e-05, 1.186733, -0.019432, 0.999807, -0.002883, 5.201633, 0.0, 0.0, 0.0, 1.0],
                [-3e-06, 0.002704, 0.999999, -0.587361, 0.999807, 0.019617, -5e-05, 0.873196, -0.019617, 0.999804, -0.002703, 5.247266, 0.0, 0.0, 0.0, 1.0],
                [-3e-06, 0.002441, 0.999999, -0.542276, 0.999803, 0.019846, -4.5e-05, 0.553436, -0.019847, 0.9998, -0.002441, 5.216379, 0.0, 0.0, 0.0, 1.0],
                [-3e-06, 0.002006, 1.0, -0.489487, 0.999797, 0.020148, -3.7e-05, 0.184401, -0.020148, 0.999795, -0.002006, 5.157515, 0.0, 0.0, 0.0, 1.0],
                [-3e-06, 0.001463, 1.0, -0.434463, 0.999792, 0.020419, -2.7e-05, -0.191022, -0.020419, 0.999791, -0.001463, 5.063926, 0.0, 0.0, 0.0, 1.0],
                [-2e-06, 0.000829, 1.000001, -0.38897, 0.999788, 0.020613, -1.5e-05, -0.526668, -0.020613, 0.999787, -0.000829, 4.943044, 0.0, 0.0, 0.0, 1.0],
                [-0.0, 8.5e-05, 1.000001, -0.355189, 0.999786, 0.020702, -1e-06, -0.818668, -0.020702, 0.999786, -8.5e-05, 4.793097, 0.0, 0.0, 0.0, 1.0],
                [-0.003329, -0.000756, 0.999995, -0.326925, 0.999782, 0.020629, 0.003344, -1.090285, -0.020631, 0.999787, 0.000688, 4.620281, 0.0, 0.0, 0.0, 1.0],
                [-0.002971, -0.001553, 0.999996, -0.303462, 0.999788, 0.020381, 0.003002, -1.335845, -0.020385, 0.999791, 0.001492, 4.447188, 0.0, 0.0, 0.0, 1.0],
                [-0.002811, -0.002191, 0.999995, -0.284106, 0.999795, 0.02003, 0.002854, -1.549711, -0.020036, 0.999797, 0.002135, 4.292102, 0.0, 0.0, 0.0, 1.0],
                [-0.002763, -0.002907, 0.999993, -0.283245, 0.999808, 0.019408, 0.002819, -1.656865, -0.019416, 0.999808, 0.002853, 3.678644, 0.0, 0.0, 0.0, 1.0],
                [-0.002765, -0.002935, 0.999993, -0.283106, 0.999808, 0.019376, 0.002822, -1.658375, -0.019384, 0.999808, 0.002881, 3.68327, 0.0, 0.0, 0.0, 1.0],
                [-0.002767, -0.002963, 0.999993, -0.282966, 0.999809, 0.019343, 0.002824, -1.659367, -0.019351, 0.999809, 0.002909, 3.687886, 0.0, 0.0, 0.0, 1.0],
                [-0.002769, -0.002991, 0.999993, -0.282829, 0.99981, 0.01931, 0.002826, -1.659709, -0.019319, 0.999809, 0.002937, 3.69404, 0.0, 0.0, 0.0, 1.0],
                [-0.002771, -0.003012, 0.999993, -0.28269, 0.99981, 0.019286, 0.002829, -1.659322, -0.019294, 0.99981, 0.002958, 3.700182, 0.0, 0.0, 0.0, 1.0],
                [-0.002773, -0.003031, 0.999993, -0.283375, 0.999811, 0.019261, 0.002831, -1.658091, -0.019269, 0.99981, 0.002977, 3.707022, 0.0, 0.0, 0.0, 1.0],
                [-0.002776, -0.003044, 0.999993, -0.284058, 0.999811, 0.019246, 0.002834, -1.65592, -0.019255, 0.99981, 0.00299, 3.713846, 0.0, 0.0, 0.0, 1.0],
                [-0.002777, -0.003048, 0.999993, -0.284739, 0.999811, 0.01924, 0.002835, -1.652705, -0.019248, 0.99981, 0.002994, 3.720652, 0.0, 0.0, 0.0, 1.0],
                [-0.002775, -0.003045, 0.999992, -0.285418, 0.999811, 0.019244, 0.002833, -1.648342, -0.019253, 0.99981, 0.002991, 3.727439, 0.0, 0.0, 0.0, 1.0],
                [-0.002773, -0.003033, 0.999993, -0.287272, 0.999811, 0.019259, 0.002831, -1.642725, -0.019267, 0.99981, 0.002979, 3.734205, 0.0, 0.0, 0.0, 1.0],
                [-0.002771, -0.003013, 0.999993, -0.289124, 0.99981, 0.019283, 0.002829, -1.635445, -0.019291, 0.999809, 0.002959, 3.740944, 0.0, 0.0, 0.0, 1.0],
                [-0.002769, -0.002986, 0.999992, -0.292645, 0.99981, 0.019316, 0.002827, -1.62623, -0.019325, 0.999809, 0.002932, 3.747649, 0.0, 0.0, 0.0, 1.0],
                [-0.002767, -0.002949, 0.999993, -0.296164, 0.999809, 0.01936, 0.002823, -1.61518, -0.019368, 0.999808, 0.002895, 3.754324, 0.0, 0.0, 0.0, 1.0],
                [-0.002763, -0.0029, 0.999993, -0.29968, 0.999808, 0.019414, 0.002819, -1.602375, -0.019422, 0.999807, 0.002846, 3.762032, 0.0, 0.0, 0.0, 1.0],
                [-0.00276, -0.002837, 0.999994, -0.304019, 0.999806, 0.019482, 0.002815, -1.587933, -0.01949, 0.999806, 0.002783, 3.769712, 0.0, 0.0, 0.0, 1.0],
                [-0.002759, -0.002759, 0.999994, -0.308356, 0.999805, 0.019562, 0.002813, -1.571912, -0.019569, 0.999805, 0.002705, 3.779732, 0.0, 0.0, 0.0, 1.0]
            ]
        },
        {
            "name": "Thigh_R",
            "time": [0.0, 0.1667, 0.4333, 0.4667, 0.5, 0.5333, 0.5667, 0.6, 0.6333, 0.6667, 0.7, 0.7333, 0.7667, 0.8, 0.8333, 0.8667, 0.9, 0.9333, 0.9667, 1.0, 1.0333, 1.0667, 1.1, 1.1333, 1.1667, 1.2, 1.2333, 1.2667, 1.3, 1.3333, 1.3667, 1.4, 1.4333, 1.4667, 1.5, 1.5333, 1.5667, 1.6, 1.6333, 1.6667, 1.7, 1.7333, 1.7667, 1.8, 1.8333, 1.8667, 1.9, 1.9333, 1.9667, 2.0, 2.0333, 2.0667, 2.1, 2.1333, 2.1667, 2.2, 2.2333, 2.2667, 2.3, 2.3333, 2.3667, 2.4, 2.4333, 2.4667, 2.5, 2.5333, 2.5667, 2.6, 2.7, 2.8, 2.8333, 2.8667, 2.9, 2.9333, 2.9667, 3.0, 3.0333, 3.0667, 3.1, 3.1333, 3.1667, 3.2, 3.2333, 3.2667, 3.3],
            "transform": [
                [0.945483, 0.067158, 0.318674, 0.133847, 0.064694, -0.997738, 0.018325, 0.001085, 0.319184, 0.00329, -0.947688, 0.043038, 0.0, 0.0, 0.0, 1.0],
                [-0.139287, 0.129193, 0.981789, 0.041649, 0.419557, -0.890391, 0.176685, 0.053743, 0.896942, 0.436555, 0.069816, 0.152224, 0.0, 0.0, 0.0, 1.0],
                [-0.597432, -0.001084, 0.8019, 0.037944, 0.440495, -0.836081, 0.327078, 0.083613, 0.670036, 0.54869, 0.499979, 0.132733, 0.0, 0.0, 0.0, 1.0],
                [-0.603253, -0.060639, 0.795222, 0.03748, 0.519121, -0.786824, 0.333848, 0.087347, 0.605399, 0.614267, 0.506133, 0.130297, 0.0, 0.0, 0.0, 1.0],
                [-0.601233, -0.133593, 0.787808, 0.037017, 0.593432, -0.734887, 0.328325, 0.091081, 0.535038, 0.664972, 0.521117, 0.127861, 0.0, 0.0, 0.0, 1.0],
                [-0.595605, -0.228126, 0.770186, 0.036554, 0.656088, -0.691339, 0.302665, 0.094815, 0.46337, 0.685641, 0.561435, 0.125425, 0.0, 0.0, 0.0, 1.0],
                [-0.59319, -0.347417, 0.726229, 0.010122, 0.700631, -0.667067, 0.253248, 0.10015, 0.396424, 0.659102, 0.639108, 0.106087, 0.0, 0.0, 0.0, 1.0],
                [-0.592732, -0.47835, 0.647951, -0.016309, 0.731627, -0.656116, 0.185006, 0.105486, 0.336602, 0.58377, 0.738873, 0.086749, 0.0, 0.0, 0.0, 1.0],
                [-0.550001, -0.529681, 0.645706, -0.042741, 0.75304, -0.648825, 0.109296, 0.110821, 0.361024, 0.546406, 0.755724, 0.067411, 0.0, 0.0, 0.0, 1.0],
                [-0.444164, -0.555082, 0.703288, -0.069173, 0.756035, -0.65341, -0.038146, 0.116157, 0.480664, 0.514814, 0.709882, 0.048073, 0.0, 0.0, 0.0, 1.0],
                [-0.322878, -0.551838, 0.768924, -0.095605, 0.728126, -0.663864, -0.170619, 0.121493, 0.604558, 0.504831, 0.616154, 0.028735, 0.0, 0.0, 0.0, 1.0],
                [-0.275748, -0.401969, 0.873152, -0.103907, 0.690665, -0.714636, -0.110824, 0.091471, 0.66847, 0.572549, 0.474685, 0.00093, 0.0, 0.0, 0.0, 1.0],
                [-0.30358, -0.183535, 0.93496, -0.11221, 0.651542, -0.755986, 0.063187, 0.061449, 0.695156, 0.628405, 0.349083, -0.026875, 0.0, 0.0, 0.0, 1.0],
                [-0.336521, 0.025262, 0.941333, -0.120512, 0.587023, -0.776019, 0.230702, 0.031427, 0.73625, 0.630279, 0.246317, -0.05468, 0.0, 0.0, 0.0, 1.0],
                [-0.373157, 0.21577, 0.902326, -0.128815, 0.493785, -0.777215, 0.390061, 0.001405, 0.785391, 0.591163, 0.183479, -0.082485, 0.0, 0.0, 0.0, 1.0],
                [-0.403757, 0.391312, 0.826956, -0.137117, 0.373014, -0.754979, 0.53936, -0.028617, 0.835313, 0.526285, 0.158863, -0.11029, 0.0, 0.0, 0.0, 1.0],
                [-0.405761, 0.535738, 0.740511, -0.144901, 0.241334, -0.718682, 0.652149, -0.005797, 0.881489, 0.443369, 0.16232, -0.0754, 0.0, 0.0, 0.0, 1.0],
                [-0.358959, 0.694096, 0.624029, -0.152685, 0.122291, -0.627879, 0.768667, 0.017024, 0.925258, 0.352266, 0.140502, -0.040511, 0.0, 0.0, 0.0, 1.0],
                [-0.282084, 0.846881, 0.450869, -0.160468, 0.059726, -0.453563, 0.889232, 0.039844, 0.95748, 0.277793, 0.077361, -0.005621, 0.0, 0.0, 0.0, 1.0],
                [-0.231538, 0.941963, 0.24326, -0.168251, 0.060042, -0.235752, 0.96996, 0.062664, 0.970924, 0.23921, -0.001972, 0.029269, 0.0, 0.0, 0.0, 1.0],
                [-0.215038, 0.964258, 0.155078, -0.176035, 0.08069, -0.140713, 0.986759, 0.085485, 0.97322, 0.224725, -0.047548, 0.064159, 0.0, 0.0, 0.0, 1.0],
                [-0.182981, 0.945905, 0.268071, -0.111367, 0.140735, -0.244673, 0.959341, 0.06794, 0.972945, 0.213287, -0.088352, 0.030036, 0.0, 0.0, 0.0, 1.0],
                [-0.061286, 0.928819, 0.365543, -0.0467, 0.247097, -0.340726, 0.907114, 0.050395, 0.967003, 0.145931, -0.208627, -0.004087, 0.0, 0.0, 0.0, 1.0],
                [0.315169, 0.895592, 0.314085, 0.017967, 0.446013, -0.431928, 0.783908, 0.032851, 0.837646, -0.106987, -0.535576, -0.03821, 0.0, 0.0, 0.0, 1.0],
                [0.844174, 0.530638, 0.075863, 0.082635, 0.425552, -0.749609, 0.506981, 0.015306, 0.32586, -0.395733, -0.858613, -0.072334, 0.0, 0.0, 0.0, 1.0],
                [0.93997, 0.310951, -0.140339, 0.147302, 0.340805, -0.838249, 0.42573, -0.002239, 0.014741, -0.448043, -0.893901, -0.106457, 0.0, 0.0, 0.0, 1.0],
                [0.926642, 0.194342, -0.321705, 0.137756, 0.334683, -0.816136, 0.471128, 0.025025, -0.17098, -0.544285, -0.821307, -0.09561, 0.0, 0.0, 0.0, 1.0],
                [0.754703, -0.265787, -0.599782, 0.128211, 0.292174, -0.682421, 0.670053, 0.052289, -0.587341, -0.680992, -0.437369, -0.084763, 0.0, 0.0, 0.0, 1.0],
                [0.652287, -0.482016, -0.584962, 0.118665, 0.204171, -0.631495, 0.748022, 0.079553, -0.729942, -0.60737, -0.313502, -0.073915, 0.0, 0.0, 0.0, 1.0],
                [0.444067, -0.619916, -0.646931, 0.10912, 0.27528, -0.592723, 0.756912, 0.106817, -0.852631, -0.51423, -0.092558, -0.063068, 0.0, 0.0, 0.0, 1.0],
                [0.158813, -0.723695, -0.671625, 0.099573, 0.384132, -0.581383, 0.717252, 0.134082, -0.909479, -0.371928, 0.185663, -0.052221, 0.0, 0.0, 0.0, 1.0],
                [-0.171483, -0.751045, -0.637634, 0.070611, 0.499112, -0.624268, 0.600992, 0.150479, -0.849345, -0.215211, 0.481907, -0.040644, 0.0, 0.0, 0.0, 1.0],
                [-0.48171, -0.689579, -0.540797, 0.041648, 0.574708, -0.714501, 0.399021, 0.166876, -0.661494, -0.118599, 0.740487, -0.029066, 0.0, 0.0, 0.0, 1.0],
                [-0.71814, -0.576691, -0.389471, 0.012685, 0.578164, -0.805975, 0.127132, 0.183273, -0.387184, -0.133892, 0.912223, -0.017488, 0.0, 0.0, 0.0, 1.0],
                [-0.860187, -0.465047, -0.209198, -0.016277, 0.502478, -0.842835, -0.192851, 0.19967, -0.086627, -0.27103, 0.958669, -0.005911, 0.0, 0.0, 0.0, 1.0],
                [-0.912705, -0.407459, 0.029808, -0.04524, 0.369808, -0.855108, -0.36344, 0.216067, 0.17356, -0.320719, 0.931141, 0.005667, 0.0, 0.0, 0.0, 1.0],
                [-0.933018, -0.250846, 0.257843, -0.048722, 0.164203, -0.934788, -0.315102, 0.210253, 0.320041, -0.25168, 0.913361, 0.01956, 0.0, 0.0, 0.0, 1.0],
                [-0.824942, 0.181559, 0.535209, -0.052203, -0.115728, -0.981247, 0.154443, 0.204439, 0.553161, 0.065474, 0.830481, 0.033454, 0.0, 0.0, 0.0, 1.0],
                [-0.367906, 0.668281, 0.646589, -0.055685, -0.154251, -0.729626, 0.66626, 0.198626, 0.916929, 0.145398, 0.371517, 0.047347, 0.0, 0.0, 0.0, 1.0],
                [0.020989, 0.791925, 0.610307, -0.059166, 0.117235, -0.608208, 0.785096, 0.192812, 0.992835, 0.055077, -0.105607, 0.06124, 0.0, 0.0, 0.0, 1.0],
                [0.222904, 0.773277, 0.593642, -0.062648, 0.226621, -0.633415, 0.739907, 0.186998, 0.948084, -0.030399, -0.316431, 0.075134, 0.0, 0.0, 0.0, 1.0],
                [0.341588, 0.765227, 0.545702, -0.030894, 0.18935, -0.624788, 0.75751, 0.151644, 0.920528, -0.155442, -0.358316, 0.091582, 0.0, 0.0, 0.0, 1.0],
                [0.458012, 0.741874, 0.489777, 0.00086, 0.115937, -0.596147, 0.794482, 0.11629, 0.881301, -0.307127, -0.359053, 0.10803, 0.0, 0.0, 0.0, 1.0],
                [0.589904, 0.745139, 0.311129, 0.032614, 0.059328, -0.424299, 0.903587, 0.080936, 0.805233, -0.514619, -0.294504, 0.124478, 0.0, 0.0, 0.0, 1.0],
                [0.709145, 0.691668, 0.136774, 0.064367, 0.076711, -0.268558, 0.960208, 0.045582, 0.700812, -0.670496, -0.243506, 0.140927, 0.0, 0.0, 0.0, 1.0],
                [0.762072, 0.647104, 0.022115, 0.096121, 0.179043, -0.243473, 0.953241, 0.010229, 0.622171, -0.722546, -0.301404, 0.157375, 0.0, 0.0, 0.0, 1.0],
                [0.762756, 0.628233, -0.153329, 0.073824, 0.313251, -0.151567, 0.937495, 0.023583, 0.565673, -0.76318, -0.312404, 0.103871, 0.0, 0.0, 0.0, 1.0],
                [0.723002, 0.607745, -0.328483, 0.051526, 0.48782, -0.112516, 0.865652, 0.036938, 0.48909, -0.78618, -0.37782, 0.050368, 0.0, 0.0, 0.0, 1.0],
                [0.644595, 0.614888, -0.454321, 0.029229, 0.670915, -0.170151, 0.721723, 0.050292, 0.366441, -0.770101, -0.522216, -0.003136, 0.0, 0.0, 0.0, 1.0],
                [0.541193, 0.714726, -0.443058, 0.006932, 0.819658, -0.33089, 0.46757, 0.063646, 0.187563, -0.616259, -0.764904, -0.056639, 0.0, 0.0, 0.0, 1.0],
                [0.54668, 0.769117, -0.331103, -0.015366, 0.834841, -0.530916, 0.145374, 0.077001, -0.063973, -0.355924, -0.932329, -0.110143, 0.0, 0.0, 0.0, 1.0],
                [0.569006, 0.790531, -0.226545, 0.025258, 0.809449, -0.58698, -0.014824, 0.080969, -0.144683, -0.174958, -0.973888, -0.087124, 0.0, 0.0, 0.0, 1.0],
                [0.601035, 0.55124, -0.578695, 0.065882, 0.794169, -0.492835, 0.355493, 0.084937, -0.089231, -0.673308, -0.733987, -0.064105, 0.0, 0.0, 0.0, 1.0],
                [0.618585, 0.257821, -0.742195, 0.106506, 0.784251, -0.259188, 0.563669, 0.088905, -0.047039, -0.930829, -0.362526, -0.041085, 0.0, 0.0, 0.0, 1.0],
                [0.538424, -0.268257, -0.798824, 0.147129, 0.814587, -0.076789, 0.574884, 0.092873, -0.215538, -0.96033, 0.177173, -0.018066, 0.0, 0.0, 0.0, 1.0],
                [0.331058, -0.830224, -0.448536, 0.187752, 0.860857, 0.071139, 0.503782, 0.09684, -0.386308, -0.552959, 0.738254, 0.004953, 0.0, 0.0, 0.0, 1.0],
                [-0.221289, -0.970786, -0.093232, 0.156897, 0.769134, -0.232527, 0.595243, 0.052708, -0.599476, 0.060018, 0.798119, -0.003262, 0.0, 0.0, 0.0, 1.0],
                [-0.741936, -0.669667, 0.032711, 0.12604, 0.555998, -0.587388, 0.588086, 0.008576, -0.374572, 0.454552, 0.808137, -0.011476, 0.0, 0.0, 0.0, 1.0],
                [-0.803499, -0.565067, 0.187245, 0.095184, 0.538771, -0.556706, 0.632304, -0.035558, -0.25303, 0.608994, 0.751753, -0.01969, 0.0, 0.0, 0.0, 1.0],
                [-0.793489, -0.536013, 0.288159, 0.064328, 0.543119, -0.410289, 0.732581, -0.07969, -0.274419, 0.737867, 0.616678, -0.027905, 0.0, 0.0, 0.0, 1.0],
                [-0.837047, -0.443983, 0.319664, 0.033472, 0.496615, -0.37166, 0.784369, -0.123822, -0.229419, 0.815379, 0.531585, -0.036119, 0.0, 0.0, 0.0, 1.0],
                [-0.907969, -0.241195, 0.342559, 0.036029, 0.418885, -0.511251, 0.750445, -0.111085, -0.005869, 0.82495, 0.565233, -0.033081, 0.0, 0.0, 0.0, 1.0],
                [-0.898722, 0.00747, 0.438373, 0.038587, 0.316528, -0.680789, 0.660584, -0.098351, 0.303345, 0.732506, 0.609475, -0.030043, 0.0, 0.0, 0.0, 1.0],
                [-0.751804, 0.195111, 0.629822, 0.041145, 0.230054, -0.817595, 0.527894, -0.085614, 0.617879, 0.541816, 0.569784, -0.027005, 0.0, 0.0, 0.0, 1.0],
                [-0.431022, -0.099633, 0.896816, 0.043703, 0.103922, -0.9928, -0.060335, -0.072879, 0.896287, 0.067199, 0.438272, -0.023967, 0.0, 0.0, 0.0, 1.0],
                [-0.055616, 0.102948, 0.993132, 0.04626, 0.13517, -0.984783, 0.109644, -0.060141, 0.989213, 0.140353, 0.040854, -0.020929, 0.0, 0.0, 0.0, 1.0],
                [0.247875, 0.427833, 0.869213, 0.057067, 0.24528, -0.895738, 0.370895, -0.044984, 0.937177, 0.121276, -0.32697, -0.030648, 0.0, 0.0, 0.0, 1.0],
                [0.452613, 0.637938, 0.623055, 0.067874, 0.375619, -0.770149, 0.515582, -0.029823, 0.808678, 0.000673, -0.588201, -0.040368, 0.0, 0.0, 0.0, 1.0],
                [0.462326, 0.760891, 0.455342, 0.100294, 0.530051, -0.648859, 0.545933, 0.015653, 0.710781, -0.011045, -0.703295, -0.069525, 0.0, 0.0, 0.0, 1.0],
                [0.433981, 0.858401, 0.273608, 0.112424, 0.67256, -0.510787, 0.535484, 0.051088, 0.599359, -0.048377, -0.798998, -0.06608, 0.0, 0.0, 0.0, 1.0],
                [0.458883, 0.843046, 0.280621, 0.116467, 0.667136, -0.535564, 0.517772, 0.0629, 0.586741, -0.050389, -0.808187, -0.064931, 0.0, 0.0, 0.0, 1.0],
                [0.481334, 0.82854, 0.286152, 0.12051, 0.661593, -0.557593, 0.501374, 0.074711, 0.574911, -0.052016, -0.816543, -0.063783, 0.0, 0.0, 0.0, 1.0],
                [0.504637, 0.809039, 0.301392, 0.119386, 0.651761, -0.585991, 0.481473, 0.070266, 0.566091, -0.046538, -0.823011, -0.061299, 0.0, 0.0, 0.0, 1.0],
                [0.525561, 0.789128, 0.317957, 0.118261, 0.640529, -0.61304, 0.462497, 0.065821, 0.559837, -0.039413, -0.827648, -0.058816, 0.0, 0.0, 0.0, 1.0],
                [0.542785, 0.769087, 0.337518, 0.117136, 0.628551, -0.638564, 0.444029, 0.061376, 0.556972, -0.028867, -0.830013, -0.056332, 0.0, 0.0, 0.0, 1.0],
                [0.556667, 0.750278, 0.356692, 0.116011, 0.615054, -0.66089, 0.430045, 0.056931, 0.558336, -0.020008, -0.829357, -0.053848, 0.0, 0.0, 0.0, 1.0],
                [0.568755, 0.730061, 0.37888, 0.114886, 0.603775, -0.683436, 0.410344, 0.052485, 0.558464, -0.004627, -0.829499, -0.051365, 0.0, 0.0, 0.0, 1.0],
                [0.571084, 0.717228, 0.399333, 0.113761, 0.593023, -0.696876, 0.403362, 0.048041, 0.567535, 0.006461, -0.823306, -0.048881, 0.0, 0.0, 0.0, 1.0],
                [0.570098, 0.706436, 0.419471, 0.112636, 0.582525, -0.707655, 0.399883, 0.043596, 0.579277, 0.016382, -0.814948, -0.046397, 0.0, 0.0, 0.0, 1.0],
                [0.562012, 0.700607, 0.439672, 0.111511, 0.574431, -0.713116, 0.401888, 0.039151, 0.595045, 0.026699, -0.803229, -0.043913, 0.0, 0.0, 0.0, 1.0],
                [0.547779, 0.69708, 0.462642, 0.110386, 0.567229, -0.715973, 0.407005, 0.034705, 0.614895, 0.03948, -0.787598, -0.04143, 0.0, 0.0, 0.0, 1.0],
                [0.526439, 0.695992, 0.488342, 0.109261, 0.560725, -0.716014, 0.415851, 0.030261, 0.639028, 0.054911, -0.767197, -0.038946, 0.0, 0.0, 0.0, 1.0],
                [0.49977, 0.695267, 0.516583, 0.108137, 0.554071, -0.715082, 0.426244, 0.025816, 0.665689, 0.073207, -0.742603, -0.036462, 0.0, 0.0, 0.0, 1.0],
                [0.467643, 0.695753, 0.54522, 0.107012, 0.54657, -0.712412, 0.440173, 0.021371, 0.694605, 0.092167, -0.713432, -0.033979, 0.0, 0.0, 0.0, 1.0],
                [0.431398, 0.693288, 0.577302, 0.105887, 0.536985, -0.711571, 0.453141, 0.016925, 0.724878, 0.11453, -0.679255, -0.031495, 0.0, 0.0, 0.0, 1.0]
            ]
        },
        {
            "name": "Leg_R",
            "time": [0.0, 0.4333, 0.4667, 0.5, 0.5333, 0.5667, 0.6, 0.6333, 0.6667, 0.7, 0.7333, 0.7667, 0.8, 0.8333, 0.8667, 0.9, 0.9333, 0.9667, 1.0, 1.0333, 1.0667, 1.1, 1.1333, 1.1667, 1.2, 1.2333, 1.2667, 1.3, 1.3333, 1.3667, 1.4, 1.4333, 1.4667, 1.5, 1.5333, 1.5667, 1.6, 1.6333, 1.6667, 1.7, 1.7333, 1.7667, 1.8, 1.8333, 1.8667, 1.9, 1.9333, 1.9667, 2.0, 2.0333, 2.0667, 2.1, 2.1333, 2.1667, 2.2, 2.2333, 2.2667, 2.3, 2.3333, 2.3667, 2.4, 2.4333, 2.4667, 2.5, 2.5333, 2.5667, 2.6, 2.8, 2.8333, 2.8667, 2.9, 2.9333, 2.9667, 3.0, 3.0333, 3.0667, 3.1, 3.1333, 3.1667, 3.2, 3.2333, 3.2667, 3.3],
            "transform": [
                [1.000002, 0.001608, -0.001109, 0.0, -0.00111, 0.934967, 0.354727, 0.37472, 0.001607, -0.354724, 0.934969, 0.0, 0.0, 0.0, 0.0, 1.0],
                [0.999957, -0.001886, 0.000515, -0.0, 0.000514, 0.507908, 0.86141, 0.37472, -0.001886, -0.861487, 0.507861, 0.0, 0.0, 0.0, 0.0, 1.0],
                [0.999956, -0.001906, 0.000434, -0.0, 0.000433, 0.432569, 0.901591, 0.37472, -0.001906, -0.901677, 0.432527, -0.0, 0.0, 0.0, 0.0, 1.0],
                [0.999956, -0.001913, 0.000404, -0.0, 0.000402, 0.403501, 0.914966, 0.37472, -0.001913, -0.915056, 0.40346, -0.0, 0.0, 0.0, 0.0, 1.0],
                [0.999956, -0.001906, 0.00044, 0.0, 0.000439, 0.438443, 0.898749, 0.37472, -0.001906, -0.898836, 0.4384, 0.0, 0.0, 0.0, 0.0, 1.0],
                [0.999956, -0.001874, 0.000557, 0.0, 0.000556, 0.545545, 0.838086, 0.37472, -0.001875, -0.838159, 0.545496, 0.0, 0.0, 0.0, 0.0, 1.0],
                [0.999956, -0.001807, 0.000747, -0.0, 0.000745, 0.705465, 0.708775, 0.37472, -0.001807, -0.708822, 0.705416, -0.0, 0.0, 0.0, 0.0, 1.0],
                [0.999956, -0.001748, 0.000876, -0.0, 0.000874, 0.800669, 0.599156, 0.37472, -0.001749, -0.599187, 0.800624, 0.0, 0.0, 0.0, 0.0, 1.0],
                [0.999957, -0.001669, 0.001018, -0.0, 0.001015, 0.888382, 0.459178, 0.37472, -0.001671, -0.459196, 0.888344, -0.0, 0.0, 0.0, 0.0, 1.0],
                [0.999956, -0.001619, 0.001096, -0.0, 0.001093, 0.927843, 0.373062, 0.37472, -0.001621, -0.373073, 0.92781, 0.0, 0.0, 0.0, 0.0, 1.0],
                [0.999957, -0.001752, 0.000869, 0.0, 0.000866, 0.795399, 0.606133, 0.37472, -0.001753, -0.606166, 0.795354, -0.0, 0.0, 0.0, 0.0, 1.0],
                [0.999956, -0.001885, 0.000522, -0.0, 0.000518, 0.512694, 0.858571, 0.37472, -0.001886, -0.858648, 0.512647, -0.0, 0.0, 0.0, 0.0, 1.0],
                [0.999955, -0.001943, 0.000229, 0.0, 0.000225, 0.230215, 0.973111, 0.37472, -0.001944, -0.973219, 0.230189, -0.0, 0.0, 0.0, 0.0, 1.0],
                [0.999957, -0.001957, 1.1e-05, -0.0, 6e-06, 0.008768, 0.999926, 0.37472, -0.001957, -1.000038, 0.008767, 0.0, 0.0, 0.0, 0.0, 1.0],
                [0.999956, -0.001952, -0.000125, -0.0, -0.000129, -0.129385, 0.991561, 0.37472, -0.001951, -0.991673, -0.12937, 0.0, 0.0, 0.0, 0.0, 1.0],
                [0.999955, -0.00195, -0.000154, 0.0, -0.000157, -0.158315, 0.987356, 0.37472, -0.00195, -0.987467, -0.158297, -0.0, 0.0, 0.0, 0.0, 1.0],
                [0.999957, -0.001951, -0.00015, 0.0, -0.000152, -0.153826, 0.988066, 0.37472, -0.00195, -0.988175, -0.153809, -0.0, 0.0, 0.0, 0.0, 1.0],
                [0.999957, -0.001951, -0.000137, 0.0, -0.000138, -0.14029, 0.990076, 0.37472, -0.001951, -0.990188, -0.140273, 0.0, 0.0, 0.0, 0.0, 1.0],
                [0.999957, -0.001955, -6.8e-05, 0.0, -6.9e-05, -0.070055, 0.997507, 0.37472, -0.001955, -0.997621, -0.070047, 0.0, 0.0, 0.0, 0.0, 1.0],
                [0.999957, -0.001954, 8.4e-05, -0.0, 8.3e-05, 0.085083, 0.996338, 0.37472, -0.001953, -0.996452, 0.085073, 0.0, 0.0, 0.0, 0.0, 1.0],
                [0.999956, -0.001938, 0.000265, -0.0, 0.000264, 0.268321, 0.963304, 0.37472, -0.001937, -0.963409, 0.268291, -0.0, 0.0, 0.0, 0.0, 1.0],
                [0.999956, -0.001942, 0.000237, 0.0, 0.000235, 0.239623, 0.970838, 0.37472, -0.001941, -0.970945, 0.239596, -0.0, 0.0, 0.0, 0.0, 1.0],
                [0.999956, -0.001954, -8.1e-05, 0.0, -8.3e-05, -0.084134, 0.996418, 0.37472, -0.001953, -0.996533, -0.084124, -0.0, 0.0, 0.0, 0.0, 1.0],
                [0.999956, -0.00194, -0.000252, -0.0, -0.000254, -0.256565, 0.9665, 0.37472, -0.00194, -0.966605, -0.256537, 0.0, 0.0, 0.0, 0.0, 1.0],
                [0.999955, -0.001934, -0.0003, 0.0, -0.000304, -0.305443, 0.952188, 0.37472, -0.001933, -0.952289, -0.305411, 0.0, 0.0, 0.0, 0.0, 1.0],
                [0.999954, -0.001928, -0.000331, 0.0, -0.000334, -0.335246, 0.942111, 0.37472, -0.001927, -0.942209, -0.335211, -0.0, 0.0, 0.0, 0.0, 1.0],
                [0.999955, -0.001905, -0.000445, 0.0, -0.000448, -0.444288, 0.895876, 0.37472, -0.001904, -0.89596, -0.444245, -0.0, 0.0, 0.0, 0.0, 1.0],
                [0.99999, 0.001923, 0.000341, 0.0, 0.000341, -0.343957, 0.938984, 0.37472, 0.001923, -0.938996, -0.343952, 0.0, 0.0, 0.0, 0.0, 1.0],
                [0.999979, 0.001928, 0.000312, 0.0, 0.000312, -0.315163, 0.949033, 0.37472, 0.001928, -0.949065, -0.315152, 0.0, 0.0, 0.0, 0.0, 1.0],
                [0.999967, 0.001933, 0.000276, -0.0, 0.000275, -0.27913, 0.960241, 0.37472, 0.001933, -0.960303, -0.279111, 0.0, 0.0, 0.0, 0.0, 1.0],
                [0.999955, 0.001941, 0.000211, 0.0, 0.00021, -0.214709, 0.976648, 0.37472, 0.001941, -0.976757, -0.214684, -0.0, 0.0, 0.0, 0.0, 1.0],
                [0.999954, 0.001951, 9.7e-05, -0.0, 9.6e-05, -0.099037, 0.995049, 0.37472, 0.00195, -0.995164, -0.099025, 0.0, 0.0, 0.0, 0.0, 1.0],
                [0.999955, 0.00195, -8.7e-05, -0.0, -8.9e-05, 0.089737, 0.995931, 0.37472, 0.00195, -0.996045, 0.089727, 0.0, 0.0, 0.0, 0.0, 1.0],
                [0.999954, 0.001916, -0.00038, -0.0, -0.000381, 0.382186, 0.924069, 0.37472, 0.001915, -0.924164, 0.382146, -0.0, 0.0, 0.0, 0.0, 1.0],
                [0.999956, 0.001885, -0.000511, -0.0, -0.000513, 0.505852, 0.862619, 0.37472, 0.001884, -0.862698, 0.505805, -0.0, 0.0, 0.0, 0.0, 1.0],
                [0.999954, 0.001916, -0.000379, -0.0, -0.00038, 0.381417, 0.924388, 0.37472, 0.001915, -0.924482, 0.381377, 0.0, 0.0, 0.0, 0.0, 1.0],
                [0.999955, 0.001952, 7.6e-05, -0.0, 7.6e-05, -0.077575, 0.996951, 0.37472, 0.001952, -0.997066, -0.077566, -0.0, 0.0, 0.0, 0.0, 1.0],
                [0.999956, 0.00193, 0.000301, -0.0, 0.0003, -0.303811, 0.952709, 0.37472, 0.00193, -0.95281, -0.303778, -0.0, 0.0, 0.0, 0.0, 1.0],
                [0.999956, 0.001937, 0.000245, -0.0, 0.000245, -0.248962, 0.968486, 0.37472, 0.001937, -0.968591, -0.248935, -0.0, 0.0, 0.0, 0.0, 1.0],
                [0.999955, 0.001947, 0.000155, -0.0, 0.000153, -0.157417, 0.987499, 0.37472, 0.001947, -0.987611, -0.157399, 0.0, 0.0, 0.0, 0.0, 1.0],
                [0.999956, 0.001947, 0.000138, 0.0, 0.000137, -0.14068, 0.990021, 0.37472, 0.001947, -0.990133, -0.140664, 0.0, 0.0, 0.0, 0.0, 1.0],
                [0.999955, 0.001949, 0.000122, -0.0, 0.000121, -0.123904, 0.99226, 0.37472, 0.001949, -0.992374, -0.12389, -0.0, 0.0, 0.0, 0.0, 1.0],
                [0.999955, 0.001952, 6.9e-05, -0.0, 6.8e-05, -0.070055, 0.997507, 0.37472, 0.001952, -0.997622, -0.070047, 0.0, 0.0, 0.0, 0.0, 1.0],
                [0.999957, 0.001942, -0.00019, -0.0, -0.000193, 0.195544, 0.980664, 0.37472, 0.001942, -0.980773, 0.195521, 0.0, 0.0, 0.0, 0.0, 1.0],
                [0.999955, 0.001895, -0.000472, 1e-06, -0.000474, 0.470202, 0.882554, 0.37472, 0.001894, -0.882638, 0.470156, 0.0, 0.0, 0.0, 0.0, 1.0],
                [0.999956, 0.001938, -0.000233, 0.0, -0.000235, 0.237914, 0.971258, 0.37472, 0.001938, -0.971364, 0.237888, -0.0, 0.0, 0.0, 0.0, 1.0],
                [0.999956, 0.001951, -8.3e-05, 0.0, -8.5e-05, 0.086005, 0.996259, 0.374721, 0.00195, -0.996373, 0.085995, -0.0, 0.0, 0.0, 0.0, 1.0],
                [0.999956, 0.00195, -7.6e-05, -0.0, -7.8e-05, 0.078517, 0.996877, 0.37472, 0.00195, -0.996991, 0.078508, -0.0, 0.0, 0.0, 0.0, 1.0],
                [0.999955, 0.001924, -0.000334, 0.0, -0.000336, 0.337633, 0.941258, 0.37472, 0.001924, -0.941357, 0.337597, -0.0, 0.0, 0.0, 0.0, 1.0],
                [0.999955, 0.001737, -0.000893, -0.0, -0.000894, 0.813544, 0.581557, 0.37472, 0.001736, -0.581588, 0.813498, -0.0, 0.0, 0.0, 0.0, 1.0],
                [0.999956, 0.001515, -0.001233, 0.0, -0.001235, 0.979406, 0.202069, 0.37472, 0.001513, -0.202073, 0.97938, -0.0, 0.0, 0.0, 0.0, 1.0],
                [0.999956, 0.001929, -0.000308, 0.0, -0.000311, 0.31275, 0.949812, 0.37472, 0.001928, -0.949913, 0.312717, 0.0, 0.0, 0.0, 0.0, 1.0],
                [0.999955, 0.001923, 0.000341, -0.0, 0.000341, -0.343979, 0.938958, 0.37472, 0.001922, -0.939056, -0.343943, 0.0, 0.0, 0.0, 0.0, 1.0],
                [0.999955, 0.001783, 0.000797, 0.0, 0.000797, -0.745378, 0.666681, 0.37472, 0.001783, -0.666724, -0.745329, 0.0, 0.0, 0.0, 0.0, 1.0],
                [0.999954, 0.001693, 0.000973, 0.0, 0.000973, -0.864003, 0.503556, 0.37472, 0.001693, -0.503579, -0.86396, 0.0, 0.0, 0.0, 0.0, 1.0],
                [0.999955, 0.001727, 0.00091, -0.0, 0.000911, -0.825171, 0.564939, 0.37472, 0.001727, -0.564967, -0.825127, 0.0, 0.0, 0.0, 0.0, 1.0],
                [0.999955, 0.00181, 0.000732, 0.0, 0.000733, -0.695305, 0.718744, 0.37472, 0.00181, -0.718794, -0.695255, -0.0, 0.0, 0.0, 0.0, 1.0],
                [0.999956, 0.001829, 0.000682, -0.0, 0.000682, -0.65466, 0.755945, 0.37472, 0.001829, -0.756002, -0.654609, -0.0, 0.0, 0.0, 0.0, 1.0],
                [0.999956, 0.001836, 0.000664, -0.0, 0.000665, -0.640156, 0.768265, 0.37472, 0.001836, -0.768324, -0.640105, 0.0, 0.0, 0.0, 0.0, 1.0],
                [0.999955, 0.001858, 0.000599, -0.0, 0.000599, -0.584211, 0.811613, 0.37472, 0.001858, -0.811681, -0.58416, -0.0, 0.0, 0.0, 0.0, 1.0],
                [0.999955, 0.001896, 0.000467, -0.0, 0.000467, -0.464496, 0.88557, 0.37472, 0.001896, -0.885653, -0.464451, -0.0, 0.0, 0.0, 0.0, 1.0],
                [0.999955, 0.001934, 0.00027, -0.0, 0.000269, -0.27332, 0.961898, 0.37472, 0.001934, -0.962002, -0.273289, -0.0, 0.0, 0.0, 0.0, 1.0],
                [0.999956, 0.001952, -2.4e-05, -0.0, -2.5e-05, 0.025239, 0.999645, 0.37472, 0.001952, -0.999761, 0.025236, 0.0, 0.0, 0.0, 0.0, 1.0],
                [0.999957, 0.001391, -0.001371, 0.0, -0.001373, 0.999946, 0.013128, 0.37472, 0.001389, -0.013126, 0.999922, -0.0, 0.0, 0.0, 0.0, 1.0],
                [0.999955, 0.001586, -0.00114, 0.0, -0.001143, 0.948433, 0.317088, 0.37472, 0.001584, -0.317097, 0.948402, 0.0, 0.0, 0.0, 0.0, 1.0],
                [0.999955, 0.001865, -0.000581, -0.0, -0.000583, 0.568952, 0.822379, 0.374721, 0.001864, -0.822449, 0.568902, 0.0, 0.0, 0.0, 0.0, 1.0],
                [0.999955, 0.001946, -0.000163, 0.0, -0.000165, 0.167254, 0.985881, 0.37472, 0.001945, -0.985993, 0.167235, 0.0, 0.0, 0.0, 0.0, 1.0],
                [0.999954, 0.001908, 0.000415, 0.0, 0.000415, -0.415518, 0.909573, 0.37472, 0.001908, -0.909664, -0.415475, 0.0, 0.0, 0.0, 0.0, 1.0],
                [0.999955, 0.001913, 0.000391, 0.0, 0.000391, -0.392029, 0.919938, 0.37472, 0.001913, -0.920031, -0.391989, -0.0, 0.0, 0.0, 0.0, 1.0],
                [0.999955, 0.001919, 0.000366, 0.0, 0.000366, -0.368284, 0.929696, 0.37472, 0.001919, -0.929792, -0.368245, 0.0, 0.0, 0.0, 0.0, 1.0],
                [0.999954, 0.001924, 0.000337, 0.0, 0.000336, -0.339344, 0.940643, 0.37472, 0.001924, -0.940742, -0.339307, -0.0, 0.0, 0.0, 0.0, 1.0],
                [0.999955, 0.00193, 0.000306, 0.0, 0.000307, -0.310064, 0.950693, 0.37472, 0.001929, -0.950795, -0.31003, 0.0, 0.0, 0.0, 0.0, 1.0],
                [0.999955, 0.001934, 0.000277, -0.0, 0.000277, -0.280487, 0.959833, 0.37472, 0.001934, -0.959937, -0.280456, 0.0, 0.0, 0.0, 0.0, 1.0],
