{
    "animation": [
        {
            "name": "Root",
            "time": [0.0, 0.0333, 0.0667, 0.1, 0.1333, 0.1667, 0.2, 0.2333, 0.2667, 0.3, 0.3333, 0.3667],
            "transform": [
                [-0.150469, -0.045556, -0.987565, -0.406084, -0.880029, 0.461331, 0.112804, -0.170566, 0.450455, 0.886058, -0.109506, 0.205389, 0.0, 0.0, 0.0, 1.0],
                [0.141354, -0.285691, -0.947841, -0.462252, -0.851885, 0.45263, -0.263474, 0.042351, 0.504293, 0.844693, -0.179395, 0.09347, 0.0, 0.0, 0.0, 1.0],
                [0.359546, -0.429079, -0.828625, -0.66182, -0.753624, 0.390121, -0.529016, 0.271729, 0.550253, 0.814676, -0.183098, 0.034648, 0.0, 0.0, 0.0, 1.0],
                [0.49574, -0.429919, -0.754595, -1.108198, -0.669432, 0.364361, -0.647382, 0.524338, 0.553266, 0.826082, -0.107173, 0.068942, 0.0, 0.0, 0.0, 1.0],
                [0.599667, -0.389058, -0.699311, -1.644471, -0.598024, 0.362807, -0.714661, 0.789647, 0.531758, 0.846762, -0.015103, 0.134356, 0.0, 0.0, 0.0, 1.0],
                [0.667125, -0.378231, -0.641784, -2.198526, -0.536863, 0.353163, -0.766196, 1.073437, 0.516452, 0.855698, 0.032545, 0.194358, 0.0, 0.0, 0.0, 1.0],
                [0.690727, -0.409699, -0.595856, -2.76567, -0.502081, 0.32128, -0.80293, 1.382745, 0.520396, 0.853771, 0.016215, 0.24231, 0.0, 0.0, 0.0, 1.0],
                [0.750672, -0.379575, -0.540753, -3.33157, -0.44161, 0.320496, -0.838013, 1.710982, 0.491397, 0.867874, 0.072964, 0.284235, 0.0, 0.0, 0.0, 1.0],
                [0.83089, -0.274301, -0.48413, -3.850465, -0.374259, 0.368353, -0.851028, 2.038259, 0.411768, 0.8883, 0.203401, 0.311334, 0.0, 0.0, 0.0, 1.0],
                [0.790625, -0.183406, -0.584188, -4.222344, -0.492257, 0.377006, -0.784571, 2.312837, 0.364137, 0.907871, 0.207788, 0.296442, 0.0, 0.0, 0.0, 1.0],
                [0.590547, -0.109391, -0.799556, -4.465234, -0.734133, 0.338608, -0.588553, 2.538947, 0.335118, 0.934547, 0.119657, 0.241151, 0.0, 0.0, 0.0, 1.0],
                [0.291597, -0.064382, -0.954373, -4.532467, -0.910242, 0.287977, -0.297541, 2.60599, 0.293994, 0.955471, 0.02537, 0.177963, 0.0, 0.0, 0.0, 1.0]
            ]
        },
        {
            "name": "Thigh_R",
            "time": [0.0, 0.0333, 0.0667, 0.1, 0.1333, 0.1667, 0.2, 0.2333, 0.2667, 0.3, 0.3333, 0.3667],
            "transform": [
                [0.355348, -0.667014, -0.65485, 0.077646, -0.235065, -0.741838, 0.628039, 0.136352, -0.904682, -0.069241, -0.420402, -0.119022, 0.0, 0.0, 0.0, 1.0],
                [0.336159, -0.879846, -0.336007, 0.082666, -0.352672, -0.448422, 0.821307, 0.113803, -0.873254, -0.157596, -0.461039, -0.13034, 0.0, 0.0, 0.0, 1.0],
                [0.323621, -0.93727, -0.129807, 0.087687, -0.21549, -0.206604, 0.954401, 0.091253, -0.921283, -0.280912, -0.268834, -0.141658, 0.0, 0.0, 0.0, 1.0],
                [0.257055, -0.962258, -0.089809, 0.092707, 0.052757, -0.078824, 0.995493, 0.068703, -0.964907, -0.26066, 0.030503, -0.152976, 0.0, 0.0, 0.0, 1.0],
                [0.169326, -0.98095, -0.09569, 0.097727, 0.357165, -0.029414, 0.933573, 0.046153, -0.918513, -0.192273, 0.34538, -0.164294, 0.0, 0.0, 0.0, 1.0],
                [0.099036, -0.990307, -0.097868, 0.102747, 0.534172, -0.030069, 0.844826, 0.023603, -0.839499, -0.13596, 0.526016, -0.175612, 0.0, 0.0, 0.0, 1.0],
                [0.048877, -0.994702, -0.090976, 0.104215, 0.522294, -0.052186, 0.851153, 0.000263, -0.851307, -0.089127, 0.516976, -0.185136, 0.0, 0.0, 0.0, 1.0],
                [0.07445, -0.983356, -0.16602, 0.105199, 0.378607, -0.126148, 0.916915, -0.017588, -0.922508, -0.131133, 0.362913, -0.19152, 0.0, 0.0, 0.0, 1.0],
                [0.215936, -0.915707, -0.339017, 0.105795, 0.221908, -0.29211, 0.930287, -0.030506, -0.950807, -0.276139, 0.140125, -0.195391, 0.0, 0.0, 0.0, 1.0],
                [0.260359, -0.912979, -0.314257, 0.106102, 0.020153, -0.320289, 0.947112, -0.039045, -0.965252, -0.252947, -0.064991, -0.19738, 0.0, 0.0, 0.0, 1.0],
                [0.124659, -0.968859, -0.214152, 0.106214, -0.270338, -0.240848, 0.932154, -0.043761, -0.954612, -0.058313, -0.291944, -0.198112, 0.0, 0.0, 0.0, 1.0],
                [-0.05782, -0.978331, -0.199038, 0.106231, -0.538431, -0.137332, 0.831389, -0.045211, -0.840628, 0.155254, -0.518823, -0.198217, 0.0, 0.0, 0.0, 1.0]
            ]
        },
        {
            "name": "Leg_R",
            "time": [0.0, 0.0333, 0.0667, 0.1, 0.1333, 0.1667, 0.2, 0.2333, 0.2667, 0.3, 0.3333, 0.3667],
            "transform": [
                [0.999989, 0.001904, 0.000432, 0.0, 0.000431, -0.431074, 0.902318, 0.37472, 0.001904, -0.902328, -0.431068, -0.0, 0.0, 0.0, 0.0, 1.0],
                [0.999978, 0.00186, 0.000598, 0.0, 0.000598, -0.582934, 0.812527, 0.37472, 0.00186, -0.812545, -0.58292, 0.0, 0.0, 0.0, 0.0, 1.0],
                [0.999967, 0.001836, 0.000669, 0.0, 0.000668, -0.642846, 0.766011, 0.37472, 0.001836, -0.766042, -0.642819, 0.0, 0.0, 0.0, 0.0, 1.0],
                [0.999955, 0.001806, 0.000743, 0.0, 0.000742, -0.703387, 0.710837, 0.37472, 0.001807, -0.710885, -0.703338, 0.0, 0.0, 0.0, 0.0, 1.0],
                [0.999954, 0.001781, 0.000802, 0.0, 0.000801, -0.748544, 0.663125, 0.37472, 0.001781, -0.663167, -0.748495, -0.0, 0.0, 0.0, 0.0, 1.0],
                [0.999954, 0.001773, 0.000817, 0.0, 0.000817, -0.760111, 0.649836, 0.37472, 0.001773, -0.649875, -0.760063, 0.0, 0.0, 0.0, 0.0, 1.0],
                [0.999954, 0.001789, 0.000786, 0.0, 0.000786, -0.73667, 0.67629, 0.37472, 0.001789, -0.676335, -0.73662, 0.0, 0.0, 0.0, 0.0, 1.0],
                [0.999955, 0.001847, 0.000645, 0.0, 0.000645, -0.622398, 0.782718, 0.37472, 0.001847, -0.782779, -0.622347, 0.0, 0.0, 0.0, 0.0, 1.0],
                [0.999954, 0.001942, 0.0003, 0.0, 0.000299, -0.301424, 0.953467, 0.37472, 0.001942, -0.95357, -0.301391, 0.0, 0.0, 0.0, 0.0, 1.0],
                [0.999955, 0.001955, 7e-06, -0.0, 5e-06, -0.005691, 0.999948, 0.37472, 0.001955, -1.000063, -0.00569, 0.0, 0.0, 0.0, 0.0, 1.0],
                [0.999955, 0.00195, -0.00012, 0.0, -0.000122, 0.123781, 0.992275, 0.37472, 0.00195, -0.992389, 0.123767, -0.0, 0.0, 0.0, 0.0, 1.0],
                [0.999956, 0.001939, -0.000217, 0.0, -0.000219, 0.222126, 0.974989, 0.37472, 0.001938, -0.975096, 0.222101, 0.0, 0.0, 0.0, 0.0, 1.0]
            ]
        },
        {
            "name": "Knee_R",
            "time": [0.0, 0.3667],
            "transform": [
                [1.0, 0.0, -0.0, 0.0, -0.0, 1e-06, -1.0, 0.37472, -0.0, 1.0, 1e-06, -0.0, 0.0, 0.0, 0.0, 1.0],
                [1.0, 0.0, -0.0, 0.0, -0.0, 1e-06, -1.0, 0.37472, -0.0, 1.0, 1e-06, 0.0, 0.0, 0.0, 0.0, 1.0]
            ]
        },
        {
            "name": "Thigh_L",
            "time": [0.0, 0.0333, 0.0667, 0.1, 0.1333, 0.1667, 0.2, 0.2333, 0.2667, 0.3, 0.3333, 0.3667],
            "transform": [
                [-0.11522, -0.958594, -0.260558, 0.057398, 0.230094, -0.280938, 0.931737, -0.046659, -0.966285, 0.047406, 0.252936, 0.13936, 0.0, 0.0, 0.0, 1.0],
                [-0.045285, -0.957224, -0.285863, 0.034942, 0.316125, -0.285189, 0.904839, -0.026009, -0.94761, -0.049395, 0.315517, 0.150037, 0.0, 0.0, 0.0, 1.0],
                [-0.011344, -0.829597, -0.558263, 0.012486, 0.487403, -0.492075, 0.721319, -0.00536, -0.873089, -0.263923, 0.40993, 0.160714, 0.0, 0.0, 0.0, 1.0],
                [-0.167004, -0.414987, -0.89437, -0.00997, 0.624205, -0.746669, 0.229898, 0.015289, -0.763203, -0.519875, 0.383734, 0.171392, 0.0, 0.0, 0.0, 1.0],
                [-0.356859, 0.1561, -0.921025, -0.032426, 0.567285, -0.747112, -0.346426, 0.035939, -0.742184, -0.646108, 0.178061, 0.182069, 0.0, 0.0, 0.0, 1.0],
                [-0.433629, 0.457016, -0.776598, -0.054882, 0.446873, -0.639323, -0.625756, 0.056588, -0.782476, -0.618385, 0.073001, 0.192746, 0.0, 0.0, 0.0, 1.0],
                [-0.424001, 0.462749, -0.778517, -0.047724, 0.364641, -0.69963, -0.614455, 0.069454, -0.829009, -0.544409, 0.127908, 0.188856, 0.0, 0.0, 0.0, 1.0],
                [-0.381043, 0.441777, -0.812183, -0.029826, 0.293894, -0.775015, -0.559446, 0.078078, -0.876601, -0.451869, 0.165479, 0.17913, 0.0, 0.0, 0.0, 1.0],
                [-0.327227, 0.360804, -0.873353, -0.00656, 0.25938, -0.854439, -0.450176, 0.083309, -0.908648, -0.37384, 0.186011, 0.166487, 0.0, 0.0, 0.0, 1.0],
                [-0.26758, -0.065741, -0.961292, 0.016707, 0.322188, -0.946346, -0.024965, 0.085995, -0.908071, -0.316397, 0.274405, 0.153843, 0.0, 0.0, 0.0, 1.0],
                [-0.118186, -0.646309, -0.753869, 0.034603, 0.236762, -0.755634, 0.610706, 0.086985, -0.964351, -0.106311, 0.242327, 0.144118, 0.0, 0.0, 0.0, 1.0],
                [-0.06973, -0.951721, -0.298941, 0.041763, -0.011654, -0.298873, 0.954223, 0.087126, -0.997498, 0.070021, 0.009749, 0.140227, 0.0, 0.0, 0.0, 1.0]
            ]
        },
        {
            "name": "Leg_L",
            "time": [0.0, 0.0333, 0.0667, 0.1, 0.1333, 0.1667, 0.2, 0.2333, 0.2667, 0.3, 0.3333, 0.3667],
            "transform": [
                [0.999965, -0.001948, -0.000168, 0.0, -0.000169, -0.171703, 0.985126, 0.37472, -0.001948, -0.985206, -0.171689, -0.0, 0.0, 0.0, 0.0, 1.0],
                [0.999979, -0.001924, -0.000355, 0.0, -0.000355, -0.356604, 0.934249, 0.37472, -0.001924, -0.934288, -0.356589, -0.0, 0.0, 0.0, 0.0, 1.0],
                [0.999992, -0.00195, -0.00025, 0.0, -0.00025, -0.252643, 0.967554, 0.37472, -0.00195, -0.967571, -0.252638, 0.0, 0.0, 0.0, 0.0, 1.0],
                [1.000005, -0.001942, 0.000376, -0.0, 0.000375, 0.372728, 0.927939, 0.37472, -0.001942, -0.927934, 0.372729, -0.0, 0.0, 0.0, 0.0, 1.0],
                [1.000005, -0.001661, 0.001061, 0.0, 0.00106, 0.907048, 0.421016, 0.37472, -0.001662, -0.421012, 0.907051, -0.0, 0.0, 0.0, 0.0, 1.0],
                [1.000005, -0.001411, 0.001353, 0.0, 0.001351, 0.999048, 0.043529, 0.37472, -0.001413, -0.043527, 0.999049, -0.0, 0.0, 0.0, 0.0, 1.0],
                [1.000005, -0.001431, 0.001333, 0.0, 0.001331, 0.997382, 0.072244, 0.37472, -0.001433, -0.072242, 0.997385, 0.0, 0.0, 0.0, 0.0, 1.0],
                [1.000004, -0.001522, 0.001244, 0.0, 0.001242, 0.979764, 0.200136, 0.37472, -0.001523, -0.200134, 0.979766, -0.0, 0.0, 0.0, 0.0, 1.0],
                [1.000004, -0.001674, 0.001011, -0.0, 0.00101, 0.884824, 0.465916, 0.37472, -0.001675, -0.465913, 0.884828, -0.0, 0.0, 0.0, 0.0, 1.0],
                [1.000005, -0.001949, 0.000476, 0.0, 0.000474, 0.460096, 0.887867, 0.37472, -0.001949, -0.887862, 0.460098, 0.0, 0.0, 0.0, 0.0, 1.0],
                [1.000006, -0.001958, -0.000173, 0.0, -0.000172, -0.174861, 0.984592, 0.37472, -0.001958, -0.984586, -0.174862, -0.0, 0.0, 0.0, 0.0, 1.0],
                [1.000005, -0.001809, -0.000584, 0.0, -0.000583, -0.584576, 0.811336, 0.374721, -0.001809, -0.811332, -0.584578, 0.0, 0.0, 0.0, 0.0, 1.0]
            ]
        },
        {
            "name": "Knee_L",
            "time": [0.0, 0.3667],
            "transform": [
                [1.0, 0.0, -0.0, 0.0, -0.0, 1e-06, -1.0, 0.37472, -0.0, 1.0, 1e-06, -0.0, 0.0, 0.0, 0.0, 1.0],
                [1.0, 0.0, -0.0, 0.0, -0.0, 1e-06, -1.0, 0.374721, -0.0, 1.0, 1e-06, 0.0, 0.0, 0.0, 0.0, 1.0]
            ]
        },
        {
            "name": "Torso",
            "time": [0.0, 0.0333, 0.0667, 0.1, 0.1333, 0.1667, 0.2, 0.2333, 0.2667, 0.3, 0.3333, 0.3667],
            "transform": [
                [-0.015364, -0.784198, 0.620321, -0.0, 0.423768, 0.556813, 0.714409, 0.05, -0.905639, 0.273849, 0.323764, -0.0, 0.0, 0.0, 0.0, 1.0],
                [-0.022292, -0.700591, 0.713215, 0.0, 0.353965, 0.661652, 0.661004, 0.05, -0.934991, 0.267189, 0.233236, 0.0, 0.0, 0.0, 0.0, 1.0],
                [-0.022734, -0.705896, 0.707952, 0.0, 0.294279, 0.672036, 0.679535, 0.05, -0.955448, 0.223784, 0.192453, -0.0, 0.0, 0.0, 0.0, 1.0],
                [-0.021014, -0.860096, 0.509703, 0.0, 0.251711, 0.488842, 0.83527, 0.05, -0.967571, 0.145851, 0.206223, 0.0, 0.0, 0.0, 0.0, 1.0],
                [-0.021818, -0.973874, 0.226048, 0.0, 0.220545, 0.215843, 0.951196, 0.05, -0.97513, 0.070607, 0.210074, 0.0, 0.0, 0.0, 0.0, 1.0],
                [-0.009336, -0.998144, 0.060236, 0.0, 0.176793, 0.057642, 0.982559, 0.05, -0.9842, 0.019822, 0.175927, -0.0, 0.0, 0.0, 0.0, 1.0],
                [0.032299, -0.995223, 0.092157, -0.0, 0.104316, 0.095058, 0.989992, 0.05, -0.994016, -0.022363, 0.106888, 0.0, 0.0, 0.0, 0.0, 1.0],
                [0.108497, -0.984107, 0.140605, 0.0, 0.051001, 0.146764, 0.987856, 0.05, -0.992783, -0.100009, 0.066114, -0.0, 0.0, 0.0, 0.0, 1.0],
                [0.219122, -0.964315, 0.148617, -0.0, 0.026207, 0.158081, 0.987079, 0.05, -0.975342, -0.212398, 0.059911, 0.0, 0.0, 0.0, 0.0, 1.0],
                [0.325824, -0.920982, 0.213621, -0.0, -0.052393, 0.208015, 0.976723, 0.05, -0.943975, -0.329434, 0.019523, 0.0, 0.0, 0.0, 0.0, 1.0],
                [0.394887, -0.853365, 0.340344, -0.0, -0.191903, 0.285664, 0.93892, 0.05, -0.898461, -0.436082, -0.050958, 0.0, 0.0, 0.0, 0.0, 1.0],
                [0.427035, -0.769628, 0.474674, 0.0, -0.346665, 0.345489, 0.872045, 0.05, -0.835141, -0.536947, -0.119268, 0.0, 0.0, 0.0, 0.0, 1.0]
            ]
        },
        {
            "name": "Chest",
            "time": [0.0, 0.0333, 0.0667, 0.1, 0.1333, 0.1667, 0.2, 0.2333, 0.2667, 0.3, 0.3333, 0.3667],
            "transform": [
                [0.889574, 0.440821, 0.119713, -0.0, -0.355473, 0.832666, -0.424628, 0.3, -0.286865, 0.335185, 0.897419, 0.0, 0.0, 0.0, 0.0, 1.0],
                [0.937911, 0.327507, 0.114272, 0.0, -0.296246, 0.927684, -0.227253, 0.3, -0.180434, 0.179291, 0.967109, 0.0, 0.0, 0.0, 0.0, 1.0],
                [0.962506, 0.247988, 0.109905, -0.0, -0.228396, 0.959518, -0.164814, 0.3, -0.146327, 0.133533, 0.980183, 0.0, 0.0, 0.0, 0.0, 1.0],
                [0.967264, 0.229928, 0.107375, 0.0, -0.177592, 0.915588, -0.360783, 0.3, -0.181264, 0.329905, 0.926448, -0.0, 0.0, 0.0, 0.0, 1.0],
                [0.966308, 0.239644, 0.093885, -0.0, -0.137355, 0.78865, -0.599306, 0.3, -0.217661, 0.566222, 0.794995, 0.0, 0.0, 0.0, 0.0, 1.0],
                [0.969198, 0.23591, 0.070699, -0.0, -0.113004, 0.681072, -0.723445, 0.3, -0.218818, 0.693178, 0.68675, 0.0, 0.0, 0.0, 0.0, 1.0],
                [0.978945, 0.194274, 0.062614, -0.0, -0.087013, 0.674693, -0.732953, 0.3, -0.184638, 0.712077, 0.67739, 0.0, 0.0, 0.0, 0.0, 1.0],
                [0.985681, 0.142772, 0.089691, 0.0, -0.031584, 0.67889, -0.733561, 0.3, -0.165622, 0.720231, 0.673675, -0.0, 0.0, 0.0, 0.0, 1.0],
                [0.983858, 0.087664, 0.155992, 0.0, 0.059555, 0.66165, -0.747445, 0.3, -0.168735, 0.744676, 0.645747, 0.0, 0.0, 0.0, 0.0, 1.0],
                [0.976326, -0.006296, 0.216199, -0.0, 0.166332, 0.660812, -0.73189, 0.299999, -0.138259, 0.750529, 0.646214, -0.0, 0.0, 0.0, 0.0, 1.0],
                [0.958202, -0.138603, 0.250268, -0.0, 0.276644, 0.671795, -0.687139, 0.3, -0.072889, 0.727657, 0.682059, -0.0, 0.0, 0.0, 0.0, 1.0],
                [0.921784, -0.277176, 0.27108, -1e-06, 0.38765, 0.669969, -0.633144, 0.3, -0.006123, 0.68871, 0.725013, 0.0, 0.0, 0.0, 0.0, 1.0]
            ]
        },
        {
            "name": "Head",
            "time": [0.0, 0.0333, 0.0667, 0.1, 0.1333, 0.1667, 0.2, 0.2333, 0.2667, 0.3, 0.3333, 0.3667],
            "transform": [
                [0.877465, -0.373121, 0.301395, -0.0, 0.462933, 0.823233, -0.328607, 0.4, -0.125509, 0.427867, 0.895084, -0.0, 0.0, 0.0, 0.0, 1.0],
                [0.962542, -0.156911, 0.221125, -0.0, 0.22699, 0.912381, -0.340638, 0.4, -0.148301, 0.378071, 0.91382, 0.0, 0.0, 0.0, 0.0, 1.0],
                [0.98789, -0.014823, 0.154466, 0.0, 0.068861, 0.933925, -0.350771, 0.4, -0.139061, 0.357159, 0.923632, -0.0, 0.0, 0.0, 0.0, 1.0],
                [0.995184, -0.027822, 0.094035, 0.0, 0.062329, 0.919759, -0.387498, 0.4, -0.075709, 0.391492, 0.917059, 0.0, 0.0, 0.0, 0.0, 1.0],
                [0.995229, -0.087255, 0.043696, -0.0, 0.097573, 0.896767, -0.43161, 0.4, -0.001525, 0.433815, 0.900998, -0.0, 0.0, 0.0, 0.0, 1.0],
                [0.991134, -0.129998, -0.027496, 0.0, 0.10495, 0.892814, -0.43803, 0.4, 0.081492, 0.431262, 0.898537, -0.0, 0.0, 0.0, 0.0, 1.0],
                [0.975994, -0.145141, -0.1624, 0.0, 0.072604, 0.919767, -0.385688, 0.4, 0.20535, 0.364638, 0.908222, 0.0, 0.0, 0.0, 0.0, 1.0],
                [0.91959, -0.128122, -0.371402, 0.0, -0.003559, 0.942577, -0.33397, 0.4, 0.392865, 0.308438, 0.866326, -0.0, 0.0, 0.0, 0.0, 1.0],
                [0.8063, -0.084103, -0.585497, -0.0, -0.103754, 0.954385, -0.279973, 0.4, 0.582336, 0.28649, 0.760794, 0.0, 0.0, 0.0, 0.0, 1.0],
                [0.786145, 0.023441, -0.617599, 0.0, -0.150761, 0.976366, -0.154845, 0.4, 0.599374, 0.214839, 0.7711, -0.0, 0.0, 0.0, 0.0, 1.0],
                [0.867592, 0.147475, -0.474908, 0.0, -0.165213, 0.986246, 0.004445, 0.4, 0.469034, 0.074604, 0.880023, 0.0, 0.0, 0.0, 0.0, 1.0],
                [0.938017, 0.229335, -0.259871, 0.0, -0.2008, 0.970716, 0.13186, 0.4, 0.282502, -0.071505, 0.956597, 0.0, 0.0, 0.0, 0.0, 1.0]
            ]
        },
        {
            "name": "Shoulder_R",
            "time": [0.0, 0.0333, 0.0667, 0.1, 0.1333, 0.1667, 0.2, 0.2333, 0.2667, 0.3, 0.3333, 0.3667],
            "transform": [
                [-0.494738, 0.729217, 0.472733, -0.0, 0.317535, -0.354673, 0.87942, 0.4, 0.808953, 0.585192, -0.056082, -0.0, 0.0, 0.0, 0.0, 1.0],
                [-0.486751, 0.687319, 0.539133, -0.0, 0.212972, -0.505186, 0.836318, 0.4, 0.847182, 0.5219, 0.09952, 0.0, 0.0, 0.0, 0.0, 1.0],
                [-0.401511, 0.667119, 0.627487, 0.0, 0.146627, -0.629477, 0.763058, 0.4, 0.904042, 0.398382, 0.154924, -0.0, 0.0, 0.0, 0.0, 1.0],
                [-0.34954, 0.640652, 0.683656, 0.0, 0.271716, -0.629011, 0.728364, 0.4, 0.896657, 0.440353, 0.045789, 0.0, 0.0, 0.0, 0.0, 1.0],
                [-0.331664, 0.613407, 0.716751, -0.0, 0.455979, -0.560883, 0.691009, 0.4, 0.825882, 0.556007, -0.093676, -0.0, 0.0, 0.0, 0.0, 1.0],
                [-0.248726, 0.651121, 0.717063, 0.0, 0.532618, -0.526397, 0.662741, 0.4, 0.808981, 0.546761, -0.215871, -0.0, 0.0, 0.0, 0.0, 1.0],
                [-0.219317, 0.664699, 0.714195, 0.0, 0.53204, -0.532118, 0.658623, 0.4, 0.817823, 0.524426, -0.236944, 0.0, 0.0, 0.0, 0.0, 1.0],
                [-0.252225, 0.624517, 0.739164, 0.0, 0.539348, -0.543474, 0.643226, 0.4, 0.80342, 0.560904, -0.199755, -0.0, 0.0, 0.0, 0.0, 1.0],
                [-0.308277, 0.554722, 0.77282, -0.0, 0.567795, -0.544516, 0.617343, 0.4, 0.763265, 0.629114, -0.147107, 0.0, 0.0, 0.0, 0.0, 1.0],
                [-0.363192, 0.400587, 0.841204, 0.0, 0.60262, -0.587582, 0.539997, 0.4, 0.710591, 0.703046, -0.027997, -0.0, 0.0, 0.0, 0.0, 1.0],
                [-0.311903, 0.385324, 0.868472, 0.0, 0.573317, -0.652571, 0.495437, 0.4, 0.757645, 0.652435, -0.017374, 0.0, 0.0, 0.0, 0.0, 1.0],
                [-0.176989, 0.477461, 0.860644, 0.0, 0.475475, -0.724153, 0.499525, 0.4, 0.861742, 0.497622, -0.098853, 0.0, 0.0, 0.0, 0.0, 1.0]
            ]
        },
        {
            "name": "Arm_R",
            "time": [0.0, 0.0333, 0.0667, 0.1, 0.1333, 0.1667, 0.2, 0.2333, 0.2667, 0.3, 0.3333, 0.3667],
            "transform": [
                [-0.155227, 0.147312, -0.976832, 0.0, 0.530402, 0.846636, 0.043391, 0.393861, 0.833414, -0.511379, -0.209555, -0.0, 0.0, 0.0, 0.0, 1.0],
                [-0.158281, 0.223169, -0.961843, -0.0, 0.532389, 0.839685, 0.107214, 0.39386, 0.83157, -0.495106, -0.251718, -0.0, 0.0, 0.0, 0.0, 1.0],
                [-0.023183, 0.128279, -0.991467, 0.0, 0.530468, 0.84219, 0.09656, 0.393861, 0.84739, -0.523703, -0.087572, 0.0, 0.0, 0.0, 0.0, 1.0],
                [0.162387, -0.013171, -0.986639, 0.0, 0.545004, 0.834747, 0.078557, 0.39386, 0.822556, -0.550482, 0.142731, 0.0, 0.0, 0.0, 0.0, 1.0],
                [0.320578, -0.123036, -0.939199, -0.0, 0.57937, 0.809897, 0.091661, 0.393861, 0.749372, -0.57353, 0.330918, 0.0, 0.0, 0.0, 0.0, 1.0],
                [0.527203, -0.26756, -0.806518, 0.0, 0.589544, 0.798713, 0.120401, 0.39386, 0.611961, -0.538953, 0.578822, 0.0, 0.0, 0.0, 0.0, 1.0],
                [0.687877, -0.309538, -0.656516, -0.0, 0.557376, 0.804652, 0.204621, 0.393861, 0.464927, -0.506682, 0.726029, 0.0, 0.0, 0.0, 0.0, 1.0],
                [0.777218, -0.303688, -0.551097, -0.0, 0.517446, 0.806805, 0.285161, 0.393861, 0.358027, -0.506795, 0.784205, -0.0, 0.0, 0.0, 0.0, 1.0],
                [0.808212, -0.302864, -0.50504, 0.0, 0.49874, 0.808045, 0.313567, 0.39386, 0.313125, -0.505313, 0.804124, 0.0, 0.0, 0.0, 0.0, 1.0],
                [0.72394, -0.260133, -0.638939, 0.0, 0.543927, 0.784922, 0.296723, 0.39386, 0.424328, -0.562347, 0.709728, -0.0, 0.0, 0.0, 0.0, 1.0],
                [0.625371, -0.317831, -0.712669, -0.0, 0.568537, 0.811148, 0.137148, 0.39386, 0.534487, -0.490948, 0.687966, -0.0, 0.0, 0.0, 0.0, 1.0],
                [0.598189, -0.450442, -0.662777, 0.0, 0.535222, 0.840126, -0.087907, 0.393861, 0.596412, -0.302148, 0.743641, -0.0, 0.0, 0.0, 0.0, 1.0]
            ]
        },
        {
            "name": "Hand_R",
            "time": [0.0, 0.0333, 0.0667, 0.1, 0.1333, 0.1667, 0.2, 0.2333, 0.2667, 0.3, 0.3333, 0.3667],
            "transform": [
                [0.999999, 0.001903, 0.000443, -0.0, -0.000443, 0.441339, -0.897339, 0.3, -0.001903, 0.897339, 0.441338, -0.0, 0.0, 0.0, 0.0, 1.0],
                [0.999999, 0.001808, 0.000756, -0.0, -0.000757, 0.712149, -0.702027, 0.3, -0.001807, 0.702026, 0.712148, -0.0, 0.0, 0.0, 0.0, 1.0],
                [0.999999, 0.001501, 0.001252, 0.0, -0.001253, 0.983832, -0.179091, 0.3, -0.0015, 0.17909, 0.98383, 0.0, 0.0, 0.0, 0.0, 1.0],
                [0.999997, 0.001425, 0.001341, 0.0, -0.001341, 0.998155, -0.060711, 0.3, -0.001425, 0.060709, 0.998154, 0.0, 0.0, 0.0, 0.0, 1.0],
                [0.999997, 0.001529, 0.001218, 0.0, -0.001218, 0.974785, -0.223148, 0.3, -0.001529, 0.223146, 0.974783, 0.0, 0.0, 0.0, 0.0, 1.0],
                [0.999998, 0.001436, 0.001327, -0.0, -0.001327, 0.99686, -0.079183, 0.3, -0.001436, 0.079181, 0.996858, -0.0, 0.0, 0.0, 0.0, 1.0],
                [0.999998, 0.001389, 0.001375, 0.0, -0.001375, 0.999949, -0.010042, 0.3, -0.001389, 0.01004, 0.999948, 0.0, 0.0, 0.0, 0.0, 1.0],
                [0.999997, 0.00139, 0.001374, -0.0, -0.001374, 0.999939, -0.011024, 0.3, -0.00139, 0.011022, 0.999938, -0.0, 0.0, 0.0, 0.0, 1.0],
                [0.999997, 0.00139, 0.001374, 0.0, -0.001373, 0.999928, -0.012007, 0.3, -0.001391, 0.012005, 0.999927, 0.0, 0.0, 0.0, 0.0, 1.0],
                [0.999998, 0.001819, 0.000887, 0.0, -0.000888, 0.788065, -0.615591, 0.3, -0.001819, 0.615589, 0.788064, 0.0, 0.0, 0.0, 0.0, 1.0],
                [0.999998, 0.001898, 0.000465, -0.0, -0.000465, 0.462553, -0.886591, 0.3, -0.001898, 0.88659, 0.462553, 0.0, 0.0, 0.0, 0.0, 1.0],
                [0.999998, 0.001897, 0.000469, 0.0, -0.00047, 0.466369, -0.88459, 0.3, -0.001897, 0.884587, 0.46637, 0.0, 0.0, 0.0, 0.0, 1.0]
            ]
        },
        {
            "name": "Tool_R",
            "time": [0.0, 0.0333, 0.0667, 0.1, 0.1333, 0.1667, 0.2, 0.2333, 0.2667, 0.3, 0.3333, 0.3667],
            "transform": [
                [0.88773, 0.069802, -0.45396, -0.002553, -0.340549, -0.562243, -0.753927, 0.27224, -0.307233, 0.823929, -0.475457, 0.025041, 0.0, 0.0, 0.0, 1.0],
                [0.924571, -0.048732, -0.376242, -0.002553, -0.348353, -0.499915, -0.793218, 0.27224, -0.149116, 0.864698, -0.479231, 0.025042, 0.0, 0.0, 0.0, 1.0],
                [0.947702, -0.153344, -0.278082, -0.002552, -0.314023, -0.578668, -0.752942, 0.27224, -0.04538, 0.801001, -0.596481, 0.025042, 0.0, 0.0, 0.0, 1.0],
                [0.976539, -0.107402, -0.184623, -0.002552, -0.213236, -0.448966, -0.867798, 0.272241, 0.010298, 0.887007, -0.461058, 0.025042, 0.0, 0.0, 0.0, 1.0],
                [0.997715, -0.015355, -0.059452, -0.002552, -0.061184, -0.1708, -0.983303, 0.27224, 0.004937, 0.985129, -0.171218, 0.025042, 0.0, 0.0, 0.0, 1.0],
                [0.99856, 0.030315, 0.034141, -0.002552, 0.036775, -0.091572, -0.994996, 0.27224, -0.026999, 0.995279, -0.092487, 0.025042, 0.0, 0.0, 0.0, 1.0],
                [0.998918, 0.005589, 0.03654, -0.002552, 0.036779, -0.054236, -0.997722, 0.27224, -0.00359, 0.998454, -0.054347, 0.025042, 0.0, 0.0, 0.0, 1.0],
                [0.996557, 0.075283, -0.020758, -0.002552, -0.014234, -0.086242, -0.996048, 0.27224, -0.07667, 0.993367, -0.084812, 0.025041, 0.0, 0.0, 0.0, 1.0],
                [0.951888, 0.282668, -0.116001, -0.002552, -0.053069, -0.22106, -0.973727, 0.27224, -0.300498, 0.933338, -0.195273, 0.025042, 0.0, 0.0, 0.0, 1.0],
                [0.827644, 0.456476, -0.326215, -0.002552, -0.272229, -0.181669, -0.944797, 0.272241, -0.489996, 0.870929, -0.026079, 0.025041, 0.0, 0.0, 0.0, 1.0],
                [0.699875, 0.475171, -0.533161, -0.002553, -0.437233, -0.305257, -0.845837, 0.27224, -0.564096, 0.825178, -0.005885, 0.025042, 0.0, 0.0, 0.0, 1.0],
                [0.613047, 0.360161, -0.703068, -0.002553, -0.445149, -0.577917, -0.684008, 0.272241, -0.652088, 0.732246, -0.193813, 0.025041, 0.0, 0.0, 0.0, 1.0]
            ]
        },
        {
            "name": "Elbow_R",
            "time": [0.0, 0.3667],
            "transform": [
                [-1.0, 0.0, -0.0, -0.0, 0.0, -0.0, -1.0, 0.3, -0.0, -1.0, 0.0, -0.0, 0.0, 0.0, 0.0, 1.0],
                [-1.0, 0.0, -0.0, 0.0, 0.0, 0.0, -1.0, 0.3, -0.0, -1.0, 0.0, 0.0, 0.0, 0.0, 0.0, 1.0]
            ]
        },
        {
            "name": "Shoulder_L",
            "time": [0.0, 0.0333, 0.0667, 0.1, 0.1333, 0.1667, 0.2, 0.2333, 0.2667, 0.3, 0.3333, 0.3667],
            "transform": [
                [0.13437, -0.813655, -0.565603, -0.0, -0.395995, -0.567313, 0.722041, 0.4, -0.908371, 0.126955, -0.398433, -0.0, 0.0, 0.0, 0.0, 1.0],
                [0.05879, -0.908354, -0.414046, -0.0, -0.181338, -0.417581, 0.890359, 0.4, -0.981665, 0.022738, -0.189268, 0.0, 0.0, 0.0, 0.0, 1.0],
                [0.14816, -0.953467, -0.26258, 0.0, -0.074298, -0.275492, 0.958426, 0.4, -0.986171, -0.122491, -0.111657, -0.0, 0.0, 0.0, 0.0, 1.0],
                [0.389006, -0.912291, -0.128053, 0.0, -0.233027, -0.231925, 0.944408, 0.4, -0.891277, -0.33754, -0.302808, 0.0, 0.0, 0.0, 0.0, 1.0],
                [0.567961, -0.822915, 0.015154, -0.0, -0.420743, -0.274463, 0.864665, 0.4, -0.70739, -0.497469, -0.50212, -0.0, 0.0, 0.0, 0.0, 1.0],
                [0.613869, -0.785524, 0.078195, 0.0, -0.507861, -0.317147, 0.800936, 0.4, -0.604358, -0.531377, -0.593624, -0.0, 0.0, 0.0, 0.0, 1.0],
                [0.556527, -0.829135, 0.053017, 0.0, -0.53844, -0.311336, 0.78304, 0.4, -0.632744, -0.464328, -0.619706, 0.0, 0.0, 0.0, 0.0, 1.0],
                [0.462388, -0.886674, 0.001469, 0.0, -0.587159, -0.304949, 0.749834, 0.4, -0.664414, -0.347575, -0.661625, -0.0, 0.0, 0.0, 0.0, 1.0],
                [0.386153, -0.921767, -0.035074, -0.0, -0.663522, -0.303978, 0.683621, 0.4, -0.640802, -0.240709, -0.728995, 0.0, 0.0, 0.0, 0.0, 1.0],
                [0.327355, -0.943229, -0.056179, 0.0, -0.720806, -0.28772, 0.6306, 0.4, -0.610964, -0.165936, -0.774074, -0.0, 0.0, 0.0, 0.0, 1.0],
                [0.27279, -0.958071, -0.087652, 0.0, -0.747678, -0.268453, 0.607381, 0.4, -0.605444, -0.100151, -0.789562, 0.0, 0.0, 0.0, 0.0, 1.0],
                [0.220833, -0.96639, -0.131604, 0.0, -0.755391, -0.254828, 0.603695, 0.4, -0.616941, -0.033903, -0.786279, 0.0, 0.0, 0.0, 0.0, 1.0]
            ]
        },
        {
            "name": "Arm_L",
            "time": [0.0, 0.0333, 0.0667, 0.1, 0.1333, 0.1667, 0.2, 0.2333, 0.2667, 0.3, 0.3333, 0.3667],
            "transform": [
                [0.35567, -0.130757, 0.92542, 0.0, -0.532872, 0.785089, 0.31573, 0.39386, -0.767818, -0.605428, 0.209555, 0.0, 0.0, 0.0, 0.0, 1.0],
                [0.080007, -0.19575, 0.977385, -0.0, -0.590526, 0.780632, 0.204683, 0.39386, -0.803043, -0.593548, -0.053139, 0.0, 0.0, 0.0, 0.0, 1.0],
                [-0.056323, -0.188413, 0.980473, 0.0, -0.630741, 0.767965, 0.111343, 0.39386, -0.773947, -0.612154, -0.162093, -0.0, 0.0, 0.0, 0.0, 1.0],
                [0.098391, -0.093459, 0.990748, -0.0, -0.622447, 0.771012, 0.134545, 0.39386, -0.776455, -0.629926, 0.017687, 0.0, 0.0, 0.0, 0.0, 1.0],
                [0.315009, -0.028988, 0.948644, -0.0, -0.555139, 0.805088, 0.208941, 0.39386, -0.7698, -0.592448, 0.237517, -0.0, 0.0, 0.0, 0.0, 1.0],
                [0.406011, -0.04331, 0.912841, 0.0, -0.494101, 0.829887, 0.259137, 0.393861, -0.768782, -0.556246, 0.315542, 0.0, 0.0, 0.0, 0.0, 1.0],
                [0.377177, -0.110393, 0.919537, 0.0, -0.484536, 0.822628, 0.297505, 0.39386, -0.78928, -0.557762, 0.256786, -0.0, 0.0, 0.0, 0.0, 1.0],
                [0.382054, -0.201838, 0.901829, 0.0, -0.470044, 0.797758, 0.377676, 0.39386, -0.795675, -0.56819, 0.209914, -1e-06, 0.0, 0.0, 0.0, 1.0],
                [0.435172, -0.272119, 0.85824, -0.0, -0.448668, 0.760899, 0.468753, 0.393861, -0.780592, -0.589052, 0.20903, 0.0, 0.0, 0.0, 0.0, 1.0],
                [0.403162, -0.270635, 0.874195, 0.0, -0.496353, 0.737883, 0.457343, 0.39386, -0.768828, -0.618292, 0.163156, -0.0, 0.0, 0.0, 0.0, 1.0],
                [0.248053, -0.207219, 0.946324, -0.0, -0.596865, 0.736731, 0.317775, 0.39386, -0.763035, -0.643653, 0.059067, 0.0, 0.0, 0.0, 0.0, 1.0],
                [0.045713, -0.133056, 0.990052, -0.0, -0.673834, 0.727556, 0.12889, 0.39386, -0.737471, -0.673022, -0.056398, -0.0, 0.0, 0.0, 0.0, 1.0]
            ]
        },
        {
            "name": "Hand_L",
            "time": [0.0, 0.0333, 0.0667, 0.1, 0.1333, 0.1667, 0.2, 0.2333, 0.2667, 0.3, 0.3333, 0.3667],
            "transform": [
                [0.999996, 0.001703, 0.000958, -0.0, -0.000959, 0.854805, -0.518951, 0.3, -0.001703, 0.518952, 0.854802, -0.0, 0.0, 0.0, 0.0, 1.0],
                [0.999997, 0.001823, 0.000708, -0.0, -0.000706, 0.673994, -0.738737, 0.3, -0.001824, 0.738739, 0.67399, 0.0, 0.0, 0.0, 0.0, 1.0],
                [0.999997, 0.001911, 0.000418, 0.0, -0.000417, 0.416723, -0.909033, 0.3, -0.001912, 0.909034, 0.416722, 0.0, 0.0, 0.0, 0.0, 1.0],
                [0.999997, 0.001952, 0.000139, 0.0, -0.000139, 0.141863, -0.989885, 0.3, -0.001952, 0.989885, 0.141862, 0.0, 0.0, 0.0, 0.0, 1.0],
                [0.999998, 0.001953, -7.8e-05, -0.0, 7.8e-05, -0.079977, -0.996796, 0.3, -0.001953, 0.996795, -0.079977, -0.0, 0.0, 0.0, 0.0, 1.0],
                [0.999998, 0.001947, -0.000174, -0.0, 0.000174, -0.177609, -0.984101, 0.3, -0.001947, 0.9841, -0.177609, -0.0, 0.0, 0.0, 0.0, 1.0],
                [0.999997, 0.001952, -0.000118, -0.0, 0.000119, -0.121332, -0.992611, 0.3, -0.001952, 0.992612, -0.121332, -0.0, 0.0, 0.0, 0.0, 1.0],
                [0.999997, 0.001956, 4.5e-05, -0.0, -4.5e-05, 0.045956, -0.998943, 0.3, -0.001956, 0.998942, 0.045956, -0.0, 0.0, 0.0, 0.0, 1.0],
                [0.999997, 0.001942, 0.000231, -0.0, -0.00023, 0.234283, -0.972168, 0.3, -0.001942, 0.972169, 0.234282, -0.0, 0.0, 0.0, 0.0, 1.0],
                [0.999998, 0.001915, 0.000397, 0.0, -0.000396, 0.397145, -0.917755, 0.3, -0.001916, 0.917754, 0.397145, -0.0, 0.0, 0.0, 0.0, 1.0],
                [0.999997, 0.001873, 0.000565, 0.0, -0.000564, 0.552432, -0.833557, 0.3, -0.001873, 0.833557, 0.552431, -0.0, 0.0, 0.0, 0.0, 1.0],
                [0.999998, 0.001804, 0.000728, -0.0, -0.000728, 0.694407, -0.719582, 0.3, -0.001804, 0.719582, 0.694405, -0.0, 0.0, 0.0, 0.0, 1.0]
            ]
        },
        {
            "name": "Tool_L",
            "time": [0.0, 0.0333, 0.0667, 0.1, 0.1333, 0.1667, 0.2, 0.2333, 0.2667, 0.3, 0.3333, 0.3667],
            "transform": [
                [-0.081655, -0.283387, -0.955298, 0.002305, -0.429639, 0.875094, -0.222805, 0.2723, 0.899072, 0.391989, -0.193007, 0.022613, 0.0, 0.0, 0.0, 1.0],
                [0.137482, -0.297723, -0.944316, 0.002058, -0.476189, 0.816666, -0.326408, 0.27236, 0.86833, 0.494419, -0.029456, 0.020185, 0.0, 0.0, 0.0, 1.0],
                [0.361669, -0.295252, -0.883903, 0.00181, -0.499943, 0.739582, -0.450865, 0.27242, 0.786831, 0.604927, 0.119667, 0.017757, 0.0, 0.0, 0.0, 1.0],
                [0.553414, -0.257344, -0.791864, 0.001563, -0.489088, 0.669887, -0.55864, 0.27248, 0.674173, 0.696408, 0.244456, 0.015329, 0.0, 0.0, 0.0, 1.0],
                [0.682737, -0.193254, -0.704494, 0.001315, -0.45718, 0.63977, -0.617753, 0.27254, 0.570005, 0.743735, 0.347928, 0.012901, 0.0, 0.0, 0.0, 1.0],
                [0.737392, -0.115597, -0.665414, 0.001068, -0.430829, 0.67872, -0.594731, 0.2726, 0.520245, 0.725061, 0.4501, 0.010472, 0.0, 0.0, 0.0, 1.0],
                [0.720019, -0.015443, -0.693755, 0.00082, -0.416705, 0.790029, -0.449717, 0.27266, 0.55489, 0.61261, 0.561814, 0.008044, 0.0, 0.0, 0.0, 1.0],
                [0.652204, 0.106112, -0.750609, 0.000572, -0.384736, 0.899481, -0.206909, 0.27272, 0.653112, 0.423412, 0.626935, 0.005616, 0.0, 0.0, 0.0, 1.0],
                [0.561458, 0.219871, -0.797794, 0.000326, -0.319268, 0.94678, 0.036506, 0.272779, 0.763423, 0.233979, 0.601292, 0.003188, 0.0, 0.0, 0.0, 1.0],
                [0.428072, 0.259541, -0.865616, 7.8e-05, -0.24017, 0.955781, 0.168057, 0.27284, 0.871292, 0.135795, 0.471053, 0.00076, 0.0, 0.0, 0.0, 1.0],
                [0.204213, 0.207261, -0.956557, 7.8e-05, -0.165735, 0.970227, 0.174944, 0.27284, 0.964756, 0.122668, 0.232259, 0.000759, 0.0, 0.0, 0.0, 1.0],
                [-0.06381, 0.127366, -0.989746, 7.8e-05, -0.103516, 0.985282, 0.133535, 0.27284, 0.992396, 0.110843, -0.049651, 0.000759, 0.0, 0.0, 0.0, 1.0]
            ]
        },
        {
            "name": "Elbow_L",
            "time": [0.0, 0.3667],
            "transform": [
                [-1.0, 0.0, -0.0, -0.0, 0.0, -0.0, -1.0, 0.3, -0.0, -1.0, -0.0, -0.0, 0.0, 0.0, 0.0, 1.0],
                [-1.0, 0.0, -0.0, -0.0, 0.0, -0.0, -1.0, 0.3, -0.0, -1.0, -0.0, -0.0, 0.0, 0.0, 0.0, 1.0]
            ]
        }
    ]
}