{
    "animation": [
        {
            "name": "Root",
            "time": [0.0, 0.0333, 0.0667, 0.1, 0.1333, 0.1667, 0.2, 0.2333, 0.2667],
            "transform": [
                [-0.150469, -0.045555, -0.987565, -0.40739, -0.880029, 0.46133, 0.112804, -0.170511, 0.450455, 0.886059, -0.109505, 0.20539, 0.0, 0.0, 0.0, 1.0],
                [0.123591, -0.280148, -0.951969, -0.483087, -0.856182, 0.454883, -0.245019, -0.062678, 0.501675, 0.845341, -0.183638, 0.093356, 0.0, 0.0, 0.0, 1.0],
                [0.411105, -0.415087, -0.811602, -0.769039, -0.730921, 0.381939, -0.565578, 0.171582, 0.544746, 0.825727, -0.146379, 0.064374, 0.0, 0.0, 0.0, 1.0],
                [0.668712, -0.377339, -0.640657, -1.4253, -0.535961, 0.352576, -0.767097, 0.628125, 0.515335, 0.856332, 0.033532, 0.202687, 0.0, 0.0, 0.0, 1.0],
                [0.695417, -0.410026, -0.590148, -1.715277, -0.49749, 0.317916, -0.807116, 0.865802, 0.518555, 0.854873, 0.017101, 0.256156, 0.0, 0.0, 0.0, 1.0],
                [0.758517, -0.381884, -0.528032, -1.968511, -0.432152, 0.311706, -0.846219, 1.092633, 0.487747, 0.87006, 0.071403, 0.296081, 0.0, 0.0, 0.0, 1.0],
                [0.837251, -0.271359, -0.474737, -2.232182, -0.367107, 0.364505, -0.855786, 1.340176, 0.405268, 0.890787, 0.205565, 0.324353, 0.0, 0.0, 0.0, 1.0],
                [0.714103, -0.114168, -0.690669, -2.467838, -0.576627, 0.463497, -0.672809, 1.577467, 0.396936, 0.878713, 0.265152, 0.308905, 0.0, 0.0, 0.0, 1.0],
                [0.408443, 0.094265, -0.907905, -2.529055, -0.803771, 0.508524, -0.308798, 1.640411, 0.432582, 0.855873, 0.28347, 0.278078, 0.0, 0.0, 0.0, 1.0]
            ]
        },
        {
            "name": "Thigh_R",
            "time": [0.0, 0.0333, 0.0667, 0.1, 0.1333, 0.1667, 0.2, 0.2333, 0.2667],
            "transform": [
                [0.355349, -0.667012, -0.654852, 0.073351, -0.235064, -0.74184, 0.628038, 0.113747, -0.904683, -0.069242, -0.420402, -0.130307, 0.0, 0.0, 0.0, 1.0],
                [0.353029, -0.86651, -0.352934, 0.092342, -0.345421, -0.471296, 0.811523, 0.095507, -0.869489, -0.164588, -0.465691, -0.126718, 0.0, 0.0, 0.0, 1.0],
                [0.297845, -0.942066, -0.15446, 0.111332, -0.09029, -0.188887, 0.977842, 0.077267, -0.950299, -0.277318, -0.141319, -0.123129, 0.0, 0.0, 0.0, 1.0],
                [0.098637, -0.99023, -0.099022, 0.130323, 0.540366, -0.030258, 0.840871, 0.059027, -0.835575, -0.136461, 0.532102, -0.11954, 0.0, 0.0, 0.0, 1.0],
                [0.044229, -0.994796, -0.09229, 0.149313, 0.537219, -0.054204, 0.841685, 0.040787, -0.842228, -0.086815, 0.532026, -0.115951, 0.0, 0.0, 0.0, 1.0],
                [0.071543, -0.984008, -0.163399, 0.168303, 0.370799, -0.125844, 0.920143, 0.022546, -0.925905, -0.12643, 0.355865, -0.112362, 0.0, 0.0, 0.0, 1.0],
                [0.222292, -0.912351, -0.343915, 0.164907, 0.213365, -0.298681, 0.930199, 0.018221, -0.951298, -0.280181, 0.128269, -0.108398, 0.0, 0.0, 0.0, 1.0],
                [0.325043, -0.892807, -0.31194, 0.1586, 0.058067, -0.310403, 0.948835, 0.016628, -0.943868, -0.326555, -0.049052, -0.105672, 0.0, 0.0, 0.0, 1.0],
                [0.36028, -0.920224, -0.15315, 0.155204, -0.129809, -0.212048, 0.968602, 0.0164, -0.923719, -0.329118, -0.19585, -0.104659, 0.0, 0.0, 0.0, 1.0]
            ]
        },
        {
            "name": "Leg_R",
            "time": [0.0, 0.0333, 0.0667, 0.1, 0.1333, 0.1667, 0.2, 0.2333, 0.2667],
            "transform": [
                [0.999991, 0.001903, 0.000431, 0.0, 0.000431, -0.431073, 0.902317, 0.37472, 0.001903, -0.902328, -0.431067, 0.0, 0.0, 0.0, 0.0, 1.0],
                [0.999979, 0.001862, 0.000584, -0.0, 0.000585, -0.571671, 0.82049, 0.37472, 0.001862, -0.820511, -0.571655, -0.0, 0.0, 0.0, 0.0, 1.0],
                [0.999967, 0.001827, 0.000691, -0.0, 0.000692, -0.662421, 0.74915, 0.37472, 0.001826, -0.749181, -0.662391, -0.0, 0.0, 0.0, 0.0, 1.0],
                [0.999955, 0.001773, 0.000817, 0.0, 0.000818, -0.760621, 0.649237, 0.37472, 0.001773, -0.649277, -0.760572, -0.0, 0.0, 0.0, 0.0, 1.0],
                [0.999954, 0.001788, 0.000785, 0.0, 0.000787, -0.736969, 0.675964, 0.37472, 0.001787, -0.676009, -0.736919, -0.0, 0.0, 0.0, 0.0, 1.0],
                [0.999956, 0.001851, 0.000635, -0.0, 0.000637, -0.614701, 0.788776, 0.37472, 0.00185, -0.788839, -0.614651, -0.0, 0.0, 0.0, 0.0, 1.0],
                [0.999953, 0.001944, 0.000269, -0.0, 0.000272, -0.273103, 0.961959, 0.37472, 0.001944, -0.962066, -0.273072, 0.0, 0.0, 0.0, 0.0, 1.0],
                [0.999954, 0.001953, 3e-05, 0.0, 3.2e-05, -0.031986, 0.999452, 0.37472, 0.001953, -0.999568, -0.031982, -0.0, 0.0, 0.0, 0.0, 1.0],
                [0.999953, 0.001947, -8.3e-05, 0.0, -8.2e-05, 0.085016, 0.996344, 0.37472, 0.001947, -0.996461, 0.085006, -0.0, 0.0, 0.0, 0.0, 1.0]
            ]
        },
        {
            "name": "Knee_R",
            "time": [0.0, 0.2667],
            "transform": [
                [1.0, 0.0, -0.0, 0.0, -0.0, 1e-06, -1.0, 0.37472, -0.0, 1.0, 1e-06, 0.0, 0.0, 0.0, 0.0, 1.0],
                [1.0, 0.0, -0.0, 0.0, -0.0, 1e-06, -1.0, 0.37472, -0.0, 1.0, 1e-06, -0.0, 0.0, 0.0, 0.0, 1.0]
            ]
        },
        {
            "name": "Thigh_L",
            "time": [0.0, 0.0333, 0.0667, 0.1, 0.1333, 0.1667, 0.2, 0.2333, 0.2667],
            "transform": [
                [-0.115217, -0.958599, -0.260555, 0.096905, 0.230094, -0.280936, 0.931738, -0.044172, -0.966282, 0.047404, 0.252936, 0.117862, 0.0, 0.0, 0.0, 1.0],
                [-0.027186, -0.942842, -0.332207, 0.054094, 0.312317, -0.323713, 0.893123, -0.010038, -0.94956, -0.079478, 0.303266, 0.138426, 0.0, 0.0, 0.0, 1.0],
                [-0.147548, -0.704065, -0.694648, 0.011284, 0.438468, -0.676118, 0.59213, 0.024096, -0.886538, -0.217219, 0.40847, 0.158991, 0.0, 0.0, 0.0, 1.0],
                [-0.397474, 0.24249, -0.884994, -0.031526, 0.357395, -0.847381, -0.392701, 0.058231, -0.845153, -0.472379, 0.250147, 0.179555, 0.0, 0.0, 0.0, 1.0],
                [-0.412585, 0.443758, -0.795521, -0.074337, 0.319939, -0.747083, -0.582672, 0.092365, -0.852882, -0.494921, 0.166261, 0.20012, 0.0, 0.0, 0.0, 1.0],
                [-0.3694, 0.526664, -0.765618, -0.0657, 0.282219, -0.721395, -0.632411, 0.088156, -0.885377, -0.449685, 0.117849, 0.192443, 0.0, 0.0, 0.0, 1.0],
                [-0.324462, 0.432977, -0.840986, -0.0467, 0.248351, -0.8189, -0.517424, 0.078896, -0.91271, -0.376745, 0.158173, 0.175553, 0.0, 0.0, 0.0, 1.0],
                [-0.24376, -0.329008, -0.912325, -0.027699, 0.494699, -0.851298, 0.174824, 0.069636, -0.834179, -0.40871, 0.370273, 0.158664, 0.0, 0.0, 0.0, 1.0],
                [0.071193, -0.945425, -0.31798, -0.019063, 0.630095, -0.204503, 0.749104, 0.065427, -0.773242, -0.25369, 0.581149, 0.150986, 0.0, 0.0, 0.0, 1.0]
            ]
        },
        {
            "name": "Leg_L",
            "time": [0.0, 0.0333, 0.0667, 0.1, 0.1333, 0.1667, 0.2, 0.2333, 0.2667],
            "transform": [
                [0.999964, -0.001949, -0.000169, 0.0, -0.000168, -0.171706, 0.985126, 0.37472, -0.001949, -0.985206, -0.171692, 0.0, 0.0, 0.0, 0.0, 1.0],
                [0.999976, -0.00193, -0.000321, -0.0, -0.00032, -0.322826, 0.946452, 0.37472, -0.00193, -0.946491, -0.322813, -0.0, 0.0, 0.0, 0.0, 1.0],
                [0.999989, -0.002041, -4e-05, 0.0, -4e-05, -0.03934, 0.99922, 0.37472, -0.002041, -0.99924, -0.039339, -0.0, 0.0, 0.0, 0.0, 1.0],
                [1.000005, -0.00159, 0.001152, 0.0, 0.00115, 0.949791, 0.312872, 0.37472, -0.001591, -0.312869, 0.949793, 0.0, 0.0, 0.0, 0.0, 1.0],
                [1.000005, -0.0014, 0.001363, -0.0, 0.001361, 0.999581, 0.028739, 0.37472, -0.001403, -0.028737, 0.999586, 0.0, 0.0, 0.0, 0.0, 1.0],
                [1.000005, -0.001386, 0.001378, -0.0, 0.001376, 0.999966, 0.0076, 0.37472, -0.001389, -0.007598, 0.99997, -0.0, 0.0, 0.0, 0.0, 1.0],
                [1.000002, -0.001601, 0.00115, -0.0, 0.001147, 0.947194, 0.320649, 0.37472, -0.001603, -0.320645, 0.947199, 0.0, 0.0, 0.0, 0.0, 1.0],
                [1.000001, -0.001995, 0.000282, -0.0, 0.00028, 0.276605, 0.960982, 0.37472, -0.001995, -0.960981, 0.276605, 0.0, 0.0, 0.0, 0.0, 1.0],
                [1.000001, -0.001542, -0.000597, 0.0, -0.000596, -0.673018, 0.739626, 0.37472, -0.001542, -0.739621, -0.673021, -0.0, 0.0, 0.0, 0.0, 1.0]
            ]
        },
        {
            "name": "Knee_L",
            "time": [0.0, 0.2667],
            "transform": [
                [1.0, 0.0, -0.0, 0.0, -0.0, 1e-06, -1.0, 0.37472, -0.0, 1.0, 1e-06, 0.0, 0.0, 0.0, 0.0, 1.0],
                [1.0, 0.0, -0.0, 0.0, -0.0, 1e-06, -1.0, 0.37472, -0.0, 1.0, 1e-06, -0.0, 0.0, 0.0, 0.0, 1.0]
            ]
        },
        {
            "name": "Torso",
            "time": [0.0, 0.0333, 0.0667, 0.1, 0.1333, 0.1667, 0.2, 0.2333, 0.2667],
            "transform": [
                [-0.015363, -0.784199, 0.62032, -0.0, 0.423769, 0.556813, 0.714408, 0.05, -0.905639, 0.273849, 0.323765, -0.0, 0.0, 0.0, 0.0, 1.0],
                [-0.020237, -0.687219, 0.72617, 0.0, 0.359256, 0.672812, 0.646731, 0.05, -0.933017, 0.27397, 0.233272, 0.0, 0.0, 0.0, 0.0, 1.0],
                [-0.025675, -0.786499, 0.61706, 0.0, 0.279143, 0.587071, 0.759887, 0.05, -0.959903, 0.191759, 0.204473, 0.0, 0.0, 0.0, 0.0, 1.0],
                [0.003962, -0.998793, 0.048989, -0.0, 0.168148, 0.048957, 0.984546, 0.05, -0.985751, 0.004337, 0.168139, -0.0, 0.0, 0.0, 0.0, 1.0],
                [0.110599, -0.991589, 0.067252, 0.0, 0.055503, 0.073723, 0.995734, 0.05, -0.992311, -0.106395, 0.06319, 0.0, 0.0, 0.0, 0.0, 1.0],
                [0.321587, -0.933426, 0.159069, -0.0, -0.049599, 0.151157, 0.987266, 0.05, -0.945576, -0.325383, 0.002313, -0.0, 0.0, 0.0, 0.0, 1.0],
                [0.557152, -0.79909, 0.225913, -0.0, -0.143864, 0.175053, 0.973992, 0.05, -0.817851, -0.575164, -0.017429, -0.0, 0.0, 0.0, 0.0, 1.0],
                [0.542672, -0.760405, 0.356782, -0.0, -0.245492, 0.262633, 0.933145, 0.05, -0.803265, -0.593982, -0.04415, -0.0, 0.0, 0.0, 0.0, 1.0],
                [0.39779, -0.772931, 0.494311, 0.0, -0.33067, 0.381782, 0.863077, 0.05, -0.855812, -0.506779, -0.103716, -0.0, 0.0, 0.0, 0.0, 1.0]
            ]
        },
        {
            "name": "Chest",
            "time": [0.0, 0.0333, 0.0667, 0.1, 0.1333, 0.1667, 0.2, 0.2333, 0.2667],
            "transform": [
                [0.889574, 0.440821, 0.119714, 0.0, -0.355473, 0.832667, -0.424627, 0.3, -0.286865, 0.335184, 0.897419, 0.0, 0.0, 0.0, 0.0, 1.0],
                [0.936819, 0.330124, 0.115688, 0.0, -0.301113, 0.929359, -0.213606, 0.3, -0.178031, 0.165276, 0.970046, -0.0, 0.0, 0.0, 0.0, 1.0],
                [0.962764, 0.250887, 0.10068, -0.0, -0.216324, 0.93835, -0.269645, 0.3, -0.162122, 0.237826, 0.957682, -0.0, 0.0, 0.0, 0.0, 1.0],
                [0.971182, 0.226497, 0.074161, -0.0, -0.10223, 0.676998, -0.728851, 0.3, -0.215289, 0.700269, 0.680643, 0.0, 0.0, 0.0, 0.0, 1.0],
                [0.985951, 0.139386, 0.092013, 0.0, -0.02471, 0.666598, -0.745009, 0.3, -0.165179, 0.732274, 0.660676, 0.0, 0.0, 0.0, 0.0, 1.0],
                [0.979094, 0.006731, 0.203284, -0.0, 0.142178, 0.692062, -0.707698, 0.3, -0.145448, 0.72181, 0.676636, -0.0, 0.0, 0.0, 0.0, 1.0],
                [0.92553, -0.140676, 0.351566, -0.0, 0.34975, 0.673415, -0.651298, 0.3, -0.145126, 0.725762, 0.672467, 0.0, 0.0, 0.0, 0.0, 1.0],
                [0.912231, -0.227104, 0.340957, -0.0, 0.399666, 0.676136, -0.618958, 0.3, -0.089965, 0.700908, 0.707557, -0.0, 0.0, 0.0, 0.0, 1.0],
                [0.924662, -0.284401, 0.253201, 0.0, 0.380777, 0.693436, -0.611684, 0.3, -0.001615, 0.662018, 0.749487, 0.0, 0.0, 0.0, 0.0, 1.0]
            ]
        },
        {
            "name": "Head",
            "time": [0.0, 0.0333, 0.0667, 0.1, 0.1333, 0.1667, 0.2, 0.2333, 0.2667],
            "transform": [
                [0.943057, -0.296383, 0.151008, -0.0, 0.331089, 0.880096, -0.340311, 0.4, -0.032039, 0.370931, 0.928106, 0.0, 0.0, 0.0, 0.0, 1.0],
                [0.995266, -0.056018, -0.079439, -0.0, 0.01902, 0.913678, -0.405996, 0.4, 0.095325, 0.402564, 0.910412, -0.0, 0.0, 0.0, 0.0, 1.0],
                [0.94976, 0.103582, -0.295343, -0.0, -0.221478, 0.889188, -0.400366, 0.4, 0.221145, 0.445665, 0.867453, -0.0, 0.0, 0.0, 0.0, 1.0],
                [0.888184, 0.035122, -0.458147, 0.0, -0.243944, 0.880998, -0.405377, 0.4, 0.389391, 0.47181, 0.791055, 0.0, 0.0, 0.0, 0.0, 1.0],
                [0.829229, 0.037218, -0.557669, 0.0, -0.298271, 0.873286, -0.385232, 0.4, 0.472669, 0.485782, 0.735255, 0.0, 0.0, 0.0, 0.0, 1.0],
                [0.767593, 0.03158, -0.640156, -0.0, -0.327621, 0.877775, -0.349541, 0.4, 0.550873, 0.478035, 0.68412, 0.0, 0.0, 0.0, 0.0, 1.0],
                [0.736063, 0.022392, -0.676542, -0.0, -0.305689, 0.902731, -0.302706, 0.4, 0.603957, 0.429623, 0.671312, -0.0, 0.0, 0.0, 0.0, 1.0],
                [0.819684, 0.031377, -0.571955, 0.0, -0.206854, 0.947333, -0.24448, 0.4, 0.534161, 0.318707, 0.783005, -0.0, 0.0, 0.0, 0.0, 1.0],
                [0.925766, 0.018523, -0.377645, 0.0, -0.086368, 0.982752, -0.163521, 0.4, 0.368103, 0.183999, 0.911396, 0.0, 0.0, 0.0, 0.0, 1.0]
            ]
        },
        {
            "name": "Shoulder_R",
            "time": [0.0, 0.0333, 0.0667, 0.1, 0.1333, 0.1667, 0.2, 0.2333, 0.2667],
            "transform": [
                [-0.494738, 0.729216, 0.472734, -0.0, 0.317534, -0.354674, 0.879419, 0.4, 0.808953, 0.585192, -0.05608, 0.0, 0.0, 0.0, 0.0, 1.0],
                [-0.482112, 0.695133, 0.533252, -0.0, 0.200931, -0.504706, 0.839582, 0.4, 0.852757, 0.511919, 0.103651, -0.0, 0.0, 0.0, 0.0, 1.0],
                [-0.380732, 0.667753, 0.639647, -0.0, 0.216673, -0.608062, 0.763749, 0.4, 0.898942, 0.429378, 0.086824, -0.0, 0.0, 0.0, 0.0, 1.0],
                [-0.271522, 0.618448, 0.737427, 0.0, 0.55052, -0.52868, 0.646084, 0.4, 0.789432, 0.581394, -0.19692, 0.0, 0.0, 0.0, 0.0, 1.0],
                [-0.322333, 0.492815, 0.80823, 0.0, 0.600864, -0.553236, 0.576969, 0.4, 0.73148, 0.671612, -0.117789, 0.0, 0.0, 0.0, 0.0, 1.0],
                [-0.390219, 0.298779, 0.870899, -0.0, 0.628568, -0.604714, 0.489104, 0.4, 0.672776, 0.738273, 0.048168, 0.0, 0.0, 0.0, 0.0, 1.0],
                [-0.424777, 0.126038, 0.896485, -0.0, 0.669357, -0.623005, 0.404752, 0.4, 0.609527, 0.771994, 0.180276, -0.0, 0.0, 0.0, 0.0, 1.0],
                [-0.40217, 0.152267, 0.90282, 0.0, 0.670342, -0.622669, 0.403636, 0.4, 0.623615, 0.767523, 0.14835, -0.0, 0.0, 0.0, 0.0, 1.0],
                [-0.346129, 0.282405, 0.894678, 0.0, 0.646722, -0.619023, 0.445601, 0.4, 0.679664, 0.732839, 0.031625, 0.0, 0.0, 0.0, 0.0, 1.0]
            ]
        },
        {
            "name": "Arm_R",
            "time": [0.0, 0.0333, 0.0667, 0.1, 0.1333, 0.1667, 0.2, 0.2333, 0.2667],
            "transform": [
                [-0.155227, 0.147312, -0.976832, 0.0, 0.530401, 0.846637, 0.043392, 0.39386, 0.833415, -0.511378, -0.209555, 0.0, 0.0, 0.0, 0.0, 1.0],
                [-0.168262, 0.226493, -0.959368, -0.0, 0.530821, 0.840903, 0.105425, 0.39386, 0.830614, -0.491514, -0.261719, -0.0, 0.0, 0.0, 0.0, 1.0],
                [0.062774, 0.078484, -0.994937, -0.0, 0.55776, 0.823936, 0.100186, 0.393861, 0.827625, -0.561227, 0.007947, -0.0, 0.0, 0.0, 0.0, 1.0],
                [0.50212, -0.237012, -0.831687, 0.0, 0.592442, 0.794866, 0.131163, 0.393861, 0.629988, -0.558588, 0.539534, 0.0, 0.0, 0.0, 0.0, 1.0],
                [0.595994, -0.181515, -0.782205, -0.0, 0.580846, 0.770058, 0.263879, 0.393861, 0.554441, -0.611614, 0.564382, -0.0, 0.0, 0.0, 0.0, 1.0],
                [0.641186, -0.127071, -0.756793, 0.0, 0.552845, 0.760449, 0.340709, 0.39386, 0.532207, -0.636847, 0.55784, 0.0, 0.0, 0.0, 0.0, 1.0],
                [0.668907, -0.126015, -0.732588, -0.0, 0.517558, 0.78636, 0.337305, 0.393861, 0.533571, -0.604783, 0.591221, 0.0, 0.0, 0.0, 0.0, 1.0],
                [0.67241, -0.13252, -0.728221, 0.0, 0.475651, 0.831172, 0.287944, 0.393861, 0.567117, -0.539995, 0.621921, -0.0, 0.0, 0.0, 0.0, 1.0],
                [0.673372, -0.151515, -0.723612, -0.0, 0.42607, 0.879418, 0.212353, 0.39386, 0.604179, -0.451303, 0.656731, -0.0, 0.0, 0.0, 0.0, 1.0]
            ]
        },
        {
            "name": "Hand_R",
            "time": [0.0, 0.0333, 0.0667, 0.1, 0.1333, 0.1667, 0.2, 0.2333, 0.2667],
            "transform": [
                [0.999999, 0.001903, 0.000442, 0.0, -0.000443, 0.441339, -0.897339, 0.3, -0.001903, 0.897338, 0.441339, 0.0, 0.0, 0.0, 0.0, 1.0],
                [0.999999, 0.001806, 0.000769, 0.0, -0.00077, 0.721038, -0.692894, 0.3, -0.001806, 0.692892, 0.721038, 0.0, 0.0, 0.0, 0.0, 1.0],
                [0.999997, 0.001506, 0.001246, -0.0, -0.001247, 0.982414, -0.186709, 0.3, -0.001506, 0.186707, 0.982415, 0.0, 0.0, 0.0, 0.0, 1.0],
                [0.999998, 0.001532, 0.001223, 0.0, -0.001223, 0.975097, -0.221782, 0.3, -0.001532, 0.22178, 0.975094, -0.0, 0.0, 0.0, 0.0, 1.0],
                [0.999998, 0.001791, 0.000827, -0.0, -0.000828, 0.761581, -0.648069, 0.3, -0.00179, 0.648069, 0.761579, -0.0, 0.0, 0.0, 0.0, 1.0],
                [0.999997, 0.001893, 0.000483, 0.0, -0.000483, 0.479277, -0.877663, 0.3, -0.001893, 0.877663, 0.479276, 0.0, 0.0, 0.0, 0.0, 1.0],
                [0.999998, 0.001929, 0.000328, 0.0, -0.000328, 0.330456, -0.943821, 0.3, -0.001929, 0.94382, 0.330455, -0.0, 0.0, 0.0, 0.0, 1.0],
                [0.999998, 0.001955, 7e-05, -0.0, -7.1e-05, 0.071738, -0.997424, 0.3, -0.001955, 0.997423, 0.071738, 0.0, 0.0, 0.0, 0.0, 1.0],
                [0.999997, 0.001921, -0.000193, 0.0, 0.000192, -0.198626, -0.980075, 0.3, -0.001922, 0.980075, -0.198626, 0.0, 0.0, 0.0, 0.0, 1.0]
            ]
        },
        {
            "name": "Tool_R",
            "time": [0.0, 0.0333, 0.0667, 0.1, 0.1333, 0.1667, 0.2, 0.2333, 0.2667],
            "transform": [
                [0.887729, 0.069801, -0.453961, -0.002553, -0.34055, -0.562243, -0.753928, 0.272241, -0.307231, 0.823929, -0.475457, 0.025042, 0.0, 0.0, 0.0, 1.0],
                [0.922372, -0.05575, -0.380656, -0.002553, -0.351552, -0.522164, -0.777318, 0.272241, -0.155099, 0.851017, -0.501292, 0.025042, 0.0, 0.0, 0.0, 1.0],
                [0.964806, -0.106018, -0.238396, -0.002553, -0.2584, -0.509968, -0.820693, 0.27224, -0.034507, 0.853619, -0.519295, 0.025042, 0.0, 0.0, 0.0, 1.0],
                [0.998461, 0.037218, 0.030007, -0.002552, 0.030769, -0.020336, -0.999187, 0.272241, -0.036526, 0.999042, -0.021442, 0.025042, 0.0, 0.0, 0.0, 1.0],
                [0.999449, 0.013529, 0.011174, -0.002552, 0.006735, 0.29225, -0.956285, 0.27224, -0.016181, 0.956187, 0.291767, 0.025042, 0.0, 0.0, 0.0, 1.0],
                [0.992172, 0.070271, -0.099386, -0.002552, -0.119617, 0.414561, -0.902178, 0.27224, -0.022166, 0.907242, 0.419441, 0.025042, 0.0, 0.0, 0.0, 1.0],
                [0.937222, 0.263368, -0.227237, -0.002552, -0.302464, 0.295514, -0.906149, 0.27224, -0.171269, 0.918256, 0.356362, 0.025042, 0.0, 0.0, 0.0, 1.0],
                [0.781572, 0.488124, -0.388183, -0.002553, -0.448404, 0.007575, -0.893643, 0.27224, -0.432764, 0.872677, 0.224608, 0.025041, 0.0, 0.0, 0.0, 1.0],
                [0.53346, 0.617153, -0.578428, -0.002552, -0.466189, -0.356211, -0.809709, 0.272241, -0.705185, 0.701522, 0.097594, 0.025042, 0.0, 0.0, 0.0, 1.0]
            ]
        },
        {
            "name": "Elbow_R",
            "time": [0.0, 0.2667],
            "transform": [
                [-1.0, 0.0, -0.0, 0.0, 0.0, -0.0, -1.0, 0.3, -0.0, -1.0, 0.0, 0.0, 0.0, 0.0, 0.0, 1.0],
                [-1.0, 0.0, -0.0, 0.0, 0.0, -0.0, -1.0, 0.3, -0.0, -1.0, 0.0, 0.0, 0.0, 0.0, 0.0, 1.0]
            ]
        },
        {
            "name": "Shoulder_L",
            "time": [0.0, 0.0333, 0.0667, 0.1, 0.1333, 0.1667, 0.2, 0.2333, 0.2667],
            "transform": [
                [0.13437, -0.813655, -0.565604, -0.0, -0.395994, -0.567313, 0.722041, 0.4, -0.908371, 0.126955, -0.398433, 0.0, 0.0, 0.0, 0.0, 1.0],
                [0.114554, -0.933976, -0.338473, -0.0, -0.123331, -0.351451, 0.928045, 0.4, -0.985735, -0.064567, -0.155448, -0.0, 0.0, 0.0, 0.0, 1.0],
                [0.328027, -0.937264, -0.118035, -0.0, -0.105633, -0.160557, 0.981356, 0.4, -0.938747, -0.309442, -0.151672, -0.0, 0.0, 0.0, 0.0, 1.0],
                [0.618006, -0.781183, 0.088429, 0.0, -0.516391, -0.318539, 0.794905, 0.4, -0.592802, -0.536919, -0.600254, 0.0, 0.0, 0.0, 0.0, 1.0],
                [0.568644, -0.8167, 0.098197, 0.0, -0.572651, -0.307336, 0.760011, 0.4, -0.590525, -0.488406, -0.642449, 0.0, 0.0, 0.0, 0.0, 1.0],
                [0.488637, -0.86776, 0.090683, -0.0, -0.633372, -0.281315, 0.720905, 0.4, -0.600063, -0.409695, -0.687078, 0.0, 0.0, 0.0, 0.0, 1.0],
                [0.411556, -0.906805, 0.091235, -0.0, -0.71569, -0.259582, 0.648388, 0.4, -0.564279, -0.332143, -0.755825, -0.0, 0.0, 0.0, 0.0, 1.0],
                [0.305661, -0.952088, 0.009846, 0.0, -0.739227, -0.23078, 0.63268, 0.4, -0.600094, -0.200664, -0.774353, -0.0, 0.0, 0.0, 0.0, 1.0],
                [0.182852, -0.976983, -0.109846, 0.0, -0.735751, -0.210092, 0.643843, 0.4, -0.652101, -0.036908, -0.757235, 0.0, 0.0, 0.0, 0.0, 1.0]
            ]
        },
        {
            "name": "Arm_L",
            "time": [0.0, 0.0333, 0.0667, 0.1, 0.1333, 0.1667, 0.2, 0.2333, 0.2667],
            "transform": [
                [0.35567, -0.130757, 0.925419, -0.0, -0.532872, 0.785089, 0.315729, 0.39386, -0.767819, -0.605427, 0.209556, 0.0, 0.0, 0.0, 0.0, 1.0],
                [-0.03828, -0.219892, 0.974772, -0.0, -0.605242, 0.781303, 0.15248, 0.39386, -0.795122, -0.584137, -0.162996, 0.0, 0.0, 0.0, 0.0, 1.0],
                [-0.111015, -0.177307, 0.977873, 0.0, -0.63415, 0.770244, 0.067667, 0.39386, -0.765202, -0.612605, -0.197947, -0.0, 0.0, 0.0, 0.0, 1.0],
                [0.420756, -0.03757, 0.906394, 0.0, -0.495223, 0.827623, 0.26419, 0.39386, -0.760079, -0.560028, 0.329621, 0.0, 0.0, 0.0, 0.0, 1.0],
                [0.428954, -0.092286, 0.898599, -0.0, -0.49974, 0.804432, 0.321169, 0.39386, -0.752503, -0.586833, 0.298944, -0.0, 0.0, 0.0, 0.0, 1.0],
                [0.451334, -0.165312, 0.876909, 0.0, -0.541825, 0.73004, 0.416494, 0.39386, -0.709034, -0.663106, 0.239921, 0.0, 0.0, 0.0, 0.0, 1.0],
                [0.484499, -0.200696, 0.851459, 0.0, -0.597313, 0.635218, 0.489608, 0.39386, -0.639127, -0.745799, 0.187884, -0.0, 0.0, 0.0, 0.0, 1.0],
                [0.299416, -0.202787, 0.932323, 0.0, -0.659282, 0.662385, 0.355801, 0.39386, -0.689714, -0.721192, 0.064635, -0.0, 0.0, 0.0, 0.0, 1.0],
                [0.005961, -0.138465, 0.990347, -0.0, -0.665461, 0.738684, 0.107284, 0.39386, -0.746412, -0.659676, -0.087739, -0.0, 0.0, 0.0, 0.0, 1.0]
            ]
        },
        {
            "name": "Hand_L",
            "time": [0.0, 0.0333, 0.0667, 0.1, 0.1333, 0.1667, 0.2, 0.2333, 0.2667],
            "transform": [
                [0.999996, 0.001704, 0.000958, -0.0, -0.000959, 0.854805, -0.518951, 0.3, -0.001703, 0.518951, 0.854802, -0.0, 0.0, 0.0, 0.0, 1.0],
                [0.999996, 0.001896, 0.000495, 0.0, -0.000496, 0.489709, -0.871885, 0.3, -0.001895, 0.871887, 0.489707, 0.0, 0.0, 0.0, 0.0, 1.0],
                [0.999997, 0.001957, 3.6e-05, -0.0, -3.7e-05, 0.037319, -0.999303, 0.3, -0.001957, 0.999303, 0.037319, -0.0, 0.0, 0.0, 0.0, 1.0],
                [0.999997, 0.001946, -0.000179, 0.0, 0.00018, -0.183118, -0.98309, 0.3, -0.001946, 0.98309, -0.183118, -0.0, 0.0, 0.0, 0.0, 1.0],
                [0.999998, 0.00195, -0.00014, -0.0, 0.000139, -0.142576, -0.989783, 0.3, -0.00195, 0.989782, -0.142576, -0.0, 0.0, 0.0, 0.0, 1.0],
                [0.999998, 0.001956, 2.7e-05, 0.0, -2.8e-05, 0.028444, -0.999595, 0.3, -0.001956, 0.999594, 0.028444, 0.0, 0.0, 0.0, 0.0, 1.0],
                [0.999998, 0.001942, 0.000233, 0.0, -0.000234, 0.23695, -0.971522, 0.3, -0.001942, 0.971521, 0.236949, 0.0, 0.0, 0.0, 0.0, 1.0],
                [0.999998, 0.0019, 0.00047, 0.0, -0.00047, 0.466303, -0.884624, 0.3, -0.0019, 0.884624, 0.466302, 0.0, 0.0, 0.0, 0.0, 1.0],
                [0.999997, 0.001799, 0.000708, -0.0, -0.000709, 0.682092, -0.731267, 0.3, -0.001798, 0.731268, 0.682089, 0.0, 0.0, 0.0, 0.0, 1.0]
            ]
        },
        {
            "name": "Tool_L",
            "time": [0.0, 0.0333, 0.0667, 0.1, 0.1333, 0.1667, 0.2, 0.2333, 0.2667],
            "transform": [
                [-0.081655, -0.283386, -0.955297, 0.002305, -0.429639, 0.875094, -0.222805, 0.2723, 0.899073, 0.391989, -0.193006, 0.022613, 0.0, 0.0, 0.0, 1.0],
                [0.304211, -0.291811, -0.906464, 0.002058, -0.4943, 0.765672, -0.411848, 0.27236, 0.814113, 0.57326, 0.088551, 0.020185, 0.0, 0.0, 0.0, 1.0],
                [0.618126, -0.221131, -0.754058, 0.00181, -0.472793, 0.662521, -0.581006, 0.27242, 0.627882, 0.715729, 0.304479, 0.017757, 0.0, 0.0, 0.0, 1.0],
                [0.741157, -0.11294, -0.661607, 0.001563, -0.429671, 0.678049, -0.596356, 0.27248, 0.515799, 0.726259, 0.453348, 0.015329, 0.0, 0.0, 0.0, 1.0],
                [0.737408, 0.005844, -0.675377, 0.001315, -0.412207, 0.796337, -0.442736, 0.27254, 0.53513, 0.604651, 0.588929, 0.012901, 0.0, 0.0, 0.0, 1.0],
                [0.674305, 0.131678, -0.726623, 0.001067, -0.382281, 0.904161, -0.190637, 0.2726, 0.631818, 0.406058, 0.659358, 0.010473, 0.0, 0.0, 0.0, 1.0],
                [0.566106, 0.232651, -0.790792, 0.00082, -0.315657, 0.947301, 0.052931, 0.27266, 0.761485, 0.219476, 0.609116, 0.008044, 0.0, 0.0, 0.0, 1.0],
                [0.316503, 0.215787, -0.923492, 0.000573, -0.211329, 0.965173, 0.153164, 0.27272, 0.924728, 0.146552, 0.350671, 0.005616, 0.0, 0.0, 0.0, 1.0],
                [-0.036357, 0.151212, -0.987509, 0.000325, -0.095646, 0.983171, 0.154042, 0.27278, 0.994744, 0.099953, -0.021254, 0.003188, 0.0, 0.0, 0.0, 1.0]
            ]
        },
        {
            "name": "Elbow_L",
            "time": [0.0, 0.2667],
            "transform": [
                [-1.0, 0.0, -0.0, -0.0, 0.0, -0.0, -1.0, 0.3, -0.0, -1.0, -0.0, -0.0, 0.0, 0.0, 0.0, 1.0],
                [-1.0, 0.0, -0.0, -0.0, 0.0, -0.0, -1.0, 0.3, -0.0, -1.0, -0.0, 0.0, 0.0, 0.0, 0.0, 1.0]
            ]
        }
    ]
}