{
    "animation": [
        {
            "name": "Root",
            "time": [0.0, 0.2667, 0.3, 0.3333, 0.3667, 0.4, 0.4333, 0.4667, 0.5, 0.5333, 0.5667, 0.6, 0.6333, 0.6667, 0.7, 0.7333, 0.7667, 0.8, 0.8333, 0.8667, 0.9, 0.9333, 0.9667, 1.0, 1.0333, 1.0667, 1.1, 1.1333, 1.2, 1.2333, 1.2667, 1.3, 1.3333, 1.3667, 1.4, 1.4333, 1.4667, 1.5, 1.5333, 1.5667, 1.6, 1.6333, 1.6667, 1.7, 1.7333, 1.7667, 1.8, 1.8333, 1.8667, 1.9, 1.9333, 1.9667, 2.0, 2.0333, 2.0667, 2.1, 2.1333, 2.1667, 2.7333],
            "transform": [
                [0.907198, 0.000421, -0.420704, -0.10386, -0.420638, 0.018703, -0.907037, -0.167926, 0.007487, 0.999825, 0.017144, 0.674235, 0.0, 0.0, 0.0, 1.0],
                [0.930553, 0.26788, -0.249619, -0.351435, -0.222754, -0.126895, -0.966582, 0.447458, -0.290603, 0.95506, -0.058411, 0.477454, 0.0, 0.0, 0.0, 1.0],
                [0.932034, 0.293055, -0.21315, -0.304756, -0.186077, -0.117691, -0.975462, 0.511255, -0.310949, 0.948824, -0.055161, 0.459703, 0.0, 0.0, 0.0, 1.0],
                [0.933898, 0.298416, -0.19693, -0.283932, -0.174122, -0.101459, -0.979485, 0.541688, -0.312273, 0.949029, -0.042792, 0.450915, 0.0, 0.0, 0.0, 1.0],
                [0.936777, 0.299761, -0.180535, -0.268386, -0.163237, -0.082001, -0.983174, 0.563298, -0.309521, 0.950484, -0.027884, 0.44411, 0.0, 0.0, 0.0, 1.0],
                [0.938507, 0.299981, -0.170932, -0.257367, -0.158785, -0.064605, -0.985198, 0.57752, -0.306584, 0.951755, -0.013, 0.43903, 0.0, 0.0, 0.0, 1.0],
                [0.941075, 0.295858, -0.163849, -0.250134, -0.159078, -0.040301, -0.986444, 0.585777, -0.29845, 0.954382, 0.009138, 0.435404, 0.0, 0.0, 0.0, 1.0],
                [0.94247, 0.291076, -0.164395, -0.245935, -0.166336, -0.018243, -0.985901, 0.589519, -0.28997, 0.956527, 0.031223, 0.433405, 0.0, 0.0, 0.0, 1.0],
                [0.945573, 0.282129, -0.162154, -0.244026, -0.170492, 0.005086, -0.985347, 0.590123, -0.277169, 0.959364, 0.05291, 0.431431, 0.0, 0.0, 0.0, 1.0],
                [0.94726, 0.273128, -0.16763, -0.243661, -0.181556, 0.026345, -0.983029, 0.589078, -0.264077, 0.961617, 0.074543, 0.430788, 0.0, 0.0, 0.0, 1.0],
                [0.950034, 0.26003, -0.172682, -0.244093, -0.192077, 0.050924, -0.980059, 0.587772, -0.24605, 0.964257, 0.098325, 0.430148, 0.0, 0.0, 0.0, 1.0],
                [0.951087, 0.247542, -0.184818, -0.244575, -0.208749, 0.073964, -0.97517, 0.587645, -0.227725, 0.96605, 0.12202, 0.429498, 0.0, 0.0, 0.0, 1.0],
                [0.95172, 0.233137, -0.199692, -0.244362, -0.227721, 0.09998, -0.968581, 0.590134, -0.205847, 0.967291, 0.148244, 0.428827, 0.0, 0.0, 0.0, 1.0],
                [0.950115, 0.220217, -0.220875, -0.242706, -0.252064, 0.125054, -0.959597, 0.596682, -0.183698, 0.967403, 0.174324, 0.428122, 0.0, 0.0, 0.0, 1.0],
                [0.948798, 0.204725, -0.240561, -0.238862, -0.273983, 0.154346, -0.94927, 0.608669, -0.157209, 0.966574, 0.202535, 0.425988, 0.0, 0.0, 0.0, 1.0],
                [0.944227, 0.191785, -0.267682, -0.232084, -0.30233, 0.182738, -0.935524, 0.627591, -0.130504, 0.964275, 0.230529, 0.423797, 0.0, 0.0, 0.0, 1.0],
                [0.93834, 0.178141, -0.296286, -0.221624, -0.330752, 0.213164, -0.919329, 0.654821, -0.100613, 0.96064, 0.258941, 0.419915, 0.0, 0.0, 0.0, 1.0],
                [0.929248, 0.167699, -0.329205, -0.206735, -0.362631, 0.243499, -0.899561, 0.69181, -0.070694, 0.955293, 0.287084, 0.414523, 0.0, 0.0, 0.0, 1.0],
                [0.859945, 0.138413, -0.491261, -0.127234, -0.507885, 0.327246, -0.796846, 0.90708, 0.050469, 0.934747, 0.351712, 0.387196, 0.0, 0.0, 0.0, 1.0],
                [0.677844, 0.137154, -0.7223, -0.009822, -0.698771, 0.425628, -0.574944, 1.230982, 0.228576, 0.894444, 0.384349, 0.353789, 0.0, 0.0, 0.0, 1.0],
                [0.416877, 0.163236, -0.894186, 0.068627, -0.822161, 0.487247, -0.294351, 1.451313, 0.387641, 0.857873, 0.337328, 0.338804, 0.0, 0.0, 0.0, 1.0],
                [0.177835, 0.205446, -0.962377, 0.165967, -0.866385, 0.496435, -0.05412, 1.730338, 0.466638, 0.843413, 0.266279, 0.340971, 0.0, 0.0, 0.0, 1.0],
                [0.110261, 0.23179, -0.966498, 0.3126, -0.911371, 0.411553, -0.005271, 2.153346, 0.396542, 0.881419, 0.256625, 0.363639, 0.0, 0.0, 0.0, 1.0],
                [0.104968, 0.253182, -0.961708, 0.47838, -0.955151, 0.294923, -0.02661, 2.632974, 0.276892, 0.921368, 0.272785, 0.396233, 0.0, 0.0, 0.0, 1.0],
                [0.054038, 0.298112, -0.953002, 0.64507, -0.964429, 0.262899, 0.027553, 3.116246, 0.258757, 0.917613, 0.301715, 0.433475, 0.0, 0.0, 0.0, 1.0],
                [-0.16285, 0.504783, -0.847748, 0.893523, -0.715734, 0.530967, 0.453651, 3.84253, 0.67912, 0.680638, 0.274823, 0.507006, 0.0, 0.0, 0.0, 1.0],
                [-0.224659, 0.665246, -0.712024, 1.098772, -0.306788, 0.645254, 0.699663, 4.413867, 0.924883, 0.375626, 0.059128, 0.559426, 0.0, 0.0, 0.0, 1.0],
                [-0.222299, 0.728328, -0.648169, 1.218067, -0.049727, 0.655468, 0.753586, 4.729966, 0.973711, 0.199752, -0.109492, 0.586233, 0.0, 0.0, 0.0, 1.0],
                [-0.142074, 0.766448, -0.626396, 1.710094, 0.690665, 0.530074, 0.49194, 6.066983, 0.709083, -0.362737, -0.604669, 0.538943, 0.0, 0.0, 0.0, 1.0],
                [-0.12865, 0.699674, -0.702784, 2.070958, 0.954004, 0.280826, 0.104945, 7.040526, 0.270787, -0.656957, -0.703621, 0.392147, 0.0, 0.0, 0.0, 1.0],
                [-0.100951, 0.612103, -0.784309, 2.284735, 0.985039, -0.049177, -0.165168, 7.482786, -0.13967, -0.789248, -0.597981, 0.273009, 0.0, 0.0, 0.0, 1.0],
                [-0.153641, 0.378026, -0.912959, 2.560031, 0.729423, -0.579887, -0.362867, 7.978769, -0.666584, -0.721684, -0.186647, 0.117176, 0.0, 0.0, 0.0, 1.0],
                [-0.144302, 0.075692, -0.986636, 2.637928, 0.351769, -0.928019, -0.122644, 8.073056, -0.924897, -0.364766, 0.107289, 0.0752, 0.0, 0.0, 0.0, 1.0],
                [-0.199959, -0.200045, -0.959167, 2.673738, -0.043578, -0.976151, 0.212673, 8.118445, -0.978835, 0.084324, 0.186472, 0.06184, 0.0, 0.0, 0.0, 1.0],
                [-0.189132, -0.247002, -0.950379, 2.694897, -0.242456, -0.926133, 0.288952, 8.25093, -0.951549, 0.285075, 0.115274, 0.062236, 0.0, 0.0, 0.0, 1.0],
                [-0.13831, -0.23922, -0.961065, 2.708362, -0.377911, -0.88422, 0.274479, 8.403827, -0.915453, 0.401159, 0.031893, 0.080687, 0.0, 0.0, 0.0, 1.0],
                [-0.141143, -0.247979, -0.95843, 2.73553, -0.524324, -0.802465, 0.28484, 8.566948, -0.83974, 0.542731, -0.016759, 0.123628, 0.0, 0.0, 0.0, 1.0],
                [-0.160757, -0.24536, -0.956011, 2.760486, -0.667592, -0.686393, 0.288421, 8.706733, -0.726965, 0.68459, -0.053458, 0.169712, 0.0, 0.0, 0.0, 1.0],
                [-0.194324, -0.226959, -0.954322, 2.776237, -0.820618, -0.495389, 0.284914, 8.804124, -0.537424, 0.838498, -0.08998, 0.201455, 0.0, 0.0, 0.0, 1.0],
                [-0.228927, -0.194317, -0.953853, 2.789512, -0.930124, -0.245396, 0.273224, 8.890997, -0.287163, 0.949749, -0.124561, 0.230322, 0.0, 0.0, 0.0, 1.0],
                [-0.249124, -0.156071, -0.955815, 2.801123, -0.967206, -0.010345, 0.253783, 8.960624, -0.049496, 0.987692, -0.148376, 0.25653, 0.0, 0.0, 0.0, 1.0],
                [-0.246001, -0.131617, -0.960293, 2.811888, -0.965234, 0.123596, 0.230327, 9.006264, 0.088373, 0.983566, -0.157446, 0.279852, 0.0, 0.0, 0.0, 1.0],
                [-0.232279, -0.119401, -0.965294, 2.82268, -0.961017, 0.1812, 0.208837, 9.036177, 0.149976, 0.976171, -0.156836, 0.303302, 0.0, 0.0, 0.0, 1.0],
                [-0.216669, -0.110381, -0.969986, 2.833747, -0.955481, 0.227807, 0.187506, 9.063169, 0.200272, 0.96743, -0.154825, 0.326777, 0.0, 0.0, 0.0, 1.0],
                [-0.198951, -0.102418, -0.974644, 2.844972, -0.950391, 0.262819, 0.166384, 9.087499, 0.239114, 0.959394, -0.149625, 0.350273, 0.0, 0.0, 0.0, 1.0],
                [-0.179766, -0.097186, -0.978898, 2.856243, -0.946098, 0.289614, 0.14499, 9.109436, 0.269412, 0.952197, -0.14401, 0.373789, 0.0, 0.0, 0.0, 1.0],
                [-0.159513, -0.09314, -0.982793, 2.867445, -0.943124, 0.308516, 0.123836, 9.129234, 0.291673, 0.946648, -0.137055, 0.397322, 0.0, 0.0, 0.0, 1.0],
                [-0.138453, -0.090448, -0.986231, 2.878463, -0.941669, 0.320456, 0.102808, 9.14713, 0.306745, 0.942936, -0.12954, 0.420117, 0.0, 0.0, 0.0, 1.0],
                [-0.118103, -0.087673, -0.989125, 2.889185, -0.940992, 0.328023, 0.083281, 9.163417, 0.317154, 0.940592, -0.12124, 0.442924, 0.0, 0.0, 0.0, 1.0],
                [-0.096973, -0.085876, -0.991576, 2.899493, -0.941638, 0.330591, 0.063458, 9.178299, 0.322356, 0.939859, -0.112923, 0.4642, 0.0, 0.0, 0.0, 1.0],
                [-0.078106, -0.084441, -0.993363, 2.90928, -0.942778, 0.330228, 0.046058, 9.192091, 0.324147, 0.940118, -0.105402, 0.485484, 0.0, 0.0, 0.0, 1.0],
                [-0.059216, -0.083018, -0.994788, 2.918425, -0.943544, 0.33001, 0.028625, 9.205001, 0.325914, 0.94032, -0.097873, 0.505131, 0.0, 0.0, 0.0, 1.0],
                [-0.043265, -0.08064, -0.995805, 2.926818, -0.943806, 0.330193, 0.014267, 9.217293, 0.327657, 0.940463, -0.090395, 0.523429, 0.0, 0.0, 0.0, 1.0],
                [-0.027307, -0.078286, -0.996558, 2.934342, -0.943803, 0.330509, -0.000102, 9.229227, 0.329379, 0.940551, -0.082912, 0.540173, 0.0, 0.0, 0.0, 1.0],
                [-0.014473, -0.07607, -0.996999, 2.940886, -0.943081, 0.332358, -0.011668, 9.241059, 0.332247, 0.940081, -0.076551, 0.555168, 0.0, 0.0, 0.0, 1.0],
                [-0.001641, -0.073913, -0.997264, 2.945933, -0.942182, 0.334297, -0.023226, 9.251391, 0.335099, 0.939565, -0.070188, 0.567476, 0.0, 0.0, 0.0, 1.0],
                [0.003602, -0.070446, -0.997511, 2.949278, -0.94332, 0.330804, -0.026768, 9.25902, 0.331866, 0.941067, -0.065262, 0.576691, 0.0, 0.0, 0.0, 1.0],
                [0.00524, -0.066996, -0.997741, 2.951181, -0.946607, 0.321295, -0.026546, 9.26433, 0.322347, 0.944607, -0.061735, 0.583252, 0.0, 0.0, 0.0, 1.0],
                [0.907198, 0.000421, -0.420704, 2.951914, -0.420638, 0.018703, -0.907037, 9.267939, 0.007487, 0.999825, 0.017144, 0.554657, 0.0, 0.0, 0.0, 1.0]
            ]
        },
        {
            "name": "Thigh_R",
            "time": [0.0, 0.2667, 0.3, 0.3333, 0.3667, 0.4, 0.4333, 0.4667, 0.5, 0.5333, 0.5667, 0.6, 0.6333, 0.6667, 0.7, 0.7333, 0.7667, 0.8, 0.8333, 0.8667, 0.9, 0.9333, 0.9667, 1.0, 1.0333, 1.0667, 1.1, 1.1333, 1.2, 1.2333, 1.2667, 1.3, 1.3333, 1.3667, 1.4, 1.4333, 1.4667, 1.5, 1.5333, 1.5667, 1.6, 1.6333, 1.6667, 1.7, 1.7333, 1.7667, 1.8, 1.8333, 1.8667, 1.9, 1.9333, 1.9667, 2.0, 2.0333, 2.0667, 2.1, 2.1333, 2.1667, 2.7333],
            "transform": [
                [0.945483, 0.067158, 0.318674, 0.133847, 0.064694, -0.997738, 0.018325, 0.001085, 0.319184, 0.00329, -0.947688, 0.043038, 0.0, 0.0, 0.0, 1.0],
                [0.450916, -0.112461, -0.885444, 0.037762, 0.499079, -0.790705, 0.354601, 0.090674, -0.739935, -0.601858, -0.300415, -0.154375, 0.0, 0.0, 0.0, 1.0],
                [0.398205, -0.057772, -0.915469, 0.025141, 0.688946, -0.640068, 0.34009, 0.088751, -0.605554, -0.766204, -0.215077, -0.146665, 0.0, 0.0, 0.0, 1.0],
                [0.38135, -0.005205, -0.92441, 0.01252, 0.773471, -0.545812, 0.322186, 0.086827, -0.506183, -0.837948, -0.20412, -0.138955, 0.0, 0.0, 0.0, 1.0],
                [0.402375, -0.002871, -0.915462, -0.0001, 0.780877, -0.520823, 0.344885, 0.084904, -0.47774, -0.853716, -0.207324, -0.131245, 0.0, 0.0, 0.0, 1.0],
                [0.418757, 0.000789, -0.90809, -0.012721, 0.789128, -0.495086, 0.363502, 0.082981, -0.449254, -0.868897, -0.207943, -0.123535, 0.0, 0.0, 0.0, 1.0],
                [0.428986, 0.004624, -0.903291, -0.01355, 0.79783, -0.470806, 0.376526, 0.08427, -0.423494, -0.882278, -0.205658, -0.124166, 0.0, 0.0, 0.0, 1.0],
                [0.43272, 0.006423, -0.901497, -0.014379, 0.807269, -0.447843, 0.384335, 0.085558, -0.401224, -0.894141, -0.198975, -0.124798, 0.0, 0.0, 0.0, 1.0],
                [0.43266, 0.002919, -0.901544, -0.015208, 0.816431, -0.425357, 0.390472, 0.086847, -0.382304, -0.905072, -0.186419, -0.125429, 0.0, 0.0, 0.0, 1.0],
                [0.429337, -0.003986, -0.903127, -0.016037, 0.825834, -0.402985, 0.394406, 0.088135, -0.365486, -0.915248, -0.169725, -0.12606, 0.0, 0.0, 0.0, 1.0],
                [0.423692, -0.017359, -0.905631, -0.016866, 0.834387, -0.381546, 0.397709, 0.089424, -0.352412, -0.924237, -0.147174, -0.126692, 0.0, 0.0, 0.0, 1.0],
                [0.41604, -0.038209, -0.908535, -0.017694, 0.842978, -0.358375, 0.401126, 0.090712, -0.340892, -0.932845, -0.116889, -0.127323, 0.0, 0.0, 0.0, 1.0],
                [0.409013, -0.065655, -0.910156, -0.018523, 0.850539, -0.333799, 0.406333, 0.092001, -0.330457, -0.940404, -0.080686, -0.127955, 0.0, 0.0, 0.0, 1.0],
                [0.403167, -0.102523, -0.909359, -0.019352, 0.856827, -0.306594, 0.414475, 0.093289, -0.321268, -0.946352, -0.035764, -0.128586, 0.0, 0.0, 0.0, 1.0],
                [0.399689, -0.148484, -0.904539, -0.020181, 0.861881, -0.274985, 0.426011, 0.094578, -0.311962, -0.949962, 0.018067, -0.129218, 0.0, 0.0, 0.0, 1.0],
                [0.401815, -0.204901, -0.892497, -0.02101, 0.864208, -0.237297, 0.44359, 0.095866, -0.302651, -0.949631, 0.081728, -0.129849, 0.0, 0.0, 0.0, 1.0],
                [0.409854, -0.265244, -0.87273, -0.016189, 0.863939, -0.193922, 0.464694, 0.104508, -0.292472, -0.944528, 0.149674, -0.130569, 0.0, 0.0, 0.0, 1.0],
                [0.423131, -0.330165, -0.843769, -0.011368, 0.860566, -0.144808, 0.488252, 0.113149, -0.283362, -0.932801, 0.222856, -0.131288, 0.0, 0.0, 0.0, 1.0],
                [0.51081, -0.622008, -0.593458, -0.006547, 0.768439, 0.020943, 0.639537, 0.121791, -0.385331, -0.782793, 0.488672, -0.132008, 0.0, 0.0, 0.0, 1.0],
                [0.485846, -0.864909, -0.12625, -0.001726, 0.434336, 0.113585, 0.893552, 0.130432, -0.758424, -0.489013, 0.430846, -0.132727, 0.0, 0.0, 0.0, 1.0],
                [0.362529, -0.913005, 0.187268, 0.003095, -0.100143, 0.161619, 0.98176, 0.139074, -0.92652, -0.374709, -0.03284, -0.133447, 0.0, 0.0, 0.0, 1.0],
                [0.4163, -0.900983, -0.122451, 0.010063, -0.358329, -0.286382, 0.888584, 0.127859, -0.835577, -0.326075, -0.442069, -0.142137, 0.0, 0.0, 0.0, 1.0],
                [0.365726, -0.537845, -0.759595, 0.017031, -0.170039, -0.84106, 0.51359, 0.116644, -0.915003, -0.058678, -0.399052, -0.150826, 0.0, 0.0, 0.0, 1.0],
                [0.257073, 0.146267, -0.955258, 0.023999, -0.182858, -0.963304, -0.1967, 0.105428, -0.948885, 0.225265, -0.220894, -0.159516, 0.0, 0.0, 0.0, 1.0],
                [0.164613, 0.687517, -0.707297, 0.01176, -0.140637, -0.693425, -0.706704, 0.096091, -0.97623, 0.215826, -0.017457, -0.134064, 0.0, 0.0, 0.0, 1.0],
                [0.401885, 0.393791, -0.826692, -0.000479, 0.258667, -0.914908, -0.310013, 0.086752, -0.878344, -0.089256, -0.469548, -0.108613, 0.0, 0.0, 0.0, 1.0],
                [0.422923, 0.035593, -0.905459, 0.013885, 0.349996, -0.928139, 0.127011, 0.063667, -0.835792, -0.370656, -0.404988, -0.105126, 0.0, 0.0, 0.0, 1.0],
                [0.227292, -0.23015, -0.94624, 0.028249, 0.433982, -0.845943, 0.309989, 0.040582, -0.871724, -0.481156, -0.092396, -0.10164, 0.0, 0.0, 0.0, 1.0],
                [0.006159, -0.857358, -0.514761, 0.056978, 0.409698, -0.467439, 0.783362, -0.00559, -0.912144, -0.215743, 0.348378, -0.094669, 0.0, 0.0, 0.0, 1.0],
                [0.045066, -0.979754, -0.195335, 0.072069, 0.296472, -0.173615, 0.939126, 0.010875, -0.953921, -0.100245, 0.282646, -0.114042, 0.0, 0.0, 0.0, 1.0],
                [-0.066632, -0.979234, -0.19174, 0.080153, 0.366134, -0.202769, 0.908198, 0.026264, -0.928117, -0.009688, 0.372041, -0.128092, 0.0, 0.0, 0.0, 1.0],
                [-0.214339, -0.901066, -0.377122, 0.088239, 0.091805, -0.402992, 0.910597, 0.041652, -0.972383, 0.160571, 0.169099, -0.142142, 0.0, 0.0, 0.0, 1.0],
                [-0.196415, -0.968184, -0.155365, 0.096322, -0.100762, -0.137689, 0.985338, 0.057041, -0.975276, 0.209212, -0.070512, -0.156192, 0.0, 0.0, 0.0, 1.0],
                [-0.066403, -0.92499, -0.374265, 0.092631, -0.093951, -0.367649, 0.925215, 0.062707, -0.993308, 0.09661, -0.062491, -0.155048, 0.0, 0.0, 0.0, 1.0],
                [0.052861, -0.925781, -0.374468, 0.088941, -0.037026, -0.376572, 0.925656, 0.06838, -0.997863, -0.03507, -0.054185, -0.153905, 0.0, 0.0, 0.0, 1.0],
                [0.134081, -0.924864, -0.356006, 0.08525, 0.006017, -0.358503, 0.933518, 0.074047, -0.990898, -0.127323, -0.042505, -0.152761, 0.0, 0.0, 0.0, 1.0],
                [0.156939, -0.904097, -0.397572, 0.08156, 0.021918, -0.399295, 0.916571, 0.079716, -0.987312, -0.152575, -0.04285, -0.151618, 0.0, 0.0, 0.0, 1.0],
                [0.164431, -0.811112, -0.561363, 0.07787, 0.052176, -0.56119, 0.826062, 0.085386, -0.984955, -0.165136, -0.049957, -0.150474, 0.0, 0.0, 0.0, 1.0],
                [0.169301, -0.768924, -0.616566, 0.074178, 0.044492, -0.619029, 0.784133, 0.091053, -0.984507, -0.160203, -0.070591, -0.149329, 0.0, 0.0, 0.0, 1.0],
                [0.177083, -0.769468, -0.613693, 0.075907, 0.018261, -0.620905, 0.7837, 0.097689, -0.983974, -0.150001, -0.095901, -0.143202, 0.0, 0.0, 0.0, 1.0],
                [0.183079, -0.792359, -0.58199, 0.077633, -0.018742, -0.594733, 0.803729, 0.104325, -0.982866, -0.136253, -0.123734, -0.137074, 0.0, 0.0, 0.0, 1.0],
                [0.1872, -0.797577, -0.573489, 0.079358, -0.047444, -0.590501, 0.805664, 0.11096, -0.981124, -0.123623, -0.148382, -0.130947, 0.0, 0.0, 0.0, 1.0],
                [0.188611, -0.779971, -0.596769, 0.081089, -0.067265, -0.616543, 0.784469, 0.117595, -0.979692, -0.107829, -0.168752, -0.12482, 0.0, 0.0, 0.0, 1.0],
                [0.190574, -0.761656, -0.619371, 0.082814, -0.08707, -0.641598, 0.762113, 0.124231, -0.977751, -0.091319, -0.188589, -0.118691, 0.0, 0.0, 0.0, 1.0],
                [0.192606, -0.742341, -0.641786, 0.079079, -0.103206, -0.665766, 0.739021, 0.116994, -0.975781, -0.076111, -0.204845, -0.118598, 0.0, 0.0, 0.0, 1.0],
                [0.195035, -0.722354, -0.66349, 0.075343, -0.119284, -0.688967, 0.714945, 0.109757, -0.973463, -0.060302, -0.220538, -0.118505, 0.0, 0.0, 0.0, 1.0],
                [0.196076, -0.701048, -0.685663, 0.071609, -0.131882, -0.711776, 0.689952, 0.10252, -0.971626, -0.04486, -0.232018, -0.118411, 0.0, 0.0, 0.0, 1.0],
                [0.194368, -0.678243, -0.708698, 0.067872, -0.143146, -0.734394, 0.663498, 0.095283, -0.970375, -0.027518, -0.239831, -0.118318, 0.0, 0.0, 0.0, 1.0],
                [0.190726, -0.651905, -0.733952, 0.064137, -0.151135, -0.758304, 0.634186, 0.088047, -0.969886, -0.010031, -0.243154, -0.118224, 0.0, 0.0, 0.0, 1.0],
                [0.184647, -0.620013, -0.76258, 0.060404, -0.156407, -0.784613, 0.599985, 0.080809, -0.970226, 0.008489, -0.241851, -0.118131, 0.0, 0.0, 0.0, 1.0],
                [0.178567, -0.586854, -0.789779, 0.056668, -0.161943, -0.809307, 0.564681, 0.073572, -0.970456, 0.027068, -0.239552, -0.118037, 0.0, 0.0, 0.0, 1.0],
                [0.173262, -0.547945, -0.818393, 0.052933, -0.164391, -0.835438, 0.524491, 0.066335, -0.971006, 0.043667, -0.234827, -0.117944, 0.0, 0.0, 0.0, 1.0],
                [0.167801, -0.507648, -0.845081, 0.049199, -0.167073, -0.859525, 0.483093, 0.059098, -0.971507, 0.060133, -0.229044, -0.11785, 0.0, 0.0, 0.0, 1.0],
                [0.164818, -0.472202, -0.865957, 0.04555, -0.168113, -0.878613, 0.447052, 0.052959, -0.971839, 0.071904, -0.224195, -0.117992, 0.0, 0.0, 0.0, 1.0],
                [0.164202, -0.445945, -0.879881, 0.041903, -0.167217, -0.891709, 0.420683, 0.046817, -0.972098, 0.078062, -0.22099, -0.118133, 0.0, 0.0, 0.0, 1.0],
                [0.165333, -0.425506, -0.889735, 0.038256, -0.164454, -0.90146, 0.400507, 0.040677, -0.972378, 0.080112, -0.219017, -0.118274, 0.0, 0.0, 0.0, 1.0],
                [0.167613, -0.402813, -0.899813, 0.034609, -0.158216, -0.911932, 0.378722, 0.034536, -0.973022, 0.078894, -0.216583, -0.118416, 0.0, 0.0, 0.0, 1.0],
                [0.169446, -0.380131, -0.909287, 0.030961, -0.151893, -0.921725, 0.356983, 0.028396, -0.973712, 0.077634, -0.213922, -0.118556, 0.0, 0.0, 0.0, 1.0],
                [0.945483, 0.067158, 0.318674, 0.133847, 0.064694, -0.997738, 0.018325, 0.001085, 0.319184, 0.00329, -0.947687, 0.043039, 0.0, 0.0, 0.0, 1.0]
            ]
        },
        {
            "name": "Leg_R",
            "time": [0.0, 0.2667, 0.3, 0.3333, 0.3667, 0.4, 0.4333, 0.4667, 0.5, 0.5333, 0.5667, 0.6, 0.6333, 0.6667, 0.7, 0.7333, 0.7667, 0.8, 0.8333, 0.8667, 0.9, 0.9333, 0.9667, 1.0, 1.0333, 1.0667, 1.1, 1.1333, 1.2, 1.2333, 1.2667, 1.3, 1.3333, 1.3667, 1.4, 1.4333, 1.4667, 1.5, 1.5333, 1.5667, 1.6, 1.6333, 1.6667, 1.7, 1.7333, 1.7667, 1.8, 1.8333, 1.8667, 1.9, 1.9333, 1.9667, 2.0, 2.0333, 2.0667, 2.1, 2.1333, 2.1667, 2.7333],
            "transform": [
                [1.000002, 0.001608, -0.001109, -0.0, -0.00111, 0.934967, 0.354727, 0.37472, 0.001607, -0.354724, 0.934969, 0.0, 0.0, 0.0, 0.0, 1.0],
                [0.999951, 0.001942, 0.000148, -0.0, 0.000151, -0.15293, 0.988206, 0.37472, 0.001942, -0.988319, -0.152912, 0.0, 0.0, 0.0, 0.0, 1.0],
                [0.99995, 0.001948, -2.4e-05, 0.0, -2.2e-05, 0.023307, 0.999694, 0.37472, 0.001948, -0.999809, 0.023304, -0.0, 0.0, 0.0, 0.0, 1.0],
                [0.999952, 0.001938, -0.000204, 0.0, -0.000201, 0.206892, 0.978334, 0.37472, 0.001938, -0.978445, 0.206868, -0.0, 0.0, 0.0, 0.0, 1.0],
                [0.999953, 0.001943, -0.000144, -0.0, -0.000142, 0.146616, 0.989161, 0.37472, 0.001942, -0.989275, 0.146599, 0.0, 0.0, 0.0, 0.0, 1.0],
                [0.999953, 0.001944, -0.000105, 0.0, -0.000103, 0.106436, 0.994285, 0.37472, 0.001944, -0.9944, 0.106424, 0.0, 0.0, 0.0, 0.0, 1.0],
                [0.999952, 0.001946, -8.4e-05, 0.0, -8e-05, 0.084132, 0.99642, 0.37472, 0.001947, -0.996536, 0.084122, 0.0, 0.0, 0.0, 0.0, 1.0],
                [0.999953, 0.001946, -7.3e-05, -0.0, -7.1e-05, 0.073817, 0.997237, 0.37472, 0.001946, -0.997353, 0.073808, 0.0, 0.0, 0.0, 0.0, 1.0],
                [0.999952, 0.001946, -7.2e-05, -0.0, -6.8e-05, 0.071935, 0.997375, 0.37472, 0.001946, -0.997491, 0.071927, 0.0, 0.0, 0.0, 0.0, 1.0],
                [0.999952, 0.001945, -7.5e-05, -0.0, -7.1e-05, 0.075066, 0.997145, 0.37472, 0.001945, -0.997259, 0.075057, 0.0, 0.0, 0.0, 0.0, 1.0],
                [0.999953, 0.001945, -7.8e-05, -0.0, -7.4e-05, 0.078196, 0.996904, 0.37472, 0.001945, -0.997019, 0.078187, -0.0, 0.0, 0.0, 0.0, 1.0],
                [0.999951, 0.001946, -8.1e-05, 0.0, -7.7e-05, 0.081324, 0.996654, 0.37472, 0.001945, -0.99677, 0.081315, -0.0, 0.0, 0.0, 0.0, 1.0],
                [0.999953, 0.001946, -7.5e-05, -0.0, -7.2e-05, 0.075696, 0.997097, 0.37472, 0.001946, -0.997211, 0.075688, -0.0, 0.0, 0.0, 0.0, 1.0],
                [0.999953, 0.001946, -6e-05, 0.0, -5.6e-05, 0.059657, 0.998184, 0.37472, 0.001946, -0.998298, 0.059651, -0.0, 0.0, 0.0, 0.0, 1.0],
                [0.999953, 0.001947, -3e-05, 0.0, -2.5e-05, 0.02813, 0.99957, 0.37472, 0.001947, -0.999683, 0.028127, 0.0, 0.0, 0.0, 0.0, 1.0],
                [0.999953, 0.001948, 1.6e-05, 0.0, 2e-05, -0.018479, 0.999795, 0.37472, 0.001948, -0.999909, -0.018477, 0.0, 0.0, 0.0, 0.0, 1.0],
                [0.999954, 0.001946, 8e-05, 0.0, 8.6e-05, -0.085073, 0.996342, 0.37472, 0.001946, -0.996454, -0.085064, -0.0, 0.0, 0.0, 0.0, 1.0],
                [0.999954, 0.00194, 0.000163, 0.0, 0.000169, -0.16993, 0.985427, 0.37472, 0.001939, -0.985534, -0.169911, -0.0, 0.0, 0.0, 0.0, 1.0],
                [0.999954, 0.001855, 0.000598, 0.0, 0.000605, -0.587354, 0.809342, 0.37472, 0.001852, -0.809406, -0.587307, 0.0, 0.0, 0.0, 0.0, 1.0],
                [0.999953, 0.001693, 0.000972, -0.0, 0.000977, -0.865082, 0.5017, 0.37472, 0.00169, -0.501724, -0.865039, 0.0, 0.0, 0.0, 0.0, 1.0],
                [0.999952, 0.001666, 0.001017, -0.0, 0.001019, -0.890014, 0.456017, 0.37472, 0.001665, -0.456037, -0.88997, -0.0, 0.0, 0.0, 0.0, 1.0],
                [0.99995, 0.001723, 0.000918, -0.0, 0.00092, -0.830846, 0.556564, 0.37472, 0.001721, -0.556592, -0.830802, 0.0, 0.0, 0.0, 0.0, 1.0],
                [0.999948, 0.001886, 0.0005, 0.0, 0.0005, -0.495475, 0.868625, 0.37472, 0.001886, -0.868702, -0.49543, -0.0, 0.0, 0.0, 0.0, 1.0],
                [0.999951, 0.001898, -0.000458, -0.0, -0.000459, 0.456604, 0.889664, 0.37472, 0.001898, -0.889753, 0.456557, -0.0, 0.0, 0.0, 0.0, 1.0],
                [0.999954, 0.00139, -0.001373, 0.0, -0.001375, 0.999983, 0.010363, 0.374721, 0.001387, -0.010362, 0.999954, 0.0, 0.0, 0.0, 0.0, 1.0],
                [0.999956, 0.00142, -0.001342, 0.0, -0.001344, 0.998525, 0.054918, 0.37472, 0.001418, -0.054918, 0.998499, 0.0, 0.0, 0.0, 0.0, 1.0],
                [0.999956, 0.001384, -0.001379, 0.0, -0.001381, 1.000031, 0.001382, 0.37472, 0.001381, -0.00138, 1.00001, 0.0, 0.0, 0.0, 0.0, 1.0],
                [0.999954, 0.001375, -0.001388, 0.0, -0.00139, 0.999971, -0.011054, 0.37472, 0.001372, 0.011056, 0.999952, 0.0, 0.0, 0.0, 0.0, 1.0],
                [0.99995, 0.001454, -0.001306, 0.0, -0.001308, 0.994447, 0.105558, 0.37472, 0.001452, -0.105558, 0.994427, 0.0, 0.0, 0.0, 0.0, 1.0],
                [0.999954, 0.001905, -0.000429, -0.0, -0.000432, 0.430192, 0.902728, 0.37472, 0.001904, -0.902817, 0.430149, 0.0, 0.0, 0.0, 0.0, 1.0],
                [0.999954, 0.001924, 0.000339, -0.0, 0.000335, -0.339919, 0.940435, 0.37472, 0.001925, -0.940534, -0.339882, 0.0, 0.0, 0.0, 0.0, 1.0],
                [0.999954, 0.001907, 0.000426, 0.0, 0.000419, -0.422219, 0.906484, 0.37472, 0.001908, -0.906572, -0.422177, 0.0, 0.0, 0.0, 0.0, 1.0],
                [0.999953, 0.001778, 0.000809, 0.0, 0.000804, -0.752233, 0.658938, 0.37472, 0.00178, -0.658977, -0.752187, 1e-06, 0.0, 0.0, 0.0, 1.0],
                [0.999952, 0.001816, 0.00072, -0.0, 0.000716, -0.68387, 0.729633, 0.37472, 0.001817, -0.729683, -0.683822, 0.0, 0.0, 0.0, 0.0, 1.0],
                [0.999952, 0.001859, 0.000601, -0.0, 0.000598, -0.584201, 0.811622, 0.37472, 0.001859, -0.811687, -0.584153, -0.0, 0.0, 0.0, 0.0, 1.0],
                [0.999951, 0.001845, 0.00064, -0.0, 0.000638, -0.618724, 0.785628, 0.374721, 0.001845, -0.785687, -0.618675, -0.0, 0.0, 0.0, 0.0, 1.0],
                [0.99995, 0.001767, 0.000832, 0.0, 0.000832, -0.770835, 0.637082, 0.374721, 0.001767, -0.637116, -0.770791, -0.0, 0.0, 0.0, 0.0, 1.0],
                [0.999949, 0.001722, 0.000921, -0.0, 0.000921, -0.832047, 0.554766, 0.374721, 0.001721, -0.55479, -0.832009, -0.0, 0.0, 0.0, 0.0, 1.0],
                [0.999948, 0.001722, 0.000922, -0.0, 0.000922, -0.832448, 0.554165, 0.37472, 0.001722, -0.55419, -0.832409, -0.0, 0.0, 0.0, 0.0, 1.0],
                [0.999949, 0.001747, 0.000872, 0.0, 0.000871, -0.798922, 0.601488, 0.37472, 0.001747, -0.601517, -0.798881, -0.0, 0.0, 0.0, 0.0, 1.0],
                [0.999949, 0.001787, 0.000788, -0.0, 0.000787, -0.738428, 0.674373, 0.374721, 0.001787, -0.674413, -0.738382, -0.0, 0.0, 0.0, 0.0, 1.0],
                [0.99995, 0.001825, 0.000694, -0.0, 0.000693, -0.664353, 0.747447, 0.374721, 0.001825, -0.747499, -0.664305, -0.0, 0.0, 0.0, 0.0, 1.0],
                [0.99995, 0.001859, 0.000599, -0.0, 0.000599, -0.584211, 0.811617, 0.374721, 0.001858, -0.811682, -0.584163, 1e-06, 0.0, 0.0, 0.0, 1.0],
                [0.99995, 0.001888, 0.000498, 1e-06, 0.000497, -0.492717, 0.87019, 0.374719, 0.001888, -0.87027, -0.492671, 0.0, 0.0, 0.0, 0.0, 1.0],
                [0.99995, 0.001912, 0.000395, 0.0, 0.000393, -0.395176, 0.918594, 0.374719, 0.001912, -0.918687, -0.395135, 0.0, 0.0, 0.0, 0.0, 1.0],
                [0.999951, 0.001931, 0.000294, 0.0, 0.000292, -0.296457, 0.955023, 0.374719, 0.001931, -0.955128, -0.296423, -0.0, 0.0, 0.0, 0.0, 1.0],
                [0.999951, 0.001943, 0.000194, 0.0, 0.000193, -0.197297, 0.980313, 0.37472, 0.001943, -0.980427, -0.197274, -0.0, 0.0, 0.0, 0.0, 1.0],
                [0.999951, 0.001951, 9.8e-05, 0.0, 9.6e-05, -0.099038, 0.995047, 0.37472, 0.00195, -0.995169, -0.099025, 1e-06, 0.0, 0.0, 0.0, 1.0],
                [0.999952, 0.001953, 1e-06, -0.0, -1e-06, 2e-06, 0.999961, 0.37472, 0.001953, -1.000085, 2e-06, -1e-06, 0.0, 0.0, 0.0, 1.0],
                [0.999951, 0.001951, -9.5e-05, 0.0, -9.9e-05, 0.099036, 0.995045, 0.37472, 0.001951, -0.995171, 0.099023, 0.0, 0.0, 0.0, 0.0, 1.0],
                [0.999951, 0.001943, -0.000199, 0.0, -0.000202, 0.204286, 0.978875, 0.37472, 0.001942, -0.979, 0.204259, 1e-06, 0.0, 0.0, 0.0, 1.0],
                [0.999952, 0.00193, -0.000304, -0.0, -0.000308, 0.30951, 0.950869, 0.37472, 0.001929, -0.950984, 0.309472, -1e-06, 0.0, 0.0, 0.0, 1.0],
                [0.999952, 0.00191, -0.000409, 1e-06, -0.000412, 0.411032, 0.911604, 0.37472, 0.001909, -0.911709, 0.410985, 1e-06, 0.0, 0.0, 0.0, 1.0],
                [0.999952, 0.001889, -0.0005, -0.0, -0.000504, 0.496892, 0.867808, 0.37472, 0.001887, -0.8679, 0.496838, 1e-06, 0.0, 0.0, 0.0, 1.0],
                [0.999952, 0.001868, -0.000572, -0.0, -0.000576, 0.561878, 0.827226, 0.37472, 0.001866, -0.827308, 0.561821, 1e-06, 0.0, 0.0, 0.0, 1.0],
                [0.999952, 0.001851, -0.000626, -0.0, -0.000631, 0.609048, 0.793147, 0.37472, 0.001849, -0.793222, 0.608989, -1e-06, 0.0, 0.0, 0.0, 1.0],
                [0.999952, 0.001835, -0.00067, 0.0, -0.000675, 0.646218, 0.763174, 0.37472, 0.001834, -0.763241, 0.646159, -1e-06, 0.0, 0.0, 0.0, 1.0],
                [0.999953, 0.001822, -0.000705, 0.0, -0.00071, 0.675048, 0.737799, 0.37472, 0.00182, -0.737861, 0.67499, -1e-06, 0.0, 0.0, 0.0, 1.0],
                [1.000002, 0.001608, -0.001109, 1e-06, -0.00111, 0.934967, 0.354727, 0.37472, 0.001607, -0.354724, 0.934969, -0.0, 0.0, 0.0, 0.0, 1.0]
            ]
        },
        {
            "name": "Knee_R",
            "time": [0.0, 1.1333, 1.2, 1.2333, 2.0333, 2.1667, 2.7333],
            "transform": [
                [1.0, 0.0, -0.0, -0.0, -0.0, 1e-06, -1.0, 0.37472, -0.0, 1.0, 1e-06, 0.0, 0.0, 0.0, 0.0, 1.0],
                [1.0, 0.0, -0.0, 0.0, -0.0, 1e-06, -1.0, 0.37472, -0.0, 1.0, 1e-06, 0.0, 0.0, 0.0, 0.0, 1.0],
                [1.0, 0.0, -0.0, 0.0, -0.0, 1e-06, -1.0, 0.37472, -0.0, 1.0, 1e-06, 0.0, 0.0, 0.0, 0.0, 1.0],
                [1.0, 0.0, -0.0, -0.0, -0.0, 1e-06, -1.0, 0.37472, -0.0, 1.0, 1e-06, 0.0, 0.0, 0.0, 0.0, 1.0],
                [1.0, 0.0, -0.0, -0.0, -0.0, 1e-06, -1.0, 0.37472, -0.0, 1.0, 1e-06, 1e-06, 0.0, 0.0, 0.0, 1.0],
                [1.0, 0.0, -0.0, 0.0, -0.0, 1e-06, -1.0, 0.37472, -0.0, 1.0, 1e-06, -1e-06, 0.0, 0.0, 0.0, 1.0],
                [1.0, 0.0, -0.0, 1e-06, -0.0, 1e-06, -1.0, 0.37472, -0.0, 1.0, 1e-06, -0.0, 0.0, 0.0, 0.0, 1.0]
            ]
        },
        {
            "name": "Thigh_L",
            "time": [0.0, 0.1667, 0.2667, 0.3, 0.3333, 0.3667, 0.4, 0.4333, 0.4667, 0.5, 0.5333, 0.5667, 0.6, 0.6333, 0.6667, 0.7, 0.7333, 0.7667, 0.8, 0.8333, 0.8667, 0.9, 0.9333, 0.9667, 1.0, 1.0333, 1.0667, 1.1, 1.1333, 1.2, 1.2333, 1.2667, 1.3, 1.3333, 1.3667, 1.4, 1.4333, 1.4667, 1.5, 1.5333, 1.5667, 1.6, 1.6333, 1.6667, 1.7, 1.7333, 1.7667, 1.8, 1.8333, 1.8667, 1.9, 1.9333, 1.9667, 2.0, 2.0333, 2.0667, 2.1, 2.1333, 2.1667, 2.7333],
            "transform": [
                [0.944623, -0.062107, -0.322093, -0.125094, 0.027246, -0.963713, 0.265721, 0.007652, -0.326876, -0.259807, -0.908652, 0.000655, 0.0, 0.0, 0.0, 1.0],
                [0.323356, -0.581536, -0.746502, -0.037967, -0.466591, -0.784313, 0.408853, 0.102871, -0.823224, 0.216115, -0.524952, 0.131385, 0.0, 0.0, 0.0, 1.0],
                [-0.224477, -0.602333, -0.766032, 0.019426, -0.582948, -0.546922, 0.600874, 0.116278, -0.780886, 0.581438, -0.228358, 0.134592, 0.0, 0.0, 0.0, 1.0],
                [-0.23541, -0.622933, -0.746014, 0.038557, -0.606138, -0.505913, 0.613718, 0.120747, -0.759723, 0.596662, -0.258487, 0.135662, 0.0, 0.0, 0.0, 1.0],
                [-0.228166, -0.638507, -0.735017, 0.057688, -0.605056, -0.498463, 0.62084, 0.125215, -0.762789, 0.586379, -0.272601, 0.136731, 0.0, 0.0, 0.0, 1.0],
                [-0.217008, -0.652499, -0.726053, 0.063896, -0.598898, -0.498352, 0.626871, 0.130924, -0.770864, 0.570865, -0.282635, 0.136344, 0.0, 0.0, 0.0, 1.0],
                [-0.200855, -0.666813, -0.717647, 0.070104, -0.58919, -0.503034, 0.632307, 0.136633, -0.782632, 0.549831, -0.291844, 0.135958, 0.0, 0.0, 0.0, 1.0],
                [-0.182512, -0.679576, -0.710539, 0.076312, -0.575793, -0.511909, 0.637505, 0.142342, -0.796965, 0.525474, -0.297866, 0.135571, 0.0, 0.0, 0.0, 1.0],
                [-0.161682, -0.691104, -0.704439, 0.08252, -0.558375, -0.524506, 0.642737, 0.148051, -0.813681, 0.497258, -0.301093, 0.135184, 0.0, 0.0, 0.0, 1.0],
                [-0.14049, -0.701908, -0.698275, 0.088729, -0.540557, -0.536498, 0.64805, 0.15376, -0.829494, 0.468501, -0.30405, 0.134798, 0.0, 0.0, 0.0, 1.0],
                [-0.119509, -0.711284, -0.692672, 0.08621, -0.521058, -0.548933, 0.653584, 0.15271, -0.845113, 0.439031, -0.305018, 0.12993, 0.0, 0.0, 0.0, 1.0],
                [-0.098222, -0.719926, -0.687066, 0.083691, -0.501148, -0.560689, 0.65915, 0.151659, -0.859769, 0.409064, -0.305719, 0.125062, 0.0, 0.0, 0.0, 1.0],
                [-0.079399, -0.725217, -0.683928, 0.081173, -0.482156, -0.572559, 0.663101, 0.150609, -0.87248, 0.382409, -0.304207, 0.120195, 0.0, 0.0, 0.0, 1.0],
                [-0.060421, -0.729936, -0.68084, 0.078654, -0.462807, -0.583852, 0.667029, 0.149559, -0.884397, 0.355399, -0.302544, 0.115327, 0.0, 0.0, 0.0, 1.0],
                [-0.044262, -0.7322, -0.67965, 0.076136, -0.44813, -0.593479, 0.668553, 0.148508, -0.892872, 0.334163, -0.301854, 0.110459, 0.0, 0.0, 0.0, 1.0],
                [-0.030009, -0.731973, -0.680673, 0.072025, -0.437143, -0.60279, 0.667495, 0.136242, -0.898891, 0.317582, -0.301889, 0.112343, 0.0, 0.0, 0.0, 1.0],
                [-0.018613, -0.72782, -0.685516, 0.067914, -0.432828, -0.612191, 0.661726, 0.123977, -0.901285, 0.309027, -0.303627, 0.114227, 0.0, 0.0, 0.0, 1.0],
                [-0.010041, -0.719825, -0.694083, 0.063803, -0.435212, -0.62178, 0.651138, 0.111711, -0.900271, 0.308612, -0.307035, 0.11611, 0.0, 0.0, 0.0, 1.0],
                [-0.004112, -0.704262, -0.709928, 0.059692, -0.445239, -0.634392, 0.631909, 0.099446, -0.895403, 0.318685, -0.310958, 0.117994, 0.0, 0.0, 0.0, 1.0],
                [-0.027333, -0.457886, -0.888592, 0.055581, -0.551381, -0.73456, 0.395475, 0.08718, -0.833804, 0.500763, -0.232392, 0.119877, 0.0, 0.0, 0.0, 1.0],
                [-0.021596, 0.183662, -0.982754, 0.047856, -0.611963, -0.779746, -0.132276, 0.080283, -0.79059, 0.598553, 0.129234, 0.126239, 0.0, 0.0, 0.0, 1.0],
                [-0.064241, 0.356317, -0.932156, 0.040131, -0.592083, -0.765522, -0.251819, 0.073387, -0.803311, 0.535737, 0.260148, 0.1326, 0.0, 0.0, 0.0, 1.0],
                [-0.169204, 0.569804, -0.804174, 0.032406, -0.551805, -0.730834, -0.401737, 0.06649, -0.816628, 0.375771, 0.438082, 0.13896, 0.0, 0.0, 0.0, 1.0],
                [-0.284672, 0.211319, -0.935045, 0.024681, -0.51186, -0.858222, -0.038123, 0.059594, -0.81053, 0.467759, 0.352479, 0.145321, 0.0, 0.0, 0.0, 1.0],
                [-0.385197, -0.098407, -0.917574, 0.016957, -0.377383, -0.890561, 0.253935, 0.052697, -0.842143, 0.444091, 0.305905, 0.151682, 0.0, 0.0, 0.0, 1.0],
                [-0.48994, -0.371202, -0.788778, 0.008119, -0.052854, -0.8905, 0.451904, 0.064324, -0.870151, 0.263095, 0.416673, 0.141991, 0.0, 0.0, 0.0, 1.0],
                [-0.457862, -0.573049, -0.67969, -0.000719, 0.072134, -0.785961, 0.614055, 0.075951, -0.886091, 0.232124, 0.401198, 0.132299, 0.0, 0.0, 0.0, 1.0],
                [-0.404204, -0.705696, -0.581905, -0.009557, 0.149557, -0.67862, 0.719103, 0.087578, -0.902359, 0.203637, 0.379843, 0.122608, 0.0, 0.0, 0.0, 1.0],
                [-0.367799, -0.763623, -0.530665, -0.018394, 0.179856, -0.618306, 0.765082, 0.099205, -0.912346, 0.185953, 0.364755, 0.112915, 0.0, 0.0, 0.0, 1.0],
                [-0.252969, -0.893037, -0.372142, 0.078921, 0.232504, -0.429495, 0.872627, 0.155771, -0.939122, 0.134223, 0.316284, 0.121238, 0.0, 0.0, 0.0, 1.0],
                [-0.248837, -0.70927, -0.659558, 0.065395, 0.251756, -0.704935, 0.663088, 0.137107, -0.935254, -0.001047, 0.353977, 0.124945, 0.0, 0.0, 0.0, 1.0],
                [-0.335104, -0.58969, -0.734828, 0.051869, 0.18965, -0.806175, 0.56046, 0.118444, -0.922896, 0.048453, 0.381988, 0.128652, 0.0, 0.0, 0.0, 1.0],
                [-0.504305, -0.736598, -0.450666, 0.04388, 0.059767, -0.550412, 0.832752, 0.106819, -0.861455, 0.393025, 0.3216, 0.124556, 0.0, 0.0, 0.0, 1.0],
                [-0.613118, -0.762946, -0.204938, 0.035893, 0.018619, -0.273301, 0.96175, 0.095193, -0.789772, 0.585849, 0.181771, 0.12046, 0.0, 0.0, 0.0, 1.0],
                [-0.656008, -0.752315, -0.060626, 0.027904, 0.006245, -0.085732, 0.996301, 0.083567, -0.754729, 0.6532, 0.060939, 0.116363, 0.0, 0.0, 0.0, 1.0],
                [-0.581338, -0.812559, 0.042335, 0.019917, 0.006639, 0.047291, 0.998861, 0.071944, -0.813637, 0.580953, -0.022098, 0.112267, 0.0, 0.0, 0.0, 1.0],
                [-0.437152, -0.898344, -0.043268, 0.025903, 0.002518, -0.049331, 0.998781, 0.0638, -0.899386, 0.436508, 0.023827, 0.118586, 0.0, 0.0, 0.0, 1.0],
                [-0.299381, -0.928108, -0.221317, 0.03189, -0.03004, -0.222672, 0.974432, 0.055656, -0.953662, 0.298374, 0.038783, 0.124905, 0.0, 0.0, 0.0, 1.0],
                [-0.189753, -0.913842, -0.359005, 0.037878, -0.012807, -0.363312, 0.931581, 0.047515, -0.981749, 0.181368, 0.057236, 0.131224, 0.0, 0.0, 0.0, 1.0],
                [-0.14873, -0.940483, -0.305562, 0.043862, 0.031951, -0.313407, 0.949082, 0.039369, -0.988362, 0.131393, 0.076662, 0.137543, 0.0, 0.0, 0.0, 1.0],
                [-0.144736, -0.973395, -0.177625, 0.049851, 0.079682, -0.190398, 0.97847, 0.031226, -0.986257, 0.127466, 0.10512, 0.143862, 0.0, 0.0, 0.0, 1.0],
                [-0.150877, -0.986694, -0.060549, 0.044469, 0.12337, -0.079565, 0.989168, 0.034948, -0.980826, 0.141772, 0.133733, 0.13748, 0.0, 0.0, 0.0, 1.0],
                [-0.151179, -0.988253, -0.022256, 0.039088, 0.144481, -0.044363, 0.988514, 0.03867, -0.977893, 0.146226, 0.14949, 0.131096, 0.0, 0.0, 0.0, 1.0],
                [-0.146446, -0.988701, -0.031972, 0.033708, 0.140734, -0.052815, 0.988639, 0.042392, -0.979157, 0.140282, 0.146879, 0.124713, 0.0, 0.0, 0.0, 1.0],
                [-0.139042, -0.988497, -0.05948, 0.028328, 0.133785, -0.078263, 0.987917, 0.046115, -0.981209, 0.129403, 0.143128, 0.118331, 0.0, 0.0, 0.0, 1.0],
                [-0.129921, -0.986465, -0.100018, 0.022947, 0.124672, -0.116325, 0.985357, 0.049837, -0.983657, 0.115549, 0.138098, 0.111948, 0.0, 0.0, 0.0, 1.0],
                [-0.121028, -0.981297, -0.149691, 0.015412, 0.113263, -0.163466, 0.980027, 0.05369, -0.986167, 0.101656, 0.130929, 0.115434, 0.0, 0.0, 0.0, 1.0],
                [-0.111266, -0.972449, -0.204842, 0.007876, 0.102921, -0.216289, 0.970891, 0.057544, -0.988448, 0.086944, 0.124151, 0.118921, 0.0, 0.0, 0.0, 1.0],
                [-0.102632, -0.959319, -0.263007, 0.000338, 0.094211, -0.272588, 0.957508, 0.061398, -0.990249, 0.073492, 0.118354, 0.122408, 0.0, 0.0, 0.0, 1.0],
                [-0.093661, -0.942712, -0.320186, -0.007197, 0.085937, -0.328054, 0.940744, 0.065252, -0.991889, 0.060595, 0.11174, 0.125895, 0.0, 0.0, 0.0, 1.0],
                [-0.09111, -0.924327, -0.370563, -0.014733, 0.077771, -0.377578, 0.922707, 0.069106, -0.9928, 0.055249, 0.106287, 0.129382, 0.0, 0.0, 0.0, 1.0],
                [-0.091205, -0.905969, -0.413404, -0.00163, 0.07054, -0.419969, 0.904793, 0.071646, -0.993332, 0.05336, 0.102209, 0.130013, 0.0, 0.0, 0.0, 1.0],
                [-0.091346, -0.887448, -0.451765, 0.011471, 0.064569, -0.457985, 0.886613, 0.074189, -0.993725, 0.051819, 0.099136, 0.130646, 0.0, 0.0, 0.0, 1.0],
                [-0.092884, -0.869878, -0.484442, 0.024575, 0.059124, -0.490505, 0.869431, 0.076729, -0.99392, 0.052115, 0.096991, 0.131277, 0.0, 0.0, 0.0, 1.0],
