{
    "animation": [
        {
            "name": "Root",
            "time": [0.0, 0.0667, 0.1, 0.1333, 0.1667, 0.2, 0.2333, 0.2667, 0.3],
            "transform": [
                [0.291994, -0.383406, -0.876209, -0.186792, -0.912833, -0.385136, -0.135674, 2.750714, -0.285441, 0.839447, -0.462443, 1.193138, 0.0, 0.0, 0.0, 1.0],
                [0.557214, -0.41607, -0.718609, -0.198916, -0.829002, -0.229119, -0.510157, 2.726326, 0.047614, 0.879995, -0.472593, 1.314643, 0.0, 0.0, 0.0, 1.0],
                [0.75068, -0.438323, -0.494321, -0.890546, -0.573129, -0.059869, -0.817277, 2.552886, 0.328636, 0.896821, -0.296159, 1.4921, 0.0, 0.0, 0.0, 1.0],
                [0.898053, -0.226811, -0.376905, -2.28753, -0.398265, -0.05543, -0.915596, 2.129093, 0.186775, 0.97236, -0.14011, 1.870977, 0.0, 0.0, 0.0, 1.0],
                [0.904682, 0.048135, -0.42336, -3.896717, -0.423258, -0.012779, -0.90592, 1.609753, -0.049016, 0.998759, 0.008813, 2.314504, 0.0, 0.0, 0.0, 1.0],
                [0.564098, 0.233723, -0.79194, -5.368543, -0.825632, 0.146702, -0.544803, 1.075687, -0.011154, 0.961173, 0.275724, 2.752627, 0.0, 0.0, 0.0, 1.0],
                [0.065018, 0.391309, -0.917961, -6.525752, -0.977575, 0.209622, 0.020117, 0.646394, 0.200297, 0.896068, 0.396164, 3.081097, 0.0, 0.0, 0.0, 1.0],
                [-0.072297, 0.370508, -0.926013, -6.942414, -0.958589, 0.230612, 0.167111, 0.521642, 0.275465, 0.899746, 0.338492, 3.094745, 0.0, 0.0, 0.0, 1.0],
                [-0.063409, 0.312883, -0.947674, -7.016919, -0.948974, 0.275028, 0.154299, 0.542562, 0.308914, 0.909101, 0.279478, 3.026627, 0.0, 0.0, 0.0, 1.0]
            ]
        },
        {
            "name": "Thigh_R",
            "time": [0.0, 0.0667, 0.1, 0.1333, 0.1667, 0.2, 0.2333, 0.2667, 0.3],
            "transform": [
                [-0.047866, -0.757913, -0.65064, 0.200381, 0.008305, -0.651698, 0.758461, 0.123195, -0.998773, 0.030903, 0.037488, -0.111087, 0.0, 0.0, 0.0, 1.0],
                [0.139524, -0.664644, -0.734046, 0.089454, 0.169477, -0.714363, 0.678977, 0.078154, -0.97556, -0.219157, 0.012971, -0.125579, 0.0, 0.0, 0.0, 1.0],
                [0.259234, -0.280935, -0.924055, 0.03399, 0.376386, -0.851766, 0.364535, 0.055634, -0.889402, -0.442342, -0.115067, -0.132825, 0.0, 0.0, 0.0, 1.0],
                [0.330445, 0.061791, -0.941797, 0.083408, 0.451091, -0.886878, 0.100105, 0.052, -0.828993, -0.457958, -0.320937, -0.103797, 0.0, 0.0, 0.0, 1.0],
                [0.311041, 0.202068, -0.928665, 0.132826, 0.542678, -0.839964, -0.000973, 0.048366, -0.780167, -0.50371, -0.370921, -0.07477, 0.0, 0.0, 0.0, 1.0],
                [0.179667, -0.315211, -0.931864, 0.182244, 0.632392, -0.688603, 0.354843, 0.044731, -0.753463, -0.653118, 0.075617, -0.045743, 0.0, 0.0, 0.0, 1.0],
                [0.103871, -0.77308, -0.625791, 0.198559, 0.570814, -0.468927, 0.673996, 0.054263, -0.814426, -0.427259, 0.392576, -0.07771, 0.0, 0.0, 0.0, 1.0],
                [0.144768, -0.942613, -0.301008, 0.214874, 0.474424, -0.20084, 0.857071, 0.063797, -0.868258, -0.266906, 0.418123, -0.109676, 0.0, 0.0, 0.0, 1.0],
                [0.232578, -0.968217, -0.092448, 0.231189, 0.423967, 0.01539, 0.905539, 0.073331, -0.875253, -0.249826, 0.414071, -0.141644, 0.0, 0.0, 0.0, 1.0]
            ]
        },
        {
            "name": "Leg_R",
            "time": [0.0, 0.0667, 0.1, 0.1333, 0.1667, 0.2, 0.2333, 0.2667, 0.3],
            "transform": [
                [0.999956, -0.001953, -0.000102, 0.0, -0.000101, -0.103667, 0.994577, 0.37472, -0.001953, -0.994691, -0.103655, 0.0, 0.0, 0.0, 0.0, 1.0],
                [0.999956, -0.001934, 0.000293, -0.0, 0.000293, 0.296454, 0.955023, 0.37472, -0.001934, -0.955125, 0.296422, -0.0, 0.0, 0.0, 0.0, 1.0],
                [0.999956, -0.001701, 0.000964, -0.0, 0.000963, 0.857438, 0.514652, 0.37472, -0.001702, -0.514675, 0.857396, -0.0, 0.0, 0.0, 0.0, 1.0],
                [0.999955, -0.001727, 0.000917, -0.0, 0.000916, 0.828019, 0.560757, 0.37472, -0.001728, -0.560785, 0.827975, -0.0, 0.0, 0.0, 0.0, 1.0],
                [0.999955, -0.001823, 0.000708, 0.0, 0.000707, 0.674464, 0.738333, 0.37472, -0.001823, -0.738386, 0.674414, 0.0, 0.0, 0.0, 0.0, 1.0],
                [0.999955, -0.001894, 0.000487, 0.0, 0.000487, 0.482223, 0.876044, 0.37472, -0.001894, -0.876127, 0.482177, -0.0, 0.0, 0.0, 0.0, 1.0],
                [0.999955, -0.00192, 0.00037, 0.0, 0.00037, 0.371387, 0.928461, 0.37472, -0.00192, -0.928557, 0.371348, 0.0, 0.0, 0.0, 0.0, 1.0],
                [0.999956, -0.001952, -0.000123, -1e-06, -0.000123, -0.125733, 0.99203, 0.37472, -0.001952, -0.992143, -0.125718, -0.0, 0.0, 0.0, 0.0, 1.0],
                [0.999955, -0.001889, -0.000506, -1e-06, -0.000505, -0.499652, 0.866225, 0.37472, -0.001889, -0.866305, -0.499605, -0.0, 0.0, 0.0, 0.0, 1.0]
            ]
        },
        {
            "name": "Knee_R",
            "time": [0.0, 0.0667, 0.3],
            "transform": [
                [1.0, 0.0, -0.0, 0.0, -0.0, 1e-06, -1.0, 0.37472, -0.0, 1.0, 1e-06, 0.0, 0.0, 0.0, 0.0, 1.0],
                [1.0, 0.0, -0.0, -0.0, -0.0, 1e-06, -1.0, 0.37472, -0.0, 1.0, 1e-06, -0.0, 0.0, 0.0, 0.0, 1.0],
                [1.0, 0.0, -0.0, -1e-06, -0.0, 1e-06, -1.0, 0.37472, -0.0, 1.0, 1e-06, -0.0, 0.0, 0.0, 0.0, 1.0]
            ]
        },
        {
            "name": "Thigh_L",
            "time": [0.0, 0.0667, 0.1, 0.1333, 0.1667, 0.2, 0.2333, 0.2667, 0.3],
            "transform": [
                [0.432828, -0.431037, -0.791751, -0.022989, -0.22126, -0.902212, 0.370216, -0.063816, -0.873899, 0.014943, -0.485876, 0.102702, 0.0, 0.0, 0.0, 1.0],
                [0.362614, -0.749037, -0.554487, -0.014215, -0.071939, -0.615704, 0.784688, 0.006095, -0.929157, -0.24465, -0.277149, 0.081698, 0.0, 0.0, 0.0, 1.0],
                [0.3574, -0.775727, -0.52011, -0.009828, 0.193585, -0.483267, 0.853803, 0.041051, -0.913668, -0.405834, -0.02255, 0.071195, 0.0, 0.0, 0.0, 1.0],
                [0.524244, -0.834767, -0.16832, -0.00544, 0.036814, -0.175258, 0.983836, 0.076007, -0.85077, -0.521967, -0.061148, 0.060693, 0.0, 0.0, 0.0, 1.0],
                [0.34062, -0.88984, 0.303585, 0.006446, -0.570801, 0.060862, 0.81883, 0.057867, -0.747103, -0.452197, -0.487191, 0.090902, 0.0, 0.0, 0.0, 1.0],
                [0.275162, -0.940592, -0.198926, 0.018333, -0.435216, -0.306366, 0.846598, 0.039726, -0.857246, -0.146376, -0.493663, 0.121111, 0.0, 0.0, 0.0, 1.0],
                [0.120661, -0.846245, -0.518953, 0.03022, -0.117373, -0.531266, 0.839036, 0.021585, -0.985729, -0.040328, -0.16343, 0.151319, 0.0, 0.0, 0.0, 1.0],
                [0.099427, -0.97643, -0.191577, 0.011148, 0.222334, -0.165863, 0.96076, -0.015888, -0.969885, -0.13812, 0.200603, 0.120223, 0.0, 0.0, 0.0, 1.0],
                [0.096376, -0.988025, -0.120498, -0.007925, 0.259089, -0.091986, 0.961464, -0.053361, -0.961031, -0.123882, 0.247121, 0.089127, 0.0, 0.0, 0.0, 1.0]
            ]
        },
        {
            "name": "Leg_L",
            "time": [0.0, 0.0667, 0.1, 0.1333, 0.1667, 0.2, 0.2333, 0.2667, 0.3],
            "transform": [
                [1.000005, -0.001843, -0.000658, -0.0, -0.000661, -0.634819, 0.772658, 0.37472, -0.001842, -0.772655, -0.634819, 0.0, 0.0, 0.0, 0.0, 1.0],
                [1.000003, -0.001883, -0.000534, -0.0, -0.000535, -0.525533, 0.850771, 0.37472, -0.001883, -0.850769, -0.525533, 0.0, 0.0, 0.0, 0.0, 1.0],
                [1.000002, -0.001924, -0.00035, 0.0, -0.00035, -0.351842, 0.936058, 0.37472, -0.001924, -0.936056, -0.351842, 0.0, 0.0, 0.0, 0.0, 1.0],
                [1.000002, -0.001787, -0.000798, -0.0, -0.000798, -0.744841, 0.667239, 0.37472, -0.001787, -0.667236, -0.744842, -0.0, 0.0, 0.0, 0.0, 1.0],
                [1.000004, -0.001765, -0.000847, -0.0, -0.000845, -0.779137, 0.626849, 0.37472, -0.001767, -0.626846, -0.779139, 0.0, 0.0, 0.0, 0.0, 1.0],
                [1.000003, -0.001847, -0.00065, -0.0, -0.000649, -0.625909, 0.779894, 0.37472, -0.001847, -0.77989, -0.62591, 0.0, 0.0, 0.0, 0.0, 1.0],
                [1.000001, -0.001896, -0.000484, 0.0, -0.000484, -0.479372, 0.87761, 0.374721, -0.001896, -0.877609, -0.479372, 0.0, 0.0, 0.0, 0.0, 1.0],
                [1.000001, -0.001853, -0.00062, -0.0, -0.000621, -0.602241, 0.798313, 0.37472, -0.001853, -0.79831, -0.602242, 0.0, 0.0, 0.0, 0.0, 1.0],
                [1.000002, -0.001793, -0.000779, 0.0, -0.000779, -0.730835, 0.682552, 0.37472, -0.001793, -0.682549, -0.730837, 0.0, 0.0, 0.0, 0.0, 1.0]
            ]
        },
        {
            "name": "Knee_L",
            "time": [0.0, 0.0667, 0.3],
            "transform": [
                [1.0, 0.0, -0.0, -0.0, -0.0, 1e-06, -1.0, 0.37472, -0.0, 1.0, 1e-06, 0.0, 0.0, 0.0, 0.0, 1.0],
                [1.0, 0.0, -0.0, -0.0, -0.0, 1e-06, -1.0, 0.37472, -0.0, 1.0, 1e-06, 0.0, 0.0, 0.0, 0.0, 1.0],
                [1.0, 0.0, -0.0, 0.0, -0.0, 1e-06, -1.0, 0.37472, -0.0, 1.0, 1e-06, 0.0, 0.0, 0.0, 0.0, 1.0]
            ]
        },
        {
            "name": "Torso",
            "time": [0.0, 0.0667, 0.1, 0.1333, 0.1667, 0.2, 0.2333, 0.2667, 0.3],
            "transform": [
                [0.527308, -0.780416, -0.336005, 0.0, 0.689038, 0.161376, 0.70653, 0.05, -0.497161, -0.604081, 0.622831, -0.0, 0.0, 0.0, 0.0, 1.0],
                [0.492927, -0.725999, 0.479531, -0.0, 0.260886, 0.64911, 0.71456, 0.05, -0.830034, -0.227124, 0.509367, -0.0, 0.0, 0.0, 0.0, 1.0],
                [0.133392, -0.20985, 0.968593, -0.0, -0.097155, 0.969851, 0.223502, 0.05, -0.986286, -0.123918, 0.108982, -0.0, 0.0, 0.0, 0.0, 1.0],
                [0.324589, -0.08231, 0.942268, 0.0, -0.418233, 0.881038, 0.221034, 0.05, -0.848361, -0.465835, 0.251552, 0.0, 0.0, 0.0, 0.0, 1.0],
                [0.625335, -0.097257, 0.774271, -0.0, -0.497776, 0.714413, 0.491766, 0.05, -0.600974, -0.692935, 0.398336, -0.0, 0.0, 0.0, 0.0, 1.0],
                [0.594622, -0.509224, 0.622186, 0.0, -0.127323, 0.704455, 0.698238, 0.05, -0.793855, -0.494409, 0.354049, -0.0, 0.0, 0.0, 0.0, 1.0],
                [0.378034, -0.834301, 0.401291, -0.0, 0.278426, 0.515848, 0.810174, 0.05, -0.882929, -0.194545, 0.427299, 0.0, 0.0, 0.0, 0.0, 1.0],
                [0.530809, -0.805519, 0.263406, 0.0, 0.422072, 0.520786, 0.742051, 0.05, -0.73491, -0.282713, 0.616425, -0.0, 0.0, 0.0, 0.0, 1.0],
                [0.694343, -0.697106, 0.178692, 0.0, 0.441313, 0.608602, 0.65943, 0.05, -0.568442, -0.379013, 0.730221, -0.0, 0.0, 0.0, 0.0, 1.0]
            ]
        },
        {
            "name": "Chest",
            "time": [0.0, 0.0667, 0.1, 0.1333, 0.1667, 0.2, 0.2333, 0.2667, 0.3],
            "transform": [
                [0.684429, 0.300657, 0.664198, -0.0, 0.378799, 0.631757, -0.67631, 0.3, -0.622945, 0.714489, 0.318504, 0.0, 0.0, 0.0, 0.0, 1.0],
                [0.901398, 0.071722, 0.427004, -0.0, 0.135614, 0.889802, -0.435736, 0.3, -0.411198, 0.450682, 0.792339, 0.0, 0.0, 0.0, 0.0, 1.0],
                [0.992797, -0.08148, 0.087807, 0.0, 0.084281, 0.996031, -0.028678, 0.3, -0.085121, 0.035872, 0.995725, -0.0, 0.0, 0.0, 0.0, 1.0],
                [0.924743, -0.322603, 0.201924, -0.0, 0.320798, 0.946194, 0.042525, 0.3, -0.204777, 0.025452, 0.978477, 0.0, 0.0, 0.0, 0.0, 1.0],
                [0.790946, -0.448518, 0.416213, 0.0, 0.494404, 0.869229, -0.002854, 0.3, -0.360503, 0.208036, 0.909262, -0.0, 0.0, 0.0, 0.0, 1.0],
                [0.889165, -0.198467, 0.412303, -0.0, 0.333282, 0.898293, -0.286351, 0.3, -0.313537, 0.392028, 0.864875, -0.0, 0.0, 0.0, 0.0, 1.0],
                [0.931863, 0.098482, 0.34918, 0.0, 0.112579, 0.836454, -0.536353, 0.3, -0.344892, 0.539121, 0.768374, -0.0, 0.0, 0.0, 0.0, 1.0],
                [0.843454, 0.159043, 0.513115, -0.0, 0.163571, 0.83378, -0.527312, 0.3, -0.511688, 0.528697, 0.677241, -0.0, 0.0, 0.0, 0.0, 1.0],
                [0.742461, 0.140974, 0.654885, 1e-06, 0.230678, 0.864012, -0.447519, 0.3, -0.628914, 0.483336, 0.608977, -1e-06, 0.0, 0.0, 0.0, 1.0]
            ]
        },
        {
            "name": "Head",
            "time": [0.0, 0.0667, 0.1, 0.1333, 0.1667, 0.2, 0.2333, 0.2667, 0.3],
            "transform": [
                [0.887056, 0.102891, 0.450053, 0.0, -0.267891, 0.908657, 0.320274, 0.4, -0.375991, -0.404665, 0.833592, 0.0, 0.0, 0.0, 0.0, 1.0],
                [0.909412, 0.415677, -0.013602, 0.0, -0.389078, 0.861862, 0.325288, 0.4, 0.146938, -0.290529, 0.945515, -0.0, 0.0, 0.0, 0.0, 1.0],
                [0.668808, 0.522181, -0.529171, -0.0, -0.329681, 0.846299, 0.418438, 0.4, 0.666336, -0.105397, 0.738164, -0.0, 0.0, 0.0, 0.0, 1.0],
                [0.539295, 0.504344, -0.674387, -0.0, -0.199447, 0.854536, 0.479574, 0.4, 0.818157, -0.124128, 0.561437, 0.0, 0.0, 0.0, 0.0, 1.0],
                [0.582474, 0.442999, -0.681523, -0.0, -0.073894, 0.863826, 0.498342, 0.4, 0.809482, -0.239912, 0.535891, -0.0, 0.0, 0.0, 0.0, 1.0],
                [0.853312, 0.174804, -0.491225, 1e-06, 0.034657, 0.921029, 0.387952, 0.4, 0.520248, -0.348069, 0.779864, -0.0, 0.0, 0.0, 0.0, 1.0],
                [0.972512, -0.125494, -0.196148, 0.0, 0.167611, 0.962003, 0.215537, 0.399999, 0.161647, -0.242489, 0.95659, 0.0, 0.0, 0.0, 0.0, 1.0],
                [0.98121, -0.191374, -0.024656, -0.0, 0.192952, 0.974014, 0.118596, 0.4, 0.00132, -0.121124, 0.992635, 0.0, 0.0, 0.0, 0.0, 1.0],
                [0.983928, -0.17057, 0.052875, -0.0, 0.167661, 0.98429, 0.05531, 0.4, -0.061479, -0.045556, 0.997067, 0.0, 0.0, 0.0, 0.0, 1.0]
            ]
        },
        {
            "name": "Shoulder_R",
            "time": [0.0, 0.0667, 0.1, 0.1333, 0.1667, 0.2, 0.2333, 0.2667, 0.3],
            "transform": [
                [-0.786206, 0.527163, 0.32246, 0.0, 0.585132, 0.467219, 0.662817, 0.4, 0.198754, 0.709792, -0.675789, 0.0, 0.0, 0.0, 0.0, 1.0],
                [-0.778282, 0.578433, 0.244329, 0.0, 0.364849, 0.099888, 0.92569, 0.4, 0.511047, 0.809593, -0.288779, -0.0, 0.0, 0.0, 0.0, 1.0],
                [-0.704099, 0.637507, 0.312782, -0.0, 0.143594, -0.303554, 0.941928, 0.4, 0.695436, 0.708125, 0.122189, -0.0, 0.0, 0.0, 0.0, 1.0],
                [-0.541904, 0.683979, 0.488379, -0.0, 0.148664, -0.493926, 0.856699, 0.4, 0.827189, 0.536853, 0.165977, 0.0, 0.0, 0.0, 0.0, 1.0],
                [-0.417067, 0.74483, 0.520848, -0.0, 0.158003, -0.504927, 0.848574, 0.4, 0.895039, 0.436209, 0.092902, -0.0, 0.0, 0.0, 0.0, 1.0],
                [-0.315015, 0.884037, 0.345321, 1e-06, 0.307808, -0.249018, 0.91828, 0.4, 0.897787, 0.395567, -0.193668, -0.0, 0.0, 0.0, 0.0, 1.0],
                [-0.398046, 0.895405, 0.199531, 0.0, 0.483062, 0.019676, 0.875362, 0.399999, 0.779879, 0.444824, -0.440365, 0.0, 0.0, 0.0, 0.0, 1.0],
                [-0.59755, 0.747965, 0.288939, -0.0, 0.495373, 0.061009, 0.866532, 0.4, 0.630509, 0.660933, -0.406975, 0.0, 0.0, 0.0, 0.0, 1.0],
                [-0.750655, 0.560893, 0.349169, -0.0, 0.465731, 0.074351, 0.881794, 0.4, 0.468635, 0.824544, -0.317034, 0.0, 0.0, 0.0, 0.0, 1.0]
            ]
        },
        {
            "name": "Arm_R",
            "time": [0.0, 0.0667, 0.1, 0.1333, 0.1667, 0.2, 0.2333, 0.2667, 0.3],
            "transform": [
                [0.407038, -0.232259, -0.88339, 0.0, 0.085195, 0.972572, -0.216451, 0.39386, 0.909429, 0.012843, 0.41566, -0.0, 0.0, 0.0, 0.0, 1.0],
                [0.152009, -0.006967, -0.988355, 0.0, 0.185715, 0.982368, 0.021639, 0.39386, 0.970774, -0.186843, 0.150622, 0.0, 0.0, 0.0, 0.0, 1.0],
                [0.318835, 0.24708, -0.915039, 0.0, 0.185339, 0.930537, 0.315843, 0.39386, 0.929513, -0.270295, 0.250894, 0.0, 0.0, 0.0, 0.0, 1.0],
                [0.643604, 0.017764, -0.765153, -0.0, 0.163354, 0.973508, 0.160006, 0.393861, 0.747722, -0.227971, 0.623651, 0.0, 0.0, 0.0, 0.0, 1.0],
                [0.785802, -0.254044, -0.563894, 0.0, 0.251969, 0.964151, -0.083237, 0.393861, 0.56482, -0.076675, 0.821646, -0.0, 0.0, 0.0, 0.0, 1.0],
                [0.94113, -0.29955, -0.156664, -0.0, 0.303315, 0.952892, 0.000141, 0.393861, 0.149241, -0.047651, 0.987653, -0.0, 0.0, 0.0, 0.0, 1.0],
                [0.965043, -0.214706, 0.150303, -0.0, 0.190421, 0.968449, 0.160782, 0.393861, -0.180081, -0.126541, 0.975481, 0.0, 0.0, 0.0, 0.0, 1.0],
                [0.997989, -0.061339, -0.01581, 0.0, 0.063173, 0.982106, 0.177435, 0.393861, 0.004643, -0.178077, 0.984009, -0.0, 0.0, 0.0, 0.0, 1.0],
                [0.967459, 0.087106, -0.237543, -0.0, -0.040214, 0.979876, 0.195533, 0.393861, 0.249791, -0.179618, 0.951499, 0.0, 0.0, 0.0, 0.0, 1.0]
            ]
        },
        {
            "name": "Hand_R",
            "time": [0.0, 0.0667, 0.1, 0.1333, 0.1667, 0.2, 0.2333, 0.2667, 0.3],
            "transform": [
                [0.999998, 0.001647, 0.001052, -0.0, -0.001053, 0.907372, -0.420328, 0.3, -0.001647, 0.420326, 0.907371, 0.0, 0.0, 0.0, 0.0, 1.0],
                [0.999997, 0.001643, 0.001058, 0.0, -0.001058, 0.910322, -0.413901, 0.3, -0.001643, 0.4139, 0.910321, -0.0, 0.0, 0.0, 0.0, 1.0],
                [0.999997, 0.001647, 0.001052, 0.0, -0.001052, 0.907371, -0.420329, 0.3, -0.001647, 0.420327, 0.907372, 0.0, 0.0, 0.0, 0.0, 1.0],
                [0.999999, 0.001673, 0.00101, -0.0, -0.00101, 0.885055, -0.465484, 0.3, -0.001673, 0.465482, 0.885055, 0.0, 0.0, 0.0, 0.0, 1.0],
                [0.999998, 0.001708, 0.000951, 0.0, -0.000952, 0.850303, -0.526295, 0.3, -0.001707, 0.526294, 0.850301, -0.0, 0.0, 0.0, 0.0, 1.0],
                [0.999999, 0.001752, 0.000867, -0.0, -0.000867, 0.794919, -0.606715, 0.300001, -0.001752, 0.606713, 0.794918, 0.0, 0.0, 0.0, 0.0, 1.0],
                [0.999999, 0.001778, 0.00081, 0.0, -0.000809, 0.754134, -0.65672, 0.3, -0.001778, 0.656719, 0.754133, -0.0, 0.0, 0.0, 0.0, 1.0],
                [0.999997, 0.00175, 0.000873, 0.0, -0.000874, 0.79928, -0.600959, 0.3, -0.00175, 0.600957, 0.79928, -0.0, 0.0, 0.0, 0.0, 1.0],
                [0.999998, 0.001716, 0.000935, -0.0, -0.000936, 0.840312, -0.542104, 0.3, -0.001716, 0.542102, 0.84031, -0.0, 0.0, 0.0, 0.0, 1.0]
            ]
        },
        {
            "name": "Tool_R",
            "time": [0.0, 0.0667, 0.1667, 0.3],
            "transform": [
                [-0.269187, 0.905525, 0.327972, -0.001397, 0.444826, 0.418959, -0.791519, 0.27252, -0.853828, -0.067132, -0.515159, 0.013702, 0.0, 0.0, 0.0, 1.0],
                [0.003033, 0.94696, 0.321307, -0.001493, 0.470074, 0.282289, -0.8362, 0.272497, -0.882227, 0.153486, -0.443926, 0.014647, 0.0, 0.0, 0.0, 1.0],
                [0.386962, 0.922014, 0.013399, -0.001638, 0.438336, -0.171094, -0.8823, 0.272462, -0.810916, 0.347078, -0.469978, 0.016064, 0.0, 0.0, 0.0, 1.0],
                [-0.233148, 0.800823, 0.551588, -0.001831, 0.624647, 0.558104, -0.546225, 0.272416, -0.745024, 0.217067, -0.629837, 0.017954, 0.0, 0.0, 0.0, 1.0]
            ]
        },
        {
            "name": "Elbow_R",
            "time": [0.0, 0.0667, 0.3],
            "transform": [
                [-1.0, 0.0, -0.0, -0.0, -0.0, -0.0, -1.0, 0.3, -0.0, -1.0, 0.0, 0.0, 0.0, 0.0, 0.0, 1.0],
                [-1.0, 0.0, -0.0, 0.0, 0.0, -0.0, -1.0, 0.3, -0.0, -1.0, 0.0, -0.0, 0.0, 0.0, 0.0, 1.0],
                [-1.0, 0.0, 0.0, -0.0, 0.0, -0.0, -1.0, 0.3, -0.0, -1.0, 0.0, -0.0, 0.0, 0.0, 0.0, 1.0]
            ]
        },
        {
            "name": "Shoulder_L",
            "time": [0.0, 0.0667, 0.1, 0.1333, 0.1667, 0.2, 0.2333, 0.2667, 0.3],
            "transform": [
                [0.457773, -0.887965, 0.044266, 0.0, -0.767181, -0.369361, 0.524411, 0.4, -0.44931, -0.274021, -0.850314, 0.0, 0.0, 0.0, 0.0, 1.0],
                [0.226091, -0.953368, -0.199927, 0.0, -0.457761, -0.285152, 0.842106, 0.4, -0.859849, -0.098874, -0.500884, -0.0, 0.0, 0.0, 0.0, 1.0],
                [-0.077511, -0.966932, -0.242967, -0.0, -0.014901, -0.242549, 0.970024, 0.4, -0.996881, 0.078808, 0.004392, -0.0, 0.0, 0.0, 0.0, 1.0],
                [0.142085, -0.988758, 0.046544, -0.0, 0.029258, 0.051196, 0.998258, 0.4, -0.989425, -0.140475, 0.036203, 0.0, 0.0, 0.0, 0.0, 1.0],
                [0.352457, -0.878136, 0.323495, -0.0, -0.153764, 0.286639, 0.945617, 0.4, -0.923112, -0.38303, -0.033998, -0.0, 0.0, 0.0, 0.0, 1.0],
                [0.409302, -0.887908, 0.209974, 1e-06, -0.33985, 0.06521, 0.938216, 0.4, -0.846747, -0.455371, -0.275065, -0.0, 0.0, 0.0, 0.0, 1.0],
                [0.52459, -0.850422, 0.039822, 0.0, -0.417193, -0.216009, 0.882773, 0.399999, -0.742132, -0.479706, -0.468105, 0.0, 0.0, 0.0, 0.0, 1.0],
                [0.452742, -0.890674, 0.04151, -0.0, -0.479308, -0.203853, 0.853644, 0.4, -0.75186, -0.406375, -0.519199, 0.0, 0.0, 0.0, 0.0, 1.0],
                [0.336055, -0.941816, 0.00686, -0.0, -0.480741, -0.165263, 0.861148, 0.4, -0.809913, -0.29269, -0.508307, 0.0, 0.0, 0.0, 0.0, 1.0]
            ]
        },
        {
            "name": "Arm_L",
            "time": [0.0, 0.0667, 0.1, 0.1333, 0.1667, 0.2, 0.2333, 0.2667, 0.3],
            "transform": [
                [0.675824, -0.015529, 0.736898, -0.0, -0.268034, 0.926153, 0.265336, 0.39386, -0.686599, -0.376836, 0.621752, 0.0, 0.0, 0.0, 0.0, 1.0],
                [0.34139, 0.005556, 0.939903, 0.0, -0.314454, 0.943038, 0.108641, 0.39386, -0.88576, -0.332647, 0.323689, 0.0, 0.0, 0.0, 0.0, 1.0],
                [-0.04651, 0.040692, 0.998087, 0.0, -0.315727, 0.947353, -0.053336, 0.39386, -0.947709, -0.317605, -0.031214, 0.0, 0.0, 0.0, 0.0, 1.0],
                [0.00963, 0.129816, 0.991489, 0.0, -0.269304, 0.955241, -0.122453, 0.39386, -0.963006, -0.265834, 0.044159, -0.0, 0.0, 0.0, 0.0, 1.0],
                [0.26245, 0.171053, 0.949662, -0.0, -0.216353, 0.96954, -0.11484, 0.39386, -0.940379, -0.175323, 0.291462, -0.0, 0.0, 0.0, 0.0, 1.0],
                [0.668955, 0.273165, 0.691288, 0.0, -0.262628, 0.956901, -0.123978, 0.39386, -0.695361, -0.098616, 0.711861, 0.0, 0.0, 0.0, 0.0, 1.0],
                [0.827009, 0.386126, 0.40861, 1e-06, -0.351642, 0.922378, -0.159909, 0.393859, -0.438637, -0.011438, 0.89859, 0.0, 0.0, 0.0, 0.0, 1.0],
                [0.848966, 0.26472, 0.457361, -0.0, -0.278219, 0.959726, -0.039048, 0.393861, -0.449278, -0.094096, 0.888421, -0.0, 0.0, 0.0, 0.0, 1.0],
                [0.786068, 0.105129, 0.609133, -0.0, -0.217365, 0.969509, 0.113179, 0.39386, -0.57866, -0.221371, 0.784949, 0.0, 0.0, 0.0, 0.0, 1.0]
            ]
        },
        {
            "name": "Hand_L",
            "time": [0.0, 0.0667, 0.1, 0.1333, 0.1667, 0.2, 0.2333, 0.2667, 0.3],
            "transform": [
                [0.999997, 0.001932, -0.000292, 0.0, 0.000292, -0.295612, -0.955308, 0.3, -0.001932, 0.955308, -0.295611, 0.0, 0.0, 0.0, 0.0, 1.0],
                [0.999997, 0.001934, -0.000278, 0.0, 0.000277, -0.281603, -0.95953, 0.3, -0.001934, 0.959531, -0.281602, 0.0, 0.0, 0.0, 0.0, 1.0],
                [0.999997, 0.001932, -0.000293, -0.0, 0.000292, -0.295613, -0.955308, 0.300001, -0.001932, 0.955308, -0.295612, -0.0, 0.0, 0.0, 0.0, 1.0],
                [0.999997, 0.001905, -0.000435, 0.0, 0.000435, -0.434013, -0.900907, 0.3, -0.001905, 0.900907, -0.434012, 0.0, 0.0, 0.0, 0.0, 1.0],
                [0.999997, 0.001885, -0.000514, -0.0, 0.000515, -0.507877, -0.861429, 0.3, -0.001885, 0.86143, -0.507875, 0.0, 0.0, 0.0, 0.0, 1.0],
                [0.999999, 0.001929, -0.000316, -0.0, 0.000315, -0.318385, -0.947961, 0.3, -0.001929, 0.94796, -0.318385, -0.0, 0.0, 0.0, 0.0, 1.0],
                [0.999998, 0.001954, -6e-06, -1e-06, 6e-06, -0.005851, -0.999982, 0.300001, -0.001954, 0.999982, -0.005851, -0.0, 0.0, 0.0, 0.0, 1.0],
                [0.999996, 0.001924, 0.000342, -0.0, -0.000342, 0.344744, -0.938696, 0.3, -0.001924, 0.938696, 0.344744, 0.0, 0.0, 0.0, 0.0, 1.0],
                [0.999997, 0.001854, 0.000616, -0.0, -0.000615, 0.597918, -0.801557, 0.3, -0.001855, 0.801558, 0.597916, 0.0, 0.0, 0.0, 0.0, 1.0]
            ]
        },
        {
            "name": "Tool_L",
            "time": [0.0, 0.0667, 0.1, 0.1333, 0.1667, 0.2, 0.2333, 0.2667, 0.3],
            "transform": [
                [0.651586, 0.028323, 0.757924, 7.7e-05, 0.726317, -0.312065, -0.612392, 0.27284, 0.219089, 0.949224, -0.223687, 0.000759, 0.0, 0.0, 0.0, 1.0],
                [0.647996, 0.042709, 0.760313, 7.7e-05, 0.741384, -0.264625, -0.616645, 0.27284, 0.174791, 0.962996, -0.202936, 0.000759, 0.0, 0.0, 0.0, 1.0],
                [0.644263, 0.060121, 0.762299, 7.7e-05, 0.753054, -0.224524, -0.618393, 0.27284, 0.133921, 0.972207, -0.189737, 0.000759, 0.0, 0.0, 0.0, 1.0],
                [0.642788, 0.077431, 0.76198, 7.7e-05, 0.758907, -0.200538, -0.619473, 0.27284, 0.104798, 0.976219, -0.187478, 0.00076, 0.0, 0.0, 0.0, 1.0],
                [0.619592, 0.15059, 0.770207, 7.7e-05, 0.783525, -0.178534, -0.595091, 0.27284, 0.047878, 0.971936, -0.228384, 0.000759, 0.0, 0.0, 0.0, 1.0],
                [0.572242, 0.267224, 0.775213, 7.7e-05, 0.81986, -0.161452, -0.549292, 0.27284, -0.021605, 0.949598, -0.311181, 0.00076, 0.0, 0.0, 0.0, 1.0],
                [0.504903, 0.389518, 0.770215, 7.8e-05, 0.86028, -0.153218, -0.486268, 0.27284, -0.071356, 0.90775, -0.412097, 0.000759, 0.0, 0.0, 0.0, 1.0],
                [0.432713, 0.488376, 0.757744, 7.6e-05, 0.89675, -0.146117, -0.417788, 0.27284, -0.093264, 0.859854, -0.500789, 0.000759, 0.0, 0.0, 0.0, 1.0],
                [0.369538, 0.5432, 0.75387, 7.7e-05, 0.924355, -0.131481, -0.358271, 0.27284, -0.095438, 0.828769, -0.550302, 0.00076, 0.0, 0.0, 0.0, 1.0]
            ]
        },
        {
            "name": "Elbow_L",
            "time": [0.0, 0.0667, 0.3],
            "transform": [
                [-1.0, 0.0, -0.0, 0.0, 0.0, -0.0, -1.0, 0.3, -0.0, -1.0, -0.0, 0.0, 0.0, 0.0, 0.0, 1.0],
                [-1.0, 0.0, -0.0, 0.0, 0.0, -0.0, -1.0, 0.3, -0.0, -1.0, -0.0, 0.0, 0.0, 0.0, 0.0, 1.0],
                [-1.0, 0.0, -0.0, -0.0, 0.0, -0.0, -1.0, 0.3, -0.0, -1.0, -0.0, 0.0, 0.0, 0.0, 0.0, 1.0]
            ]
        }
    ]
}