{
    "animation": [
        {
            "name": "Root",
            "time": [0.0, 0.0333, 0.0667, 0.1, 0.1333, 0.1667, 0.2, 0.2333, 0.2667, 0.3, 0.3333, 0.3667, 0.4, 0.4333, 0.4667, 0.5, 0.5333, 0.5667, 0.6, 0.6333, 0.6667, 0.7, 0.7333, 0.7667, 0.8, 0.8333, 0.8667, 0.9, 0.9333, 0.9667, 1.0, 1.0333, 1.0667, 1.1, 1.1333, 1.1667, 1.2, 1.2333, 1.2667, 1.3, 1.3333, 1.3667, 1.4, 1.4333, 1.4667, 1.5, 1.5333, 1.5667, 1.6, 1.6333, 1.6667, 1.7, 1.7333, 1.7667, 1.8, 1.8333, 1.8667, 1.9, 1.9333, 1.9667, 2.5],
            "transform": [
                [-0.580014, -0.201234, -0.789361, 0.333272, -0.714093, -0.340684, 0.611561, -0.082314, -0.391989, 0.91839, 0.053902, 0.424018, 0.0, 0.0, 0.0, 1.0],
                [-0.56248, -0.159948, -0.811194, 0.333272, -0.812429, -0.075285, 0.578181, -0.082314, -0.15355, 0.984251, -0.0876, 0.416636, 0.0, 0.0, 0.0, 1.0],
                [-0.54696, -0.042788, -0.836066, 0.291892, -0.829429, 0.163107, 0.534271, -0.007904, 0.113508, 0.98568, -0.124703, 0.334332, 0.0, 0.0, 0.0, 1.0],
                [-0.495556, 0.061586, -0.866391, 0.250514, -0.786814, 0.390668, 0.477811, 0.066503, 0.367898, 0.918469, -0.145141, 0.252029, 0.0, 0.0, 0.0, 1.0],
                [-0.433187, 0.142066, -0.890038, 0.211888, -0.687716, 0.586192, 0.428283, 0.149381, 0.582577, 0.79762, -0.15623, 0.172681, 0.0, 0.0, 0.0, 1.0],
                [-0.384242, 0.199526, -0.901415, 0.178762, -0.553489, 0.731668, 0.397886, 0.249209, 0.738924, 0.651807, -0.170702, 0.099315, 0.0, 0.0, 0.0, 1.0],
                [-0.371968, 0.240065, -0.896666, 0.153876, -0.415589, 0.820685, 0.392125, 0.374467, 0.830014, 0.518503, -0.2055, 0.034859, 0.0, 0.0, 0.0, 1.0],
                [-0.438701, 0.267868, -0.857782, 0.146376, -0.310742, 0.850435, 0.4245, 0.53452, 0.843196, 0.452778, -0.289849, -0.051004, 0.0, 0.0, 0.0, 1.0],
                [-0.579388, 0.284571, -0.763761, 0.155338, -0.238718, 0.836727, 0.492851, 0.732838, 0.779309, 0.467874, -0.416858, -0.145823, 0.0, 0.0, 0.0, 1.0],
                [-0.73556, 0.290368, -0.612077, 0.168418, -0.16028, 0.803249, 0.573676, 0.969044, 0.658226, 0.520077, -0.544298, -0.182519, 0.0, 0.0, 0.0, 1.0],
                [-0.853412, 0.295943, -0.429078, 0.173307, -0.052568, 0.770124, 0.635725, 1.242742, 0.518582, 0.565089, -0.641676, -0.094003, 0.0, 0.0, 0.0, 1.0],
                [-0.9224, 0.315337, -0.223034, 0.164429, 0.085009, 0.729035, 0.679178, 1.577482, 0.376769, 0.607513, -0.699267, 0.197911, 0.0, 0.0, 0.0, 1.0],
                [-0.945962, 0.324085, 0.011225, 0.149138, 0.23848, 0.671801, 0.701293, 1.965302, 0.219738, 0.666073, -0.712786, 0.637354, 0.0, 0.0, 0.0, 1.0],
                [-0.911936, 0.315541, 0.26231, 0.134127, 0.407371, 0.619538, 0.670986, 2.358514, 0.049212, 0.718753, -0.693522, 1.090343, 0.0, 0.0, 0.0, 1.0],
                [-0.813284, 0.287019, 0.506152, 0.127143, 0.564828, 0.59839, 0.568242, 2.710564, -0.13978, 0.74803, -0.648779, 1.422921, 0.0, 0.0, 0.0, 1.0],
                [-0.619752, 0.272584, 0.735939, 0.129372, 0.696451, 0.623278, 0.355643, 3.02232, -0.361752, 0.732954, -0.57612, 1.600271, 0.0, 0.0, 0.0, 1.0],
                [-0.330249, 0.287181, 0.899147, 0.137105, 0.740665, 0.669345, 0.058256, 3.314505, -0.585108, 0.685205, -0.433756, 1.693518, 0.0, 0.0, 0.0, 1.0],
                [-0.01978, 0.317296, 0.948122, 0.150447, 0.679248, 0.700118, -0.22013, 3.569728, -0.733643, 0.639655, -0.229371, 1.727619, 0.0, 0.0, 0.0, 1.0],
                [0.231265, 0.320956, 0.918426, 0.169547, 0.588695, 0.705413, -0.394754, 3.770506, -0.774568, 0.631964, -0.025808, 1.72752, 0.0, 0.0, 0.0, 1.0],
                [0.420161, 0.287493, 0.860706, 0.191133, 0.518593, 0.702269, -0.487729, 3.925855, -0.744665, 0.65128, 0.145975, 1.712336, 0.0, 0.0, 0.0, 1.0],
                [0.572377, 0.247708, 0.781682, 0.212495, 0.452597, 0.699479, -0.553069, 4.060045, -0.683769, 0.67035, 0.288254, 1.685173, 0.0, 0.0, 0.0, 1.0],
                [0.69671, 0.196219, 0.689996, 0.23463, 0.394672, 0.698353, -0.597109, 4.178459, -0.599024, 0.688333, 0.409108, 1.646848, 0.0, 0.0, 0.0, 1.0],
                [0.796855, 0.134244, 0.589068, 0.258524, 0.345073, 0.699201, -0.626135, 4.286474, -0.495931, 0.702209, 0.510838, 1.598176, 0.0, 0.0, 0.0, 1.0],
                [0.875484, 0.061354, 0.479339, 0.285167, 0.303089, 0.70285, -0.643537, 4.389472, -0.376387, 0.708688, 0.596737, 1.539916, 0.0, 0.0, 0.0, 1.0],
                [0.933434, -0.022336, 0.358054, 0.315541, 0.266552, 0.711172, -0.650527, 4.492827, -0.240108, 0.702664, 0.669785, 1.472941, 0.0, 0.0, 0.0, 1.0],
                [0.968377, -0.113184, 0.222344, 0.350625, 0.233706, 0.723496, -0.649565, 4.60192, -0.087345, 0.680986, 0.727069, 1.398029, 0.0, 0.0, 0.0, 1.0],
                [0.974222, -0.214274, 0.070556, 0.391389, 0.209066, 0.740061, -0.63922, 4.722131, 0.084753, 0.637493, 0.765781, 1.316015, 0.0, 0.0, 0.0, 1.0],
                [0.919714, -0.381672, -0.091942, 0.457467, 0.25576, 0.76018, -0.597255, 4.858381, 0.297848, 0.525788, 0.796765, 1.195046, 0.0, 0.0, 0.0, 1.0],
                [0.774594, -0.568287, -0.277586, 0.552512, 0.357273, 0.75533, -0.549393, 5.010108, 0.521882, 0.326382, 0.788109, 1.013849, 0.0, 0.0, 0.0, 1.0],
                [0.604687, -0.628418, -0.489331, 0.653693, 0.359265, 0.763535, -0.536604, 5.174593, 0.710832, 0.148678, 0.687469, 0.789148, 0.0, 0.0, 0.0, 1.0],
                [0.478457, -0.315304, -0.819551, 0.777679, -0.216825, 0.861989, -0.458216, 5.401831, 0.850921, 0.396935, 0.344059, 0.352502, 0.0, 0.0, 0.0, 1.0],
                [0.474559, -0.169768, -0.863699, 0.733619, -0.368994, 0.852477, -0.370307, 5.541543, 0.799147, 0.494431, 0.341908, 0.098732, 0.0, 0.0, 0.0, 1.0],
                [0.47002, -0.057857, -0.880759, 0.659462, -0.452597, 0.840883, -0.296769, 5.660815, 0.757784, 0.538116, 0.369047, -0.055156, 0.0, 0.0, 0.0, 1.0],
                [0.322045, 0.05479, -0.945139, 0.6026, -0.57164, 0.807047, -0.147995, 5.763037, 0.754662, 0.58794, 0.291226, -0.091978, 0.0, 0.0, 0.0, 1.0],
                [0.122592, 0.144705, -0.981853, 0.559516, -0.654881, 0.755155, 0.029528, 5.859757, 0.745723, 0.639375, 0.187341, -0.074498, 0.0, 0.0, 0.0, 1.0],
                [-0.021332, 0.193182, -0.980933, 0.528946, -0.686847, 0.710127, 0.154788, 5.933666, 0.726488, 0.677052, 0.117539, -0.054553, 0.0, 0.0, 0.0, 1.0],
                [-0.07039, 0.207315, -0.97574, 0.512919, -0.694764, 0.691708, 0.197088, 5.973749, 0.715786, 0.691781, 0.095346, -0.050291, 0.0, 0.0, 0.0, 1.0],
                [-0.072836, 0.205312, -0.975983, 0.501597, -0.693455, 0.692899, 0.197513, 6.003707, 0.716809, 0.691186, 0.091906, -0.045859, 0.0, 0.0, 0.0, 1.0],
                [-0.056031, 0.193639, -0.979473, 0.494659, -0.692186, 0.699456, 0.177877, 6.024101, 0.719541, 0.687943, 0.094843, -0.038707, 0.0, 0.0, 0.0, 1.0],
                [-0.044799, 0.176752, -0.983237, 0.491779, -0.696869, 0.699684, 0.157531, 6.035456, 0.715798, 0.692244, 0.091828, -0.027617, 0.0, 0.0, 0.0, 1.0],
                [-0.044994, 0.158973, -0.986258, 0.491706, -0.70673, 0.692696, 0.143897, 6.040817, 0.706052, 0.703492, 0.081184, -0.013455, 0.0, 0.0, 0.0, 1.0],
                [-0.044813, 0.141274, -0.988957, 0.493157, -0.716586, 0.68521, 0.130354, 6.043256, 0.696058, 0.714513, 0.070529, 0.000755, 0.0, 0.0, 0.0, 1.0],
                [-0.046122, 0.120717, -0.991616, 0.495764, -0.726892, 0.676849, 0.116207, 6.04339, 0.685202, 0.726156, 0.05653, 0.015005, 0.0, 0.0, 0.0, 1.0],
                [-0.044801, 0.098183, -0.994161, 0.499186, -0.737408, 0.668121, 0.099214, 6.041819, 0.67396, 0.737546, 0.042469, 0.029382, 0.0, 0.0, 0.0, 1.0],
                [-0.042992, 0.07608, -0.996176, 0.502982, -0.747783, 0.658788, 0.082585, 6.039234, 0.66255, 0.748472, 0.028569, 0.045157, 0.0, 0.0, 0.0, 1.0],
                [-0.040665, 0.054019, -0.997712, 0.506856, -0.758186, 0.648687, 0.066024, 6.03618, 0.650769, 0.759137, 0.014577, 0.061038, 0.0, 0.0, 0.0, 1.0],
                [-0.039216, 0.031925, -0.998721, 0.510416, -0.771623, 0.634067, 0.050567, 6.033315, 0.63487, 0.772619, -0.000232, 0.078661, 0.0, 0.0, 0.0, 1.0],
                [-0.036531, 0.00968, -0.999287, 0.513297, -0.784905, 0.618645, 0.034687, 6.031229, 0.618538, 0.785612, -0.015002, 0.096272, 0.0, 0.0, 0.0, 1.0],
                [-0.027896, -0.008249, -0.999579, 0.515129, -0.800009, 0.599736, 0.017377, 6.030576, 0.599339, 0.800155, -0.02333, 0.116132, 0.0, 0.0, 0.0, 1.0],
                [-0.016026, -0.023242, -0.999603, 0.515547, -0.817224, 0.576321, -0.000298, 6.031938, 0.576098, 0.816893, -0.02823, 0.135959, 0.0, 0.0, 0.0, 1.0],
                [0.001725, -0.034202, -0.999415, 0.514912, -0.836711, 0.547274, -0.020173, 6.035975, 0.547643, 0.836255, -0.027673, 0.158783, 0.0, 0.0, 0.0, 1.0],
                [0.03003, -0.044602, -0.998555, 0.513776, -0.858705, 0.51016, -0.048612, 6.042358, 0.51159, 0.858922, -0.02298, 0.184468, 0.0, 0.0, 0.0, 1.0],
                [0.063479, -0.051265, -0.996666, 0.512043, -0.880599, 0.467042, -0.080109, 6.050292, 0.469592, 0.882748, -0.015496, 0.213098, 0.0, 0.0, 0.0, 1.0],
                [0.101298, -0.051828, -0.993506, 0.509624, -0.900311, 0.420131, -0.113713, 6.058936, 0.423296, 0.905982, -0.004103, 0.241714, 0.0, 0.0, 0.0, 1.0],
                [0.139571, -0.048929, -0.989005, 0.506428, -0.916142, 0.372641, -0.147724, 6.067496, 0.375771, 0.926684, 0.007184, 0.270333, 0.0, 0.0, 0.0, 1.0],
                [0.170108, -0.046336, -0.984337, 0.502359, -0.929179, 0.325104, -0.17588, 6.07517, 0.328161, 0.944543, 0.012248, 0.298967, 0.0, 0.0, 0.0, 1.0],
                [0.194827, -0.04178, -0.979948, 0.49733, -0.939145, 0.28025, -0.198664, 6.081141, 0.282931, 0.959017, 0.015363, 0.326307, 0.0, 0.0, 0.0, 1.0],
                [0.211287, -0.036605, -0.97674, 0.491245, -0.946447, 0.241925, -0.213801, 6.0846, 0.244123, 0.969604, 0.016471, 0.351472, 0.0, 0.0, 0.0, 1.0],
                [0.21435, -0.035267, -0.976121, 0.484009, -0.953653, 0.208517, -0.21695, 6.084737, 0.211189, 0.977383, 0.011063, 0.373588, 0.0, 0.0, 0.0, 1.0],
                [0.195889, -0.040791, -0.979778, 0.47442, -0.962387, 0.183811, -0.200065, 6.080771, 0.188255, 0.982115, -0.00325, 0.392237, 0.0, 0.0, 0.0, 1.0],
                [0.907198, 0.000421, -0.420704, 0.361556, -0.420638, 0.018703, -0.907037, 5.9283, 0.007487, 0.999825, 0.017144, 0.674235, 0.0, 0.0, 0.0, 1.0]
            ]
        },
        {
            "name": "Thigh_R",
            "time": [0.0, 0.0333, 0.0667, 0.1, 0.1333, 0.1667, 0.2, 0.2333, 0.2667, 0.3, 0.3333, 0.3667, 0.4, 0.4333, 0.4667, 0.5, 0.5333, 0.5667, 0.6, 0.6333, 0.6667, 0.7, 0.7333, 0.7667, 0.8, 0.8333, 0.8667, 0.9, 0.9333, 0.9667, 1.0, 1.0333, 1.0667, 1.1, 1.1333, 1.1667, 1.2, 1.2333, 1.2667, 1.3, 1.3333, 1.3667, 1.4, 1.4333, 1.4667, 1.5, 1.5333, 1.5667, 1.6, 1.6333, 1.6667, 1.7, 1.7333, 1.7667, 1.8, 1.8333, 1.8667, 1.9, 1.9333, 1.9667, 2.0, 2.5],
            "transform": [
                [-0.619141, -0.051178, -0.783589, -0.004807, 0.018041, -0.998585, 0.050957, 0.157961, -0.785015, 0.017415, 0.619187, -0.142269, 0.0, 0.0, 0.0, 1.0],
                [-0.424164, -0.319757, -0.847253, 0.008141, 0.113594, -0.947011, 0.300517, 0.140071, -0.898408, 0.031228, 0.43801, -0.141309, 0.0, 0.0, 0.0, 1.0],
                [-0.242641, -0.622074, -0.744428, 0.02109, 0.227245, -0.782484, 0.579756, 0.122181, -0.94309, -0.028497, 0.331225, -0.140349, 0.0, 0.0, 0.0, 1.0],
                [-0.034258, -0.811064, -0.584005, 0.034038, 0.284213, -0.568152, 0.772302, 0.10429, -0.958102, -0.139536, 0.249978, -0.13939, 0.0, 0.0, 0.0, 1.0],
                [0.16477, -0.892521, -0.419915, 0.046986, 0.284186, -0.364734, 0.886687, 0.0864, -0.944459, -0.265457, 0.193545, -0.13843, 0.0, 0.0, 0.0, 1.0],
                [0.318625, -0.900241, -0.296833, 0.059935, 0.242944, -0.225141, 0.943552, 0.06851, -0.916171, -0.372786, 0.146972, -0.137471, 0.0, 0.0, 0.0, 1.0],
                [0.410786, -0.881321, -0.233637, 0.064687, 0.199853, -0.162986, 0.966175, 0.072377, -0.889507, -0.443625, 0.109182, -0.132025, 0.0, 0.0, 0.0, 1.0],
                [0.414678, -0.867699, -0.274214, 0.06944, 0.228662, -0.192318, 0.95432, 0.076244, -0.88072, -0.458479, 0.118659, -0.126579, 0.0, 0.0, 0.0, 1.0],
                [0.34552, -0.850461, -0.39672, 0.074192, 0.349973, -0.27548, 0.895337, 0.080112, -0.870659, -0.448237, 0.202454, -0.121134, 0.0, 0.0, 0.0, 1.0],
                [0.238217, -0.759515, -0.605343, 0.078945, 0.459118, -0.461191, 0.759287, 0.083979, -0.855787, -0.458841, 0.238843, -0.115688, 0.0, 0.0, 0.0, 1.0],
                [0.119884, -0.722827, -0.680585, 0.083697, 0.408346, -0.588974, 0.69741, 0.087846, -0.904871, -0.361555, 0.224555, -0.110243, 0.0, 0.0, 0.0, 1.0],
                [0.114542, -0.716392, -0.688266, 0.077817, 0.345614, -0.620833, 0.703664, 0.083368, -0.931311, -0.318503, 0.176483, -0.111729, 0.0, 0.0, 0.0, 1.0],
                [0.139471, -0.739717, -0.658345, 0.071936, 0.239905, -0.619821, 0.747194, 0.078889, -0.960678, -0.262177, 0.091014, -0.113216, 0.0, 0.0, 0.0, 1.0],
                [0.168318, -0.781798, -0.60043, 0.066056, 0.116389, -0.589124, 0.799637, 0.074411, -0.978791, -0.204495, -0.008168, -0.114703, 0.0, 0.0, 0.0, 1.0],
                [0.173431, -0.831593, -0.527672, 0.060176, 0.003892, -0.535233, 0.844712, 0.069932, -0.984792, -0.148566, -0.08959, -0.116189, 0.0, 0.0, 0.0, 1.0],
                [0.154038, -0.893108, -0.422732, 0.054296, -0.112821, -0.44096, 0.890419, 0.065454, -0.981556, -0.089474, -0.168687, -0.117676, 0.0, 0.0, 0.0, 1.0],
                [0.106682, -0.954087, -0.280037, 0.035008, -0.236449, -0.297923, 0.924845, 0.059511, -0.965724, -0.032452, -0.257376, -0.113867, 0.0, 0.0, 0.0, 1.0],
                [0.047138, -0.988301, -0.145356, 0.015721, -0.308624, -0.152815, 0.938826, 0.053569, -0.949969, 0.000606, -0.312217, -0.110057, 0.0, 0.0, 0.0, 1.0],
                [0.00727, -0.997771, -0.066986, -0.003567, -0.287296, -0.06625, 0.955546, 0.047626, -0.957769, 0.012299, -0.287139, -0.106247, 0.0, 0.0, 0.0, 1.0],
                [0.00143, -0.998155, -0.061414, -0.022854, -0.139224, -0.061017, 0.98838, 0.041684, -0.990216, 0.007137, -0.139056, -0.102437, 0.0, 0.0, 0.0, 1.0],
                [0.00929, -0.993688, -0.112191, -0.042141, 0.105245, -0.110606, 0.988278, 0.035742, -0.994359, -0.020991, 0.103553, -0.098628, 0.0, 0.0, 0.0, 1.0],
                [0.014722, -0.982842, -0.184095, -0.038751, 0.373186, -0.165416, 0.912888, 0.034638, -0.927593, -0.082148, 0.364348, -0.098722, 0.0, 0.0, 0.0, 1.0],
                [0.022152, -0.96974, -0.243309, -0.03536, 0.584852, -0.184815, 0.789789, 0.033533, -0.810784, -0.159809, 0.56306, -0.098816, 0.0, 0.0, 0.0, 1.0],
                [0.02954, -0.955448, -0.293819, -0.031971, 0.744272, -0.175185, 0.644456, 0.032429, -0.667157, -0.237739, 0.705937, -0.09891, 0.0, 0.0, 0.0, 1.0],
                [0.035033, -0.93561, -0.351408, -0.028581, 0.869284, -0.144936, 0.47252, 0.031325, -0.492982, -0.322056, 0.808231, -0.099004, 0.0, 0.0, 0.0, 1.0],
                [0.058994, -0.910574, -0.409204, -0.025191, 0.944245, -0.082064, 0.318736, 0.03022, -0.323785, -0.405227, 0.854963, -0.099098, 0.0, 0.0, 0.0, 1.0],
                [0.124733, -0.875199, -0.467479, -0.019771, 0.972564, 0.014706, 0.231992, 0.026788, -0.196148, -0.483633, 0.853021, -0.098411, 0.0, 0.0, 0.0, 1.0],
                [0.278024, -0.783684, -0.55551, -0.014351, 0.954419, 0.160259, 0.251647, 0.023356, -0.108177, -0.600206, 0.792516, -0.097725, 0.0, 0.0, 0.0, 1.0],
                [0.497621, -0.626521, -0.599882, -0.008931, 0.86502, 0.307869, 0.39611, 0.019924, -0.063481, -0.716084, 0.695154, -0.097039, 0.0, 0.0, 0.0, 1.0],
                [0.718667, -0.51381, -0.468504, -0.00351, 0.682329, 0.391682, 0.61724, 0.016493, -0.133627, -0.763332, 0.632076, -0.096353, 0.0, 0.0, 0.0, 1.0],
                [0.552226, -0.730578, 0.401651, 0.00191, 0.044949, 0.507197, 0.860672, 0.013061, -0.832428, -0.457273, 0.312926, -0.095666, 0.0, 0.0, 0.0, 1.0],
                [0.568616, -0.573523, 0.589702, 0.028257, -0.123685, 0.649153, 0.750561, 0.000287, -0.813195, -0.499764, 0.298182, -0.10626, 0.0, 0.0, 0.0, 1.0],
                [0.684126, -0.417456, 0.59806, 0.054605, -0.157843, 0.715855, 0.680209, -0.012488, -0.712015, -0.5598, 0.423842, -0.116854, 0.0, 0.0, 0.0, 1.0],
                [0.637332, -0.536218, 0.553416, 0.080952, -0.090571, 0.661114, 0.744827, -0.025261, -0.765188, -0.524873, 0.372783, -0.127448, 0.0, 0.0, 0.0, 1.0],
                [0.52813, -0.715297, 0.457659, 0.1073, 0.013356, 0.545917, 0.837751, -0.038037, -0.849005, -0.436369, 0.297869, -0.138041, 0.0, 0.0, 0.0, 1.0],
                [0.446209, -0.819936, 0.358673, 0.133646, 0.084727, 0.437714, 0.895124, -0.05081, -0.89086, -0.369056, 0.264782, -0.148635, 0.0, 0.0, 0.0, 1.0],
                [0.419505, -0.854824, 0.305521, 0.12848, 0.114214, 0.383621, 0.916409, -0.045693, -0.900491, -0.349574, 0.258563, -0.135879, 0.0, 0.0, 0.0, 1.0],
                [0.41656, -0.871085, 0.260272, 0.123313, 0.131211, 0.340924, 0.930895, -0.040576, -0.899541, -0.353654, 0.256311, -0.123123, 0.0, 0.0, 0.0, 1.0],
                [0.421203, -0.88, 0.219639, 0.118147, 0.137894, 0.301507, 0.943445, -0.035458, -0.896374, -0.367127, 0.248342, -0.110367, 0.0, 0.0, 0.0, 1.0],
                [0.417506, -0.890717, 0.179916, 0.112981, 0.138936, 0.258261, 0.956036, -0.030341, -0.897941, -0.374187, 0.231577, -0.097611, 0.0, 0.0, 0.0, 1.0],
                [0.406781, -0.902879, 0.139275, 0.107814, 0.134774, 0.210118, 0.968345, -0.025223, -0.903481, -0.375167, 0.207157, -0.084854, 0.0, 0.0, 0.0, 1.0],
                [0.395371, -0.913017, 0.100708, 0.108003, 0.126954, 0.162919, 0.97844, -0.021444, -0.909658, -0.374094, 0.180325, -0.087241, 0.0, 0.0, 0.0, 1.0],
                [0.384938, -0.9207, 0.064785, 0.108191, 0.115191, 0.11758, 0.986362, -0.017667, -0.915678, -0.372258, 0.151317, -0.089627, 0.0, 0.0, 0.0, 1.0],
                [0.374793, -0.926714, 0.028206, 0.10838, 0.102805, 0.071784, 0.992109, -0.013889, -0.921342, -0.368969, 0.122175, -0.092013, 0.0, 0.0, 0.0, 1.0],
                [0.367016, -0.930223, -0.00707, 0.108569, 0.08865, 0.027414, 0.995687, -0.010111, -0.925934, -0.366091, 0.092525, -0.094399, 0.0, 0.0, 0.0, 1.0],
                [0.359613, -0.932155, -0.042818, 0.108759, 0.074014, -0.017248, 0.997108, -0.006333, -0.930115, -0.361774, 0.06279, -0.096785, 0.0, 0.0, 0.0, 1.0],
                [0.352661, -0.932473, -0.078703, 0.108948, 0.059025, -0.061774, 0.996345, -0.002555, -0.933841, -0.356049, 0.033254, -0.099171, 0.0, 0.0, 0.0, 1.0],
                [0.349659, -0.929661, -0.116358, 0.109136, 0.046817, -0.106709, 0.993189, 0.001223, -0.935659, -0.352757, 0.006212, -0.101557, 0.0, 0.0, 0.0, 1.0],
                [0.3537, -0.921933, -0.158113, 0.109325, 0.037205, -0.155047, 0.98721, 0.005001, -0.934572, -0.355089, -0.02054, -0.103943, 0.0, 0.0, 0.0, 1.0],
                [0.36111, -0.909855, -0.204513, 0.109514, 0.033229, -0.206627, 0.977859, 0.008779, -0.931884, -0.359942, -0.044382, -0.106329, 0.0, 0.0, 0.0, 1.0],
                [0.373501, -0.89028, -0.26069, 0.109702, 0.03471, -0.267431, 0.962957, 0.012557, -0.926932, -0.368746, -0.068984, -0.108715, 0.0, 0.0, 0.0, 1.0],
                [0.389963, -0.860491, -0.327931, 0.108377, 0.045547, -0.337682, 0.940164, 0.016708, -0.919655, -0.3816, -0.092491, -0.10873, 0.0, 0.0, 0.0, 1.0],
                [0.407768, -0.819218, -0.403306, 0.10705, 0.062446, -0.415662, 0.907383, 0.020859, -0.910899, -0.395221, -0.118337, -0.108745, 0.0, 0.0, 0.0, 1.0],
                [0.425105, -0.768395, -0.478427, 0.105724, 0.080721, -0.494301, 0.865548, 0.025009, -0.901488, -0.406604, -0.148104, -0.10876, 0.0, 0.0, 0.0, 1.0],
                [0.440615, -0.709285, -0.550276, 0.104398, 0.102908, -0.569064, 0.815847, 0.02916, -0.891728, -0.416138, -0.177748, -0.108775, 0.0, 0.0, 0.0, 1.0],
                [0.453911, -0.647594, -0.612052, 0.103072, 0.123025, -0.634798, 0.762846, 0.033311, -0.882462, -0.4216, -0.208471, -0.108789, 0.0, 0.0, 0.0, 1.0],
                [0.466076, -0.58634, -0.662565, 0.101746, 0.141377, -0.689932, 0.709964, 0.037461, -0.873326, -0.424606, -0.238666, -0.108804, 0.0, 0.0, 0.0, 1.0],
                [0.475853, -0.532348, -0.700127, 0.100419, 0.15452, -0.733085, 0.662388, 0.041612, -0.865793, -0.423422, -0.266582, -0.108819, 0.0, 0.0, 0.0, 1.0],
                [0.484191, -0.490154, -0.724783, 0.099093, 0.163126, -0.763307, 0.625144, 0.045763, -0.859569, -0.420958, -0.28963, -0.108834, 0.0, 0.0, 0.0, 1.0],
                [0.502358, -0.464005, -0.729613, 0.097767, 0.155873, -0.781437, 0.604248, 0.049913, -0.850441, -0.417314, -0.320235, -0.108849, 0.0, 0.0, 0.0, 1.0],
                [0.567232, -0.423821, -0.706125, 0.09644, 0.127876, -0.801731, 0.583893, 0.054064, -0.813518, -0.421535, -0.400571, -0.108864, 0.0, 0.0, 0.0, 1.0],
                [0.945483, 0.067158, 0.318675, 0.133847, 0.064694, -0.997738, 0.018325, 0.001085, 0.319184, 0.00329, -0.947687, 0.043038, 0.0, 0.0, 0.0, 1.0]
            ]
        },
        {
            "name": "Leg_R",
            "time": [0.0, 0.0333, 0.0667, 0.1, 0.1333, 0.1667, 0.2, 0.2333, 0.2667, 0.3, 0.3333, 0.3667, 0.4, 0.4333, 0.4667, 0.5, 0.5333, 0.5667, 0.6, 0.6333, 0.6667, 0.7, 0.7333, 0.7667, 0.8, 0.8333, 0.8667, 0.9, 0.9333, 0.9667, 1.0, 1.0333, 1.0667, 1.1, 1.1333, 1.1667, 1.2, 1.2333, 1.2667, 1.3, 1.3333, 1.3667, 1.4, 1.4333, 1.4667, 1.5, 1.5333, 1.5667, 1.6, 1.6333, 1.6667, 1.7, 1.7333, 1.7667, 1.8, 1.8333, 1.8667, 1.9, 1.9333, 1.9667, 2.5],
            "transform": [
                [0.999955, 0.001843, -0.000652, -0.0, -0.000654, 0.629562, 0.776968, 0.37472, 0.001842, -0.77703, 0.629511, -0.0, 0.0, 0.0, 0.0, 1.0],
                [0.99998, -0.001888, 0.000512, -0.0, 0.000511, 0.504457, 0.863441, 0.37472, -0.001888, -0.863462, 0.504443, 0.0, 0.0, 0.0, 0.0, 1.0],
                [0.999968, -0.00194, 0.000257, -0.0, 0.000256, 0.259926, 0.965615, 0.37472, -0.001939, -0.965678, 0.259908, -0.0, 0.0, 0.0, 0.0, 1.0],
                [0.999956, -0.001953, 0.000105, -0.0, 0.000105, 0.107366, 0.994184, 0.37472, -0.001953, -0.994298, 0.107354, 0.0, 0.0, 0.0, 0.0, 1.0],
                [0.999954, -0.001955, 3.1e-05, 0.0, 3.2e-05, 0.031984, 0.999452, 0.37472, -0.001955, -0.999568, 0.03198, 0.0, 0.0, 0.0, 0.0, 1.0],
                [0.999954, -0.001955, 1.4e-05, -0.0, 1.4e-05, 0.014602, 0.999857, 0.37472, -0.001955, -0.999973, 0.0146, -0.0, 0.0, 0.0, 0.0, 1.0],
                [0.999954, -0.001955, 2.9e-05, 0.0, 2.8e-05, 0.029097, 0.999541, 0.37472, -0.001955, -0.999656, 0.029093, 0.0, 0.0, 0.0, 0.0, 1.0],
                [0.999955, -0.001955, 5.5e-05, -0.0, 5.4e-05, 0.055869, 0.998403, 0.37472, -0.001955, -0.998517, 0.055862, -0.0, 0.0, 0.0, 0.0, 1.0],
                [0.999955, -0.001952, 0.000124, 0.0, 0.000124, 0.126647, 0.991914, 0.37472, -0.001952, -0.992026, 0.126633, 0.0, 0.0, 0.0, 0.0, 1.0],
                [0.999954, -0.001877, 0.000548, 0.0, 0.000548, 0.538274, 0.842774, 0.37472, -0.001877, -0.84285, 0.538224, -0.0, 0.0, 0.0, 0.0, 1.0],
                [0.999956, -0.001711, 0.000947, 0.0, 0.000947, 0.847303, 0.531172, 0.37472, -0.001711, -0.531197, 0.847259, -0.0, 0.0, 0.0, 0.0, 1.0],
                [0.999956, -0.001784, 0.000801, -0.0, 0.000802, 0.747836, 0.663922, 0.37472, -0.001784, -0.663962, 0.747788, 0.0, 0.0, 0.0, 0.0, 1.0],
                [0.999955, -0.001897, 0.000478, 0.0, 0.000479, 0.474461, 0.880272, 0.37472, -0.001897, -0.880354, 0.474415, 0.0, 0.0, 0.0, 0.0, 1.0],
                [0.999956, -0.001954, 0.000103, -0.0, 0.000102, 0.104595, 0.994479, 0.37472, -0.001954, -0.994594, 0.104583, 0.0, 0.0, 0.0, 0.0, 1.0],
                [0.999958, -0.001949, -0.000177, 0.0, -0.000179, -0.181457, 0.983366, 0.37472, -0.001948, -0.983478, -0.181436, -0.0, 0.0, 0.0, 0.0, 1.0],
                [0.999957, -0.001933, -0.000305, -0.0, -0.000306, -0.308691, 0.951138, 0.37472, -0.001933, -0.951241, -0.308657, 0.0, 0.0, 0.0, 0.0, 1.0],
                [0.999957, -0.001922, -0.000362, -0.0, -0.000363, -0.364382, 0.93123, 0.37472, -0.001922, -0.931328, -0.364343, -0.0, 0.0, 0.0, 0.0, 1.0],
                [0.999956, -0.001917, -0.00039, -0.0, -0.000391, -0.391368, 0.920219, 0.37472, -0.001916, -0.920313, -0.391328, 0.0, 0.0, 0.0, 0.0, 1.0],
                [0.999957, -0.001908, -0.000429, 0.0, -0.000429, -0.428149, 0.903696, 0.37472, -0.001908, -0.903785, -0.428106, 0.0, 0.0, 0.0, 0.0, 1.0],
                [0.999958, -0.001892, -0.000494, -0.0, -0.000496, -0.489931, 0.871757, 0.37472, -0.001891, -0.871837, -0.489885, 0.0, 0.0, 0.0, 0.0, 1.0],
                [0.999957, -0.001872, -0.000566, -0.0, -0.000567, -0.554733, 0.832033, 0.374721, -0.001871, -0.832106, -0.554683, 0.0, 0.0, 0.0, 0.0, 1.0],
                [0.999958, -0.001855, -0.000619, 0.0, -0.00062, -0.601053, 0.799221, 0.37472, -0.001855, -0.799288, -0.601001, 0.0, 0.0, 0.0, 0.0, 1.0],
                [0.999957, -0.001851, -0.000632, -0.0, -0.000633, -0.61208, 0.790809, 0.37472, -0.00185, -0.790875, -0.612028, -0.0, 0.0, 0.0, 0.0, 1.0],
                [0.999958, -0.001856, -0.000614, 0.0, -0.000613, -0.596094, 0.802925, 0.37472, -0.001856, -0.802993, -0.596042, 0.0, 0.0, 0.0, 0.0, 1.0],
                [0.999957, -0.001871, -0.000571, 0.0, -0.000568, -0.557325, 0.830299, 0.37472, -0.001871, -0.830372, -0.557275, -0.0, 0.0, 0.0, 0.0, 1.0],
                [0.999956, -0.001897, -0.000479, 0.0, -0.000477, -0.47375, 0.880654, 0.37472, -0.001897, -0.880737, -0.473705, -0.0, 0.0, 0.0, 0.0, 1.0],
                [0.999956, -0.00193, -0.000314, 0.0, -0.000314, -0.316794, 0.948473, 0.37472, -0.00193, -0.948572, -0.316761, 0.0, 0.0, 0.0, 0.0, 1.0],
                [0.999954, -0.001956, 3.8e-05, 0.0, 3.5e-05, 0.037741, 0.999251, 0.37472, -0.001955, -0.999367, 0.037736, 0.0, 0.0, 0.0, 0.0, 1.0],
                [0.999955, -0.001892, 0.000494, 0.0, 0.000489, 0.486433, 0.873715, 0.37472, -0.001893, -0.873796, 0.486387, -0.0, 0.0, 0.0, 0.0, 1.0],
                [0.999956, -0.001778, 0.000815, 0.0, 0.00081, 0.755625, 0.655044, 0.37472, -0.00178, -0.655084, 0.755577, 0.0, 0.0, 0.0, 0.0, 1.0],
                [0.999957, -0.001889, 0.000504, -0.0, 0.000501, 0.496874, 0.86782, 0.37472, -0.00189, -0.867899, 0.496828, -0.0, 0.0, 0.0, 0.0, 1.0],
                [0.999955, -0.001954, -8.4e-05, 0.0, -8.6e-05, -0.08694, 0.99618, 0.374721, -0.001954, -0.996291, -0.086931, -0.0, 0.0, 0.0, 0.0, 1.0],
                [0.999954, -0.001901, -0.000463, -0.0, -0.000467, -0.461632, 0.887067, 0.374719, -0.0019, -0.887148, -0.461589, 0.0, 0.0, 0.0, 0.0, 1.0],
                [0.999955, -0.001885, -0.000521, 0.0, -0.000523, -0.514741, 0.857348, 0.374719, -0.001885, -0.857422, -0.514695, -0.0, 0.0, 0.0, 0.0, 1.0],
                [0.999954, -0.001898, -0.000472, -0.0, -0.000473, -0.468777, 0.883312, 0.374721, -0.001897, -0.883393, -0.468733, -0.0, 0.0, 0.0, 0.0, 1.0],
                [0.999955, -0.001912, -0.000413, -0.0, -0.000414, -0.413274, 0.910595, 0.37472, -0.001911, -0.910683, -0.413233, -0.0, 0.0, 0.0, 0.0, 1.0],
                [0.999956, -0.001914, -0.000398, 0.0, -0.000399, -0.398966, 0.916953, 0.37472, -0.001914, -0.917042, -0.398926, -0.0, 0.0, 0.0, 0.0, 1.0],
                [0.999954, -0.001916, -0.00039, -0.0, -0.00039, -0.390975, 0.920388, 0.37472, -0.001916, -0.920479, -0.390936, 0.0, 0.0, 0.0, 0.0, 1.0],
                [0.999955, -0.001918, -0.000381, -0.0, -0.000382, -0.382954, 0.923753, 0.37472, -0.001917, -0.923845, -0.382914, 0.0, 0.0, 0.0, 0.0, 1.0],
                [0.999954, -0.001922, -0.000362, 0.0, -0.000362, -0.363616, 0.931532, 0.37472, -0.001922, -0.931628, -0.363577, 0.0, 0.0, 0.0, 0.0, 1.0],
                [0.999955, -0.001927, -0.00033, -0.0, -0.00033, -0.333075, 0.942881, 0.37472, -0.001927, -0.942979, -0.333039, 0.0, 0.0, 0.0, 0.0, 1.0],
                [0.999956, -0.001932, -0.000299, 0.0, -0.000299, -0.30218, 0.953228, 0.37472, -0.001932, -0.953329, -0.302148, 0.0, 0.0, 0.0, 0.0, 1.0],
                [0.999955, -0.001939, -0.000262, -0.0, -0.000263, -0.265849, 0.963988, 0.37472, -0.001939, -0.964093, -0.26582, 0.0, 0.0, 0.0, 0.0, 1.0],
                [0.999954, -0.001944, -0.000226, 0.0, -0.000225, -0.228881, 0.973426, 0.37472, -0.001944, -0.973535, -0.228855, -0.0, 0.0, 0.0, 0.0, 1.0],
                [0.999955, -0.001947, -0.000188, 0.0, -0.000189, -0.192042, 0.981356, 0.37472, -0.001947, -0.981466, -0.19202, 0.0, 0.0, 0.0, 0.0, 1.0],
                [0.999953, -0.00195, -0.000151, 0.0, -0.000152, -0.154724, 0.987925, 0.37472, -0.001949, -0.988039, -0.154706, -1e-06, 0.0, 0.0, 0.0, 1.0],
                [0.999955, -0.001954, -0.000117, 0.0, -0.000117, -0.119161, 0.992841, 0.37472, -0.001953, -0.992955, -0.119147, -0.0, 0.0, 0.0, 0.0, 1.0],
                [0.999954, -0.001956, -8.2e-05, 0.0, -8.1e-05, -0.083421, 0.996479, 0.37472, -0.001956, -0.996594, -0.083411, -0.0, 0.0, 0.0, 0.0, 1.0],
                [0.999955, -0.001956, -4.6e-05, 0.0, -4.7e-05, -0.047573, 0.998831, 0.37472, -0.001956, -0.998947, -0.047567, 1e-06, 0.0, 0.0, 0.0, 1.0],
                [0.999955, -0.001956, -1.1e-05, 0.0, -1.2e-05, -0.011688, 0.999895, 0.37472, -0.001955, -1.000011, -0.011686, -1e-06, 0.0, 0.0, 0.0, 1.0],
                [0.999955, -0.001955, 3.4e-05, 0.0, 3.4e-05, 0.034865, 0.999355, 0.37472, -0.001955, -0.999472, 0.034861, -0.0, 0.0, 0.0, 0.0, 1.0],
                [0.999955, -0.001954, 8e-05, 0.0, 8e-05, 0.082265, 0.996575, 0.37472, -0.001953, -0.99669, 0.082256, 0.0, 0.0, 0.0, 0.0, 1.0],
                [0.999956, -0.001951, 0.000133, 0.0, 0.000133, 0.135755, 0.990708, 0.37472, -0.001951, -0.990821, 0.135739, 1e-06, 0.0, 0.0, 0.0, 1.0],
                [0.999955, -0.001946, 0.000191, -0.0, 0.00019, 0.19379, 0.981012, 0.37472, -0.001946, -0.981122, 0.193768, 0.0, 0.0, 0.0, 0.0, 1.0],
                [0.999956, -0.00194, 0.000253, -0.0, 0.000251, 0.255401, 0.966809, 0.37472, -0.00194, -0.966914, 0.255372, 0.0, 0.0, 0.0, 0.0, 1.0],
                [0.999956, -0.00193, 0.000313, -0.0, 0.000312, 0.31599, 0.94874, 0.37472, -0.00193, -0.948841, 0.315955, -0.0, 0.0, 0.0, 0.0, 1.0],
                [0.999956, -0.001919, 0.000373, 0.0, 0.000372, 0.374483, 0.927217, 0.37472, -0.001919, -0.927312, 0.374445, 0.0, 0.0, 0.0, 0.0, 1.0],
                [0.999956, -0.001909, 0.000427, 0.0, 0.000426, 0.42585, 0.904783, 0.37472, -0.001909, -0.904872, 0.425807, 0.0, 0.0, 0.0, 0.0, 1.0],
                [0.999956, -0.001895, 0.000481, 0.0, 0.000479, 0.475878, 0.879506, 0.37472, -0.001895, -0.879589, 0.475832, 0.0, 0.0, 0.0, 0.0, 1.0],
                [0.999956, -0.001883, 0.000525, 0.0, 0.000524, 0.516784, 0.856116, 0.37472, -0.001883, -0.856194, 0.516736, 0.0, 0.0, 0.0, 0.0, 1.0],
                [1.000002, 0.001608, -0.001109, 0.0, -0.00111, 0.934967, 0.354727, 0.37472, 0.001607, -0.354724, 0.934969, 0.0, 0.0, 0.0, 0.0, 1.0]
            ]
        },
        {
            "name": "Knee_R",
            "time": [0.0, 2.5],
            "transform": [
                [1.0, 0.0, -0.0, -0.0, -0.0, 1e-06, -1.0, 0.37472, -0.0, 1.0, 1e-06, -0.0, 0.0, 0.0, 0.0, 1.0],
                [1.0, 0.0, -0.0, 0.0, -0.0, 1e-06, -1.0, 0.37472, -0.0, 1.0, 1e-06, 0.0, 0.0, 0.0, 0.0, 1.0]
            ]
        },
        {
            "name": "Thigh_L",
            "time": [0.0, 0.0333, 0.0667, 0.1, 0.1333, 0.1667, 0.2, 0.2333, 0.2667, 0.3, 0.3333, 0.3667, 0.4, 0.4333, 0.4667, 0.5, 0.5333, 0.5667, 0.6, 0.6333, 0.6667, 0.7, 0.7333, 0.7667, 0.8, 0.8333, 0.8667, 0.9, 0.9333, 0.9667, 1.0, 1.0333, 1.0667, 1.1, 1.1333, 1.1667, 1.2, 1.2333, 1.2667, 1.3, 1.3333, 1.3667, 1.4, 1.4333, 1.4667, 1.5, 1.5333, 1.5667, 1.6, 1.6333, 1.6667, 1.7, 1.7333, 1.7667, 1.8, 1.8333, 1.8667, 1.9, 1.9333, 1.9667, 2.0, 2.5],
            "transform": [
                [-0.391473, 0.79918, -0.456138, 0.024666, -0.460533, -0.599311, -0.65478, 0.021941, -0.796652, -0.046262, 0.602664, 0.122762, 0.0, 0.0, 0.0, 1.0],
                [-0.438515, 0.490342, -0.753175, 0.019648, -0.368839, -0.862435, -0.346691, 0.01814, -0.819521, 0.125778, 0.559048, 0.122119, 0.0, 0.0, 0.0, 1.0],
                [-0.507947, -0.007025, -0.861357, 0.014631, -0.244434, -0.957695, 0.151958, 0.01434, -0.825965, 0.287739, 0.484742, 0.121476, 0.0, 0.0, 0.0, 1.0],
                [-0.503164, -0.513182, -0.695321, 0.009613, -0.096807, -0.766054, 0.635443, 0.010539, -0.858753, 0.387043, 0.335772, 0.120834, 0.0, 0.0, 0.0, 1.0],
                [-0.427166, -0.839483, -0.335854, 0.004595, 0.026701, -0.382998, 0.923364, 0.006739, -0.903778, 0.385462, 0.186019, 0.120191, 0.0, 0.0, 0.0, 1.0],
                [-0.328159, -0.943678, 0.042209, -0.000422, 0.081669, 0.016173, 0.996529, 0.002938, -0.941085, 0.330466, 0.071762, 0.119548, 0.0, 0.0, 0.0, 1.0],
                [-0.272086, -0.906839, 0.321891, -0.002366, 0.090951, 0.308778, 0.946778, 0.009212, -0.957963, 0.286881, -0.001537, 0.123402, 0.0, 0.0, 0.0, 1.0],
                [-0.287858, -0.952229, 0.101979, -0.004309, 0.08542, 0.080532, 0.993087, 0.015486, -0.953855, 0.294579, 0.058158, 0.127256, 0.0, 0.0, 0.0, 1.0],
                [-0.345814, -0.894264, -0.284089, -0.006253, 0.126556, -0.344456, 0.930235, 0.02176, -0.929727, 0.285735, 0.232293, 0.131109, 0.0, 0.0, 0.0, 1.0],
                [-0.491559, -0.684872, -0.537886, -0.008196, 0.22331, -0.696139, 0.682293, 0.028034, -0.841725, 0.215272, 0.495133, 0.134963, 0.0, 0.0, 0.0, 1.0],
                [-0.812326, -0.466715, -0.349719, -0.01014, 0.270395, -0.832705, 0.483208, 0.034308, -0.516733, 0.29796, 0.802626, 0.138817, 0.0, 0.0, 0.0, 1.0],
                [-0.954516, -0.29499, -0.043376, 0.005041, 0.23828, -0.842144, 0.48375, 0.02859, -0.17923, 0.45141, 0.874133, 0.133325, 0.0, 0.0, 0.0, 1.0],
                [-0.912876, -0.398858, -0.087002, 0.020222, 0.292856, -0.788303, 0.541124, 0.022873, -0.284415, 0.4685, 0.836431, 0.127832, 0.0, 0.0, 0.0, 1.0],
                [-0.813635, -0.451582, -0.366157, 0.035403, 0.183459, -0.797063, 0.575355, 0.017156, -0.55167, 0.400955, 0.731365, 0.12234, 0.0, 0.0, 0.0, 1.0],
                [-0.727227, -0.339987, -0.59628, 0.050584, -0.049915, -0.840215, 0.539951, 0.011439, -0.68458, 0.422431, 0.594056, 0.116848, 0.0, 0.0, 0.0, 1.0],
                [-0.684772, -0.258282, -0.681452, 0.065765, -0.134487, -0.874241, 0.466495, 0.005721, -0.71624, 0.41109, 0.56392, 0.111356, 0.0, 0.0, 0.0, 1.0],
                [-0.666966, -0.132318, -0.733246, 0.076026, -0.214578, -0.908299, 0.359091, 0.0214, -0.713521, 0.39684, 0.577414, 0.111696, 0.0, 0.0, 0.0, 1.0],
                [-0.656214, -0.02614, -0.754122, 0.086288, -0.283417, -0.917688, 0.278432, 0.037078, -0.699324, 0.396443, 0.594793, 0.112037, 0.0, 0.0, 0.0, 1.0],
                [-0.641756, -0.001333, -0.766908, 0.096549, -0.333417, -0.900063, 0.280571, 0.052757, -0.690639, 0.435759, 0.577177, 0.112378, 0.0, 0.0, 0.0, 1.0],
                [-0.623905, -0.051581, -0.779797, 0.106811, -0.377121, -0.854081, 0.358224, 0.068435, -0.684487, 0.517575, 0.513414, 0.112718, 0.0, 0.0, 0.0, 1.0],
                [-0.610183, -0.122563, -0.782723, 0.117072, -0.428999, -0.779473, 0.456488, 0.084114, -0.666059, 0.614329, 0.423043, 0.113059, 0.0, 0.0, 0.0, 1.0],
                [-0.602635, -0.212304, -0.769259, 0.115643, -0.478386, -0.675443, 0.561181, 0.07723, -0.63873, 0.706189, 0.305483, 0.101167, 0.0, 0.0, 0.0, 1.0],
                [-0.60392, -0.31309, -0.732978, 0.114214, -0.517231, -0.545739, 0.659273, 0.070346, -0.606424, 0.777268, 0.167643, 0.089274, 0.0, 0.0, 0.0, 1.0],
                [-0.613014, -0.413307, -0.673344, 0.112784, -0.540091, -0.402808, 0.738951, 0.063462, -0.57664, 0.816654, 0.023703, 0.077382, 0.0, 0.0, 0.0, 1.0],
                [-0.626508, -0.507862, -0.591239, 0.111355, -0.542159, -0.261013, 0.798709, 0.056579, -0.559953, 0.820944, -0.111816, 0.06549, 0.0, 0.0, 0.0, 1.0],
                [-0.637194, -0.591997, -0.493482, 0.109925, -0.525257, -0.134992, 0.840168, 0.049693, -0.563991, 0.794556, -0.224935, 0.053598, 0.0, 0.0, 0.0, 1.0],
                [-0.640113, -0.662126, -0.389673, 0.093667, -0.488434, -0.040783, 0.871648, 0.050518, -0.593031, 0.748283, -0.2973, 0.058792, 0.0, 0.0, 0.0, 1.0],
                [-0.594744, -0.772953, -0.220961, 0.077408, -0.300565, -0.041126, 0.952876, 0.051342, -0.745613, 0.63313, -0.207864, 0.063987, 0.0, 0.0, 0.0, 1.0],
                [-0.439686, -0.895813, -0.064766, 0.061148, 0.030833, -0.087123, 0.995722, 0.052166, -0.897622, 0.435808, 0.065927, 0.069181, 0.0, 0.0, 0.0, 1.0],
                [-0.30387, -0.950971, -0.057587, 0.04489, 0.22559, -0.130548, 0.965438, 0.05299, -0.925618, 0.280377, 0.2542, 0.074376, 0.0, 0.0, 0.0, 1.0],
                [-0.416786, -0.772427, -0.479214, 0.028631, -0.329632, -0.36287, 0.87159, 0.053815, -0.84713, 0.521231, -0.103378, 0.079571, 0.0, 0.0, 0.0, 1.0],
                [-0.353638, -0.769944, -0.531157, 0.013113, -0.318745, -0.43467, 0.842298, 0.060013, -0.879397, 0.467172, -0.0917, 0.088664, 0.0, 0.0, 0.0, 1.0],
                [-0.30312, -0.780044, -0.547403, -0.002406, -0.261575, -0.484258, 0.83491, 0.06621, -0.916348, 0.396265, -0.057253, 0.097757, 0.0, 0.0, 0.0, 1.0],
                [-0.242215, -0.686552, -0.685551, -0.017925, -0.285398, -0.624911, 0.726661, 0.072409, -0.927296, 0.371663, -0.044579, 0.10685, 0.0, 0.0, 0.0, 1.0],
                [-0.317824, -0.37546, -0.870643, -0.033444, -0.219818, -0.864057, 0.452864, 0.078607, -0.922316, 0.335314, 0.192085, 0.115943, 0.0, 0.0, 0.0, 1.0],
                [-0.344125, -0.219923, -0.912806, -0.048964, -0.177767, -0.939336, 0.293334, 0.084805, -0.921941, 0.26321, 0.284155, 0.125036, 0.0, 0.0, 0.0, 1.0],
                [-0.36444, -0.220905, -0.904647, -0.050867, -0.158893, -0.942459, 0.29415, 0.082877, -0.917569, 0.250943, 0.308371, 0.121927, 0.0, 0.0, 0.0, 1.0],
                [-0.379477, -0.276167, -0.883024, -0.05277, -0.153123, -0.922503, 0.354318, 0.080947, -0.912442, 0.269666, 0.307782, 0.118817, 0.0, 0.0, 0.0, 1.0],
                [-0.389028, -0.336121, -0.857719, -0.054674, -0.154759, -0.893983, 0.420526, 0.079019, -0.908133, 0.296336, 0.295768, 0.115708, 0.0, 0.0, 0.0, 1.0],
                [-0.400622, -0.364428, -0.840653, -0.056576, -0.165287, -0.8737, 0.457526, 0.077089, -0.90121, 0.322244, 0.289789, 0.112598, 0.0, 0.0, 0.0, 1.0],
                [-0.413064, -0.338135, -0.845603, -0.05848, -0.180355, -0.879754, 0.439893, 0.075161, -0.892664, 0.334213, 0.302411, 0.109488, 0.0, 0.0, 0.0, 1.0],
                [-0.424605, -0.314692, -0.84893, -0.0573, -0.199383, -0.882128, 0.426726, 0.071625, -0.883151, 0.350452, 0.311812, 0.1114, 0.0, 0.0, 0.0, 1.0],
                [-0.435639, -0.290942, -0.851806, -0.05612, -0.218498, -0.883836, 0.41363, 0.068086, -0.8732, 0.366311, 0.321464, 0.113311, 0.0, 0.0, 0.0, 1.0],
                [-0.440189, -0.264242, -0.858145, -0.05494, -0.240544, -0.886079, 0.396233, 0.064549, -0.865085, 0.380839, 0.326481, 0.115222, 0.0, 0.0, 0.0, 1.0],
                [-0.439514, -0.240719, -0.865381, -0.05376, -0.266162, -0.885251, 0.381427, 0.061012, -0.857896, 0.397973, 0.325011, 0.117134, 0.0, 0.0, 0.0, 1.0],
                [-0.432686, -0.228811, -0.872027, -0.052581, -0.294762, -0.878192, 0.376687, 0.057475, -0.851995, 0.420027, 0.312538, 0.119045, 0.0, 0.0, 0.0, 1.0],
                [-0.41351, -0.281086, -0.866027, -0.04455, -0.311683, -0.849988, 0.424704, 0.064459, -0.855489, 0.445544, 0.26387, 0.127758, 0.0, 0.0, 0.0, 1.0],
                [-0.381398, -0.371518, -0.846471, -0.036519, -0.32584, -0.802884, 0.499205, 0.071444, -0.865079, 0.46621, 0.185163, 0.136472, 0.0, 0.0, 0.0, 1.0],
                [-0.343158, -0.470892, -0.812714, -0.028488, -0.33459, -0.74721, 0.574218, 0.078429, -0.877662, 0.468973, 0.098855, 0.145185, 0.0, 0.0, 0.0, 1.0],
                [-0.303625, -0.551719, -0.776801, -0.020457, -0.33081, -0.703525, 0.628981, 0.085413, -0.893519, 0.447947, 0.031093, 0.153898, 0.0, 0.0, 0.0, 1.0],
                [-0.263295, -0.618209, -0.740605, -0.012427, -0.311392, -0.672139, 0.671764, 0.092398, -0.913076, 0.40749, -0.015535, 0.162612, 0.0, 0.0, 0.0, 1.0],
