{
    "animation": [
        {
            "name": "Root",
            "time": [0.0, 0.0333, 0.0667, 0.1, 0.1333, 0.1667, 0.2, 0.2333, 0.2667, 0.3, 0.3333],
            "transform": [
                [0.235911, 0.159321, -0.958626, 0.004463, -0.934678, 0.307165, -0.178968, -0.171047, 0.265943, 0.938225, 0.221378, 0.177044, 0.0, 0.0, 0.0, 1.0],
                [-0.107853, 0.414323, -0.903718, -0.038419, -0.958701, 0.197292, 0.204867, 0.088288, 0.263177, 0.888489, 0.375933, 0.069825, 0.0, 0.0, 0.0, 1.0],
                [-0.438403, 0.488806, -0.754236, 0.221214, -0.85311, 0.037785, 0.520363, 0.368482, 0.282855, 0.871574, 0.400441, -0.021758, 0.0, 0.0, 0.0, 1.0],
                [-0.62349, 0.500459, -0.600669, 0.703076, -0.705477, -0.028974, 0.708142, 0.733678, 0.336992, 0.865275, 0.371127, -0.004203, 0.0, 0.0, 0.0, 1.0],
                [-0.644715, 0.522866, -0.557634, 1.428649, -0.630247, 0.049233, 0.774834, 1.211804, 0.432587, 0.850992, 0.297794, 0.165244, 0.0, 0.0, 0.0, 1.0],
                [-0.634721, 0.530861, -0.561531, 2.126858, -0.600398, 0.118674, 0.790848, 1.636394, 0.486468, 0.839109, 0.243403, 0.293889, 0.0, 0.0, 0.0, 1.0],
                [-0.633749, 0.523398, -0.569578, 2.726657, -0.597067, 0.137164, 0.790379, 1.975615, 0.491808, 0.840976, 0.225576, 0.339222, 0.0, 0.0, 0.0, 1.0],
                [-0.607891, 0.486966, -0.627163, 3.239989, -0.63342, 0.178879, 0.752851, 2.265995, 0.478798, 0.854907, 0.199715, 0.346249, 0.0, 0.0, 0.0, 1.0],
                [-0.51768, 0.381064, -0.766028, 3.602253, -0.722776, 0.284319, 0.629888, 2.493408, 0.457823, 0.879747, 0.128238, 0.310298, 0.0, 0.0, 0.0, 1.0],
                [-0.346793, 0.187962, -0.918917, 3.837665, -0.826564, 0.401813, 0.394131, 2.665485, 0.443314, 0.896223, 0.016017, 0.235658, 0.0, 0.0, 0.0, 1.0],
                [-0.146602, -0.042344, -0.988289, 3.857184, -0.893584, 0.434193, 0.11395, 2.679163, 0.424284, 0.899824, -0.101491, 0.157518, 0.0, 0.0, 0.0, 1.0]
            ]
        },
        {
            "name": "Thigh_R",
            "time": [0.0, 0.0333, 0.0667, 0.1, 0.1333, 0.1667, 0.2, 0.2333, 0.2667, 0.3, 0.3333],
            "transform": [
                [0.232679, -0.932456, -0.276417, 0.109589, -0.258066, -0.333229, 0.906842, -0.029424, -0.937679, -0.139672, -0.31817, -0.079835, 0.0, 0.0, 0.0, 1.0],
                [0.364819, -0.826595, -0.428573, 0.064192, -0.124475, -0.499479, 0.857345, 0.004732, -0.922695, -0.259441, -0.28511, -0.092489, 0.0, 0.0, 0.0, 1.0],
                [0.165974, -0.522073, -0.836607, 0.018794, -0.194262, -0.849091, 0.491282, 0.038888, -0.966769, 0.080987, -0.242346, -0.105143, 0.0, 0.0, 0.0, 1.0],
                [0.086731, 0.03993, -0.995432, -0.026603, -0.191992, -0.979842, -0.056031, 0.073044, -0.977508, 0.195993, -0.077316, -0.117797, 0.0, 0.0, 0.0, 1.0],
                [0.254234, 0.240199, -0.936842, -0.072001, -0.034209, -0.965878, -0.256905, 0.107201, -0.966488, 0.097372, -0.237342, -0.130451, 0.0, 0.0, 0.0, 1.0],
                [0.468175, 0.369089, -0.802857, -0.071797, 0.056556, -0.919293, -0.389595, 0.122366, -0.881772, 0.137006, -0.451263, -0.142582, 0.0, 0.0, 0.0, 1.0],
                [0.475305, 0.439374, -0.762256, -0.070374, 0.061627, -0.880929, -0.469299, 0.130153, -0.877607, 0.176102, -0.445786, -0.150606, 0.0, 0.0, 0.0, 1.0],
                [0.311648, 0.481181, -0.819363, -0.066509, -0.046202, -0.853657, -0.51885, 0.133022, -0.949025, 0.199574, -0.243809, -0.155041, 0.0, 0.0, 0.0, 1.0],
                [0.198723, 0.168499, -0.965463, -0.058984, -0.23715, -0.947611, -0.214185, 0.133432, -0.950882, 0.271549, -0.148352, -0.156405, 0.0, 0.0, 0.0, 1.0],
                [0.261417, -0.368434, -0.892147, -0.012264, -0.352332, -0.896975, 0.267142, 0.123292, -0.89857, 0.244521, -0.364295, -0.148958, 0.0, 0.0, 0.0, 1.0],
                [0.252142, -0.780287, -0.572391, 0.029575, -0.507199, -0.610335, 0.608484, 0.113153, -0.824061, 0.136905, -0.549652, -0.14151, 0.0, 0.0, 0.0, 1.0]
            ]
        },
        {
            "name": "Leg_R",
            "time": [0.0, 0.0333, 0.0667, 0.1, 0.1333, 0.1667, 0.2, 0.2333, 0.2667, 0.3, 0.3333],
            "transform": [
                [0.999992, -0.001948, -0.000185, 0.0, -0.000184, -0.187625, 0.982237, 0.37472, -0.001948, -0.982251, -0.187622, 0.0, 0.0, 0.0, 0.0, 1.0],
                [0.999981, -0.001906, -0.000442, -0.0, -0.000441, -0.439355, 0.898313, 0.37472, -0.001906, -0.898341, -0.43934, 0.0, 0.0, 0.0, 0.0, 1.0],
                [0.999968, -0.001936, -0.00037, -0.0, -0.000372, -0.369592, 0.929187, 0.37472, -0.001935, -0.929243, -0.369568, 0.0, 0.0, 0.0, 0.0, 1.0],
                [0.999953, -0.001957, 0.000244, -0.0, 0.000241, 0.244211, 0.969694, 0.37472, -0.001958, -0.969803, 0.244183, 0.0, 0.0, 0.0, 0.0, 1.0],
                [0.999954, -0.001795, 0.00083, -0.0, 0.000828, 0.761202, 0.648558, 0.37472, -0.001796, -0.648598, 0.761153, 0.0, 0.0, 0.0, 0.0, 1.0],
                [0.999954, -0.001504, 0.001261, 0.0, 0.001259, 0.984528, 0.175426, 0.37472, -0.001505, -0.175429, 0.984501, -0.0, 0.0, 0.0, 0.0, 1.0],
                [0.999954, -0.001387, 0.001378, -0.0, 0.001376, 1.000005, 0.0076, 0.37472, -0.001388, -0.007599, 0.999981, 0.0, 0.0, 0.0, 0.0, 1.0],
                [0.999955, -0.001387, 0.001378, 0.0, 0.001376, 1.000005, 0.0076, 0.37472, -0.001388, -0.007599, 0.99998, -0.0, 0.0, 0.0, 0.0, 1.0],
                [0.999955, -0.001814, 0.000814, 0.0, 0.000811, 0.745714, 0.666305, 0.37472, -0.001816, -0.666346, 0.745665, -0.0, 0.0, 0.0, 0.0, 1.0],
                [0.999956, -0.00197, -6.7e-05, -0.0, -6.8e-05, -0.068327, 0.997628, 0.37472, -0.00197, -0.997741, -0.068319, -0.0, 0.0, 0.0, 0.0, 1.0],
                [0.999957, -0.001548, -0.000699, 0.0, -0.0007, -0.750639, 0.660752, 0.37472, -0.001548, -0.660794, -0.750589, -0.0, 0.0, 0.0, 0.0, 1.0]
            ]
        },
        {
            "name": "Knee_R",
            "time": [0.0, 0.3333],
            "transform": [
                [1.0, 0.0, -0.0, 0.0, -0.0, 1e-06, -1.0, 0.37472, -0.0, 1.0, 1e-06, 0.0, 0.0, 0.0, 0.0, 1.0],
                [1.0, 0.0, -0.0, 0.0, -0.0, 1e-06, -1.0, 0.37472, -0.0, 1.0, 1e-06, -0.0, 0.0, 0.0, 0.0, 1.0]
            ]
        },
        {
            "name": "Thigh_L",
            "time": [0.0, 0.0333, 0.0667, 0.1, 0.1333, 0.1667, 0.2, 0.2333, 0.2667, 0.3, 0.3333],
            "transform": [
                [-0.01783, -0.918335, -0.395467, 0.011988, 0.166682, -0.392737, 0.904424, 0.10882, -0.98582, -0.049795, 0.160072, 0.165052, 0.0, 0.0, 0.0, 1.0],
                [0.016147, -0.975899, -0.217701, 0.045529, 0.159242, -0.212443, 0.964113, 0.084764, -0.98709, -0.050237, 0.151974, 0.148867, 0.0, 0.0, 0.0, 1.0],
                [0.043386, -0.993827, -0.102163, 0.07907, 0.101069, -0.097369, 0.990104, 0.060708, -0.993927, -0.053283, 0.096221, 0.132681, 0.0, 0.0, 0.0, 1.0],
                [0.020299, -0.995137, -0.096324, 0.112612, 0.015216, -0.096025, 0.995264, 0.036652, -0.999683, -0.021668, 0.013193, 0.116495, 0.0, 0.0, 0.0, 1.0],
                [0.018971, -0.97778, -0.20876, 0.146153, 0.028829, -0.208175, 0.977668, 0.012596, -0.999407, -0.024565, 0.024239, 0.100309, 0.0, 0.0, 0.0, 1.0],
                [0.06128, -0.993289, -0.098043, 0.154853, 0.144902, -0.088333, 0.985496, -6.2e-05, -0.987551, -0.074597, 0.138517, 0.10548, 0.0, 0.0, 0.0, 1.0],
                [0.130233, -0.990902, -0.033822, 0.158059, 0.196749, -0.007607, 0.980426, -0.005763, -0.97177, -0.134337, 0.193969, 0.115083, 0.0, 0.0, 0.0, 1.0],
                [0.167743, -0.962972, -0.211033, 0.158517, 0.168736, -0.182861, 0.968552, -0.014247, -0.971289, -0.198074, 0.131814, 0.120255, 0.0, 0.0, 0.0, 1.0],
                [0.115385, -0.936943, -0.329872, 0.152148, 0.170516, -0.308475, 0.935825, -0.031755, -0.978581, -0.164226, 0.12417, 0.118652, 0.0, 0.0, 0.0, 1.0],
                [0.004017, -0.947759, -0.318943, 0.14032, 0.198876, -0.311814, 0.929097, -0.050521, -0.980023, -0.067162, 0.187234, 0.115674, 0.0, 0.0, 0.0, 1.0],
                [-0.114025, -0.952283, -0.283096, 0.133951, 0.228197, -0.302438, 0.92545, -0.05928, -0.966921, 0.040923, 0.251794, 0.114071, 0.0, 0.0, 0.0, 1.0]
            ]
        },
        {
            "name": "Leg_L",
            "time": [0.0, 0.0333, 0.0667, 0.1, 0.1333, 0.1667, 0.2, 0.2333, 0.2667, 0.3, 0.3333],
            "transform": [
                [0.999966, 0.001892, 0.000484, -0.0, 0.000481, -0.478691, 0.877982, 0.37472, 0.001892, -0.878039, -0.478659, 0.0, 0.0, 0.0, 0.0, 1.0],
                [0.99998, 0.001864, 0.00058, 0.0, 0.000578, -0.566362, 0.824161, 0.37472, 0.001865, -0.824184, -0.566344, -0.0, 0.0, 0.0, 0.0, 1.0],
                [0.999993, 0.001841, 0.000652, 0.0, 0.000653, -0.630057, 0.776552, 0.37472, 0.00184, -0.776558, -0.630051, 0.0, 0.0, 0.0, 0.0, 1.0],
                [1.000006, 0.001829, 0.000686, 0.0, 0.00069, -0.659251, 0.751919, 0.37472, 0.001827, -0.751914, -0.659253, 0.0, 0.0, 0.0, 0.0, 1.0],
                [1.000005, 0.001824, 0.000696, 0.0, 0.000702, -0.668588, 0.74363, 0.37472, 0.001822, -0.743626, -0.668589, 0.0, 0.0, 0.0, 0.0, 1.0],
                [1.000006, 0.001814, 0.000724, -0.0, 0.000727, -0.689824, 0.723972, 0.37472, 0.001812, -0.723969, -0.689826, -0.0, 0.0, 0.0, 0.0, 1.0],
                [1.000005, 0.001875, 0.000566, -0.0, 0.000568, -0.554233, 0.83236, 0.37472, 0.001875, -0.832354, -0.554236, -0.0, 0.0, 0.0, 0.0, 1.0],
                [1.000006, 0.001951, 0.000189, 0.0, 0.000188, -0.191316, 0.981527, 0.37472, 0.001951, -0.981521, -0.191317, -0.0, 0.0, 0.0, 0.0, 1.0],
                [1.000004, 0.001952, 4.4e-05, -0.0, 4.3e-05, -0.044178, 0.999023, 0.37472, 0.001952, -0.999019, -0.044179, -0.0, 0.0, 0.0, 0.0, 1.0],
                [1.000006, 0.00195, 0.000105, 0.0, 0.000103, -0.106032, 0.994362, 0.37472, 0.00195, -0.994355, -0.106033, 0.0, 0.0, 0.0, 0.0, 1.0],
                [1.000005, 0.001941, 0.000188, 0.0, 0.000186, -0.190977, 0.981594, 0.37472, 0.001941, -0.981587, -0.190978, 0.0, 0.0, 0.0, 0.0, 1.0]
            ]
        },
        {
            "name": "Knee_L",
            "time": [0.0, 0.3333],
            "transform": [
                [1.0, 0.0, -0.0, -0.0, -0.0, 1e-06, -1.0, 0.37472, -0.0, 1.0, 1e-06, 0.0, 0.0, 0.0, 0.0, 1.0],
                [1.0, 0.0, -0.0, 0.0, -0.0, 1e-06, -1.0, 0.37472, -0.0, 1.0, 1e-06, 0.0, 0.0, 0.0, 0.0, 1.0]
            ]
        },
        {
            "name": "Torso",
            "time": [0.0, 0.0333, 0.0667, 0.1, 0.1333, 0.1667, 0.2, 0.2333, 0.2667, 0.3, 0.3333],
            "transform": [
                [0.38134, -0.759357, 0.527217, -0.0, -0.360694, 0.402889, 0.841178, 0.05, -0.851162, -0.51094, -0.120258, -0.0, 0.0, 0.0, 0.0, 1.0],
                [0.285863, -0.759361, 0.584512, 0.0, -0.382704, 0.468742, 0.796128, 0.05, -0.878531, -0.451279, -0.156615, 0.0, 0.0, 0.0, 0.0, 1.0],
                [0.13865, -0.867651, 0.477452, 0.0, -0.265198, 0.431973, 0.862015, 0.05, -0.954171, -0.246138, -0.170206, -0.0, 0.0, 0.0, 0.0, 1.0],
                [-0.037706, -0.939317, 0.340976, -0.0, -0.136248, 0.342864, 0.929453, 0.05, -0.989954, -0.011411, -0.140909, 0.0, 0.0, 0.0, 0.0, 1.0],
                [-0.208909, -0.94952, 0.234037, -0.0, -0.026238, 0.244674, 0.969251, 0.05, -0.97758, 0.196346, -0.076029, 0.0, 0.0, 0.0, 0.0, 1.0],
                [-0.338523, -0.916143, 0.214684, -0.0, 0.054288, 0.208759, 0.97646, 0.05, -0.939387, 0.342211, -0.020934, -0.0, 0.0, 0.0, 0.0, 1.0],
                [-0.405391, -0.870617, 0.278721, -0.0, 0.139022, 0.242636, 0.960105, 0.05, -0.903508, 0.427967, 0.022672, 0.0, 0.0, 0.0, 0.0, 1.0],
                [-0.404618, -0.842428, 0.355812, 0.0, 0.246075, 0.274436, 0.929588, 0.05, -0.880752, 0.463686, 0.096259, -0.0, 0.0, 0.0, 0.0, 1.0],
                [-0.324792, -0.840338, 0.433987, 0.0, 0.340719, 0.324094, 0.882539, 0.05, -0.882278, 0.434511, 0.181057, -0.0, 0.0, 0.0, 0.0, 1.0],
                [-0.172939, -0.830959, 0.528773, -0.0, 0.3996, 0.431497, 0.808784, 0.05, -0.900227, 0.351168, 0.257429, -0.0, 0.0, 0.0, 0.0, 1.0],
                [-0.007326, -0.78914, 0.614172, 0.0, 0.406644, 0.55876, 0.722793, 0.05, -0.913554, 0.255045, 0.316806, -0.0, 0.0, 0.0, 0.0, 1.0]
            ]
        },
        {
            "name": "Chest",
            "time": [0.0, 0.0333, 0.0667, 0.1, 0.1333, 0.1667, 0.2, 0.2333, 0.2667, 0.3, 0.3333],
            "transform": [
                [0.919875, -0.315636, 0.232805, 0.0, 0.391276, 0.697758, -0.600032, 0.3, 0.02695, 0.64305, 0.765351, 0.0, 0.0, 0.0, 0.0, 1.0],
                [0.924731, -0.355417, 0.136189, -0.0, 0.3626, 0.713864, -0.5991, 0.3, 0.115709, 0.603391, 0.789007, -0.0, 0.0, 0.0, 0.0, 1.0],
                [0.966824, -0.251686, -0.043592, 0.0, 0.142439, 0.672896, -0.725895, 0.3, 0.21203, 0.695608, 0.686422, 0.0, 0.0, 0.0, 0.0, 1.0],
                [0.955886, -0.136311, -0.260185, 0.0, -0.131692, 0.592897, -0.794438, 0.3, 0.262553, 0.793661, 0.548791, 0.0, 0.0, 0.0, 0.0, 1.0],
                [0.89472, -0.009958, -0.446509, -0.0, -0.37397, 0.529848, -0.761188, 0.3, 0.244161, 0.848037, 0.470342, 0.0, 0.0, 0.0, 0.0, 1.0],
                [0.83909, 0.173027, -0.515736, -0.0, -0.514067, 0.562294, -0.647735, 0.3, 0.177918, 0.808638, 0.560762, -0.0, 0.0, 0.0, 0.0, 1.0],
                [0.797448, 0.435541, -0.417585, 0.0, -0.598486, 0.658929, -0.455662, 0.3, 0.076698, 0.61329, 0.786126, -0.0, 0.0, 0.0, 0.0, 1.0],
                [0.75265, 0.620425, -0.220428, -0.0, -0.657819, 0.694369, -0.291764, 0.3, -0.027959, 0.364601, 0.930744, -0.0, 0.0, 0.0, 0.0, 1.0],
                [0.765478, 0.637852, -0.084773, 0.0, -0.63277, 0.722301, -0.279079, 0.3, -0.116779, 0.267273, 0.956518, 0.0, 0.0, 0.0, 0.0, 1.0],
                [0.83513, 0.54996, 0.00993, 0.0, -0.510286, 0.78138, -0.359243, 0.3, -0.205327, 0.294949, 0.933191, 0.0, 0.0, 0.0, 0.0, 1.0],
                [0.889843, 0.442407, 0.111591, 0.0, -0.357132, 0.827578, -0.433099, 0.3, -0.283955, 0.34554, 0.89441, -0.0, 0.0, 0.0, 0.0, 1.0]
            ]
        },
        {
            "name": "Head",
            "time": [0.0, 0.0333, 0.0667, 0.1, 0.1333, 0.1667, 0.2, 0.2333, 0.2667, 0.3, 0.3333],
            "transform": [
                [0.94991, 0.033364, -0.310741, 0.0, -0.022607, 0.999016, 0.038155, 0.4, 0.311709, -0.029219, 0.949727, 0.0, 0.0, 0.0, 0.0, 1.0],
                [0.974366, -0.174489, -0.14201, 0.0, 0.177072, 0.984181, 0.005662, 0.4, 0.138776, -0.030663, 0.989848, 0.0, 0.0, 0.0, 0.0, 1.0],
                [0.958803, -0.260381, 0.113579, -0.0, 0.252939, 0.964502, 0.075884, 0.4, -0.129306, -0.044029, 0.990625, -0.0, 0.0, 0.0, 0.0, 1.0],
                [0.895238, -0.272368, 0.352659, -0.0, 0.251361, 0.962177, 0.10503, 0.4, -0.367928, -0.005382, 0.929838, 0.0, 0.0, 0.0, 0.0, 1.0],
                [0.832217, -0.20002, 0.517114, 0.0, 0.222047, 0.974836, 0.019716, 0.4, -0.508045, 0.098416, 0.855689, 0.0, 0.0, 0.0, 0.0, 1.0],
                [0.816907, -0.163173, 0.553205, 0.0, 0.258053, 0.961194, -0.097549, 0.4, -0.515818, 0.222445, 0.827314, 0.0, 0.0, 0.0, 0.0, 1.0],
                [0.831495, -0.210055, 0.514289, 0.0, 0.373533, 0.896645, -0.237698, 0.4, -0.411206, 0.389749, 0.824018, 0.0, 0.0, 0.0, 0.0, 1.0],
                [0.834703, -0.269768, 0.480098, -0.0, 0.468206, 0.806604, -0.360797, 0.4, -0.289917, 0.525944, 0.799581, 0.0, 0.0, 0.0, 0.0, 1.0],
                [0.839695, -0.310607, 0.445459, 0.0, 0.49508, 0.774943, -0.392887, 0.4, -0.223171, 0.550446, 0.804489, 0.0, 0.0, 0.0, 0.0, 1.0],
                [0.85815, -0.345611, 0.379648, -0.0, 0.481589, 0.79815, -0.361978, 0.4, -0.177914, 0.493465, 0.851373, 0.0, 0.0, 0.0, 0.0, 1.0],
                [0.878631, -0.359907, 0.313808, 0.0, 0.454021, 0.833233, -0.315578, 0.399999, -0.147896, 0.419753, 0.895506, -0.0, 0.0, 0.0, 0.0, 1.0]
            ]
        },
        {
            "name": "Shoulder_R",
            "time": [0.0, 0.0333, 0.0667, 0.1, 0.1333, 0.1667, 0.2, 0.2333, 0.2667, 0.3, 0.3333],
            "transform": [
                [-0.238065, 0.565404, 0.789712, 0.0, 0.531963, -0.604376, 0.593081, 0.4, 0.812611, 0.561288, -0.156895, 0.0, 0.0, 0.0, 0.0, 1.0],
                [-0.185128, 0.754054, 0.630181, 0.0, 0.563856, -0.4437, 0.696561, 0.4, 0.804857, 0.484284, -0.343037, 0.0, 0.0, 0.0, 0.0, 1.0],
                [-0.091582, 0.832245, 0.546792, -0.0, 0.619422, -0.382328, 0.685668, 0.4, 0.779697, 0.401491, -0.480496, -0.0, 0.0, 0.0, 0.0, 1.0],
                [0.011566, 0.892379, 0.45114, -0.0, 0.682304, -0.336862, 0.648832, 0.4, 0.730977, 0.300312, -0.612767, 0.0, 0.0, 0.0, 0.0, 1.0],
                [0.122918, 0.921188, 0.369198, 0.0, 0.671155, -0.351208, 0.652841, 0.4, 0.731055, 0.167544, -0.661426, 0.0, 0.0, 0.0, 0.0, 1.0],
                [0.009486, 0.94452, 0.328325, 0.0, 0.576119, -0.273531, 0.770237, 0.4, 0.817309, 0.181849, -0.546749, 0.0, 0.0, 0.0, 0.0, 1.0],
                [-0.36132, 0.894929, 0.261827, 0.0, 0.288347, -0.159797, 0.944095, 0.4, 0.886739, 0.41662, -0.20031, 0.0, 0.0, 0.0, 0.0, 1.0],
                [-0.55655, 0.81276, 0.172268, -0.0, 0.011998, -0.199465, 0.979828, 0.4, 0.830729, 0.547393, 0.101261, 0.0, 0.0, 0.0, 0.0, 1.0],
                [-0.611386, 0.763933, 0.206437, 0.0, 0.008749, -0.254332, 0.967074, 0.4, 0.791289, 0.593061, 0.14881, 0.0, 0.0, 0.0, 0.0, 1.0],
                [-0.590355, 0.735599, 0.332229, -0.0, 0.17221, -0.287343, 0.942217, 0.4, 0.788562, 0.613456, 0.042956, 0.0, 0.0, 0.0, 0.0, 1.0],
                [-0.522785, 0.708274, 0.474388, 0.0, 0.335088, -0.34096, 0.878327, 0.399999, 0.783848, 0.618138, -0.059085, -0.0, 0.0, 0.0, 0.0, 1.0]
            ]
        },
        {
            "name": "Arm_R",
            "time": [0.0, 0.0333, 0.0667, 0.1, 0.1333, 0.1667, 0.2, 0.2333, 0.2667, 0.3, 0.3333],
            "transform": [
                [0.70281, -0.32369, -0.633469, -0.0, 0.361561, 0.929428, -0.073778, 0.393861, 0.612645, -0.177187, 0.770239, 0.0, 0.0, 0.0, 0.0, 1.0],
                [0.75244, -0.244287, -0.611684, -0.0, 0.148659, 0.967705, -0.2036, 0.39386, 0.641664, 0.062265, 0.764453, -0.0, 0.0, 0.0, 0.0, 1.0],
                [0.55806, -0.25289, -0.790326, -0.0, 0.189047, 0.966133, -0.175654, 0.39386, 0.807978, -0.051383, 0.586967, -0.0, 0.0, 0.0, 0.0, 1.0],
                [0.379419, -0.287838, -0.879313, -0.0, 0.305714, 0.936004, -0.174479, 0.39386, 0.873257, -0.202619, 0.443132, 0.0, 0.0, 0.0, 0.0, 1.0],
                [0.228915, -0.37905, -0.896616, 0.0, 0.454231, 0.856248, -0.246011, 0.39386, 0.86097, -0.350958, 0.368183, 0.0, 0.0, 0.0, 0.0, 1.0],
                [0.046145, -0.313371, -0.94851, -0.0, 0.534406, 0.809965, -0.241598, 0.39386, 0.843967, -0.495742, 0.204843, 0.0, 0.0, 0.0, 0.0, 1.0],
                [-0.274002, 0.005034, -0.961716, -0.0, 0.545819, 0.824151, -0.151196, 0.393861, 0.791836, -0.566352, -0.228567, 0.0, 0.0, 0.0, 0.0, 1.0],
                [-0.498999, 0.192357, -0.844986, -0.0, 0.5771, 0.801162, -0.158423, 0.393861, 0.646494, -0.566695, -0.510788, 0.0, 0.0, 0.0, 0.0, 1.0],
                [-0.510583, 0.247213, -0.823523, -0.0, 0.605451, 0.78344, -0.140201, 0.393861, 0.610519, -0.57019, -0.549684, -0.0, 0.0, 0.0, 0.0, 1.0],
                [-0.373066, 0.224595, -0.900211, 0.0, 0.590823, 0.805611, -0.043858, 0.393861, 0.715366, -0.54823, -0.43324, 0.0, 0.0, 0.0, 0.0, 1.0],
                [-0.201936, 0.207905, -0.957078, -0.0, 0.545748, 0.835325, 0.066307, 0.39386, 0.813254, -0.508935, -0.282145, 0.0, 0.0, 0.0, 0.0, 1.0]
            ]
        },
        {
            "name": "Hand_R",
            "time": [0.0, 0.0333, 0.0667, 0.1, 0.1333, 0.1667, 0.2, 0.2333, 0.2667, 0.3, 0.3333],
            "transform": [
                [0.999997, 0.001886, 0.000511, -0.0, -0.000512, 0.50513, -0.863042, 0.3, -0.001886, 0.863042, 0.505129, 0.0, 0.0, 0.0, 0.0, 1.0],
                [0.999997, 0.001879, 0.000542, 0.0, -0.000543, 0.533221, -0.845975, 0.3, -0.001879, 0.845975, 0.53322, 0.0, 0.0, 0.0, 0.0, 1.0],
                [0.999998, 0.00193, 0.000308, 0.0, -0.000308, 0.311107, -0.950373, 0.3, -0.00193, 0.950375, 0.311106, 0.0, 0.0, 0.0, 0.0, 1.0],
                [0.999997, 0.001928, 0.000357, -0.0, -0.000358, 0.358535, -0.933514, 0.3, -0.001928, 0.933516, 0.358534, -0.0, 0.0, 0.0, 0.0, 1.0],
                [0.999997, 0.001785, 0.000861, 0.0, -0.00086, 0.782195, -0.623035, 0.3, -0.001785, 0.623034, 0.782193, 0.0, 0.0, 0.0, 0.0, 1.0],
                [0.999998, 0.001819, 0.000838, -0.0, -0.000838, 0.760223, -0.649662, 0.3, -0.001819, 0.64966, 0.760223, -0.0, 0.0, 0.0, 0.0, 1.0],
                [0.999998, 0.001952, 0.000198, 0.0, -0.000196, 0.199702, -0.979857, 0.3, -0.001952, 0.979854, 0.199702, -0.0, 0.0, 0.0, 0.0, 1.0],
                [0.999998, 0.001952, 0.000106, 0.0, -0.000106, 0.108088, -0.994141, 0.3, -0.001952, 0.99414, 0.108088, 0.0, 0.0, 0.0, 0.0, 1.0],
                [0.999997, 0.001945, 0.000192, 0.0, -0.000192, 0.195316, -0.980739, 0.3, -0.001945, 0.980742, 0.195315, 0.0, 0.0, 0.0, 0.0, 1.0],
                [0.999998, 0.001941, 0.000224, -0.0, -0.000223, 0.227533, -0.973768, 0.3, -0.001941, 0.97377, 0.227533, -0.0, 0.0, 0.0, 0.0, 1.0],
                [0.999997, 0.00194, 0.000244, -0.0, -0.000243, 0.247378, -0.968918, 0.3, -0.00194, 0.968918, 0.247378, -0.0, 0.0, 0.0, 0.0, 1.0]
            ]
        },
        {
            "name": "Tool_R",
            "time": [0.0, 0.0333, 0.0667, 0.1, 0.1333, 0.1667, 0.2, 0.2333, 0.2667, 0.3, 0.3333],
            "transform": [
                [0.705757, 0.463537, -0.535512, -0.002553, -0.313186, -0.473604, -0.823418, 0.272241, -0.634236, 0.748787, -0.189082, 0.025042, 0.0, 0.0, 0.0, 1.0],
                [0.730598, 0.517075, -0.445582, -0.002553, -0.163057, -0.501636, -0.849853, 0.272241, -0.661858, 0.693536, -0.282163, 0.025042, 0.0, 0.0, 0.0, 1.0],
                [0.829682, 0.288244, -0.477554, -0.002552, -0.203399, -0.640843, -0.740484, 0.272241, -0.518716, 0.711484, -0.472935, 0.025042, 0.0, 0.0, 0.0, 1.0],
                [0.895526, 0.100217, -0.433101, -0.002553, -0.165883, -0.828527, -0.535056, 0.272241, -0.411966, 0.550805, -0.725171, 0.025042, 0.0, 0.0, 0.0, 1.0],
                [0.901963, 0.050527, -0.428444, -0.002553, 0.02239, -0.997208, -0.070501, 0.27224, -0.430303, 0.053947, -0.900669, 0.025042, 0.0, 0.0, 0.0, 1.0],
                [0.882964, 0.148107, -0.445117, -0.002552, 0.159785, -0.987028, -0.011322, 0.272241, -0.440505, -0.061094, -0.895252, 0.025042, 0.0, 0.0, 0.0, 1.0],
                [0.890697, 0.179619, -0.417201, -0.002552, 0.064838, -0.959337, -0.274713, 0.272241, -0.449059, 0.217485, -0.866147, 0.025042, 0.0, 0.0, 0.0, 1.0],
                [0.921068, 0.022454, -0.388201, -0.002553, -0.079163, -0.96654, -0.244012, 0.272241, -0.380228, 0.255313, -0.888532, 0.025041, 0.0, 0.0, 0.0, 1.0],
                [0.899006, -0.091047, -0.427898, -0.002553, -0.227562, -0.932623, -0.280143, 0.27224, -0.373105, 0.34902, -0.859159, 0.025041, 0.0, 0.0, 0.0, 1.0],
                [0.863921, -0.038421, -0.501753, -0.002553, -0.342729, -0.774892, -0.531324, 0.27224, -0.367939, 0.630838, -0.682401, 0.025041, 0.0, 0.0, 0.0, 1.0],
                [0.836532, 0.061082, -0.54405, -0.002552, -0.441186, -0.513042, -0.736321, 0.27224, -0.323689, 0.856121, -0.401963, 0.025042, 0.0, 0.0, 0.0, 1.0]
            ]
        },
        {
            "name": "Elbow_R",
            "time": [0.0, 0.3333],
            "transform": [
                [-1.0, 0.0, -0.0, -0.0, 0.0, -0.0, -1.0, 0.3, -0.0, -1.0, 0.0, 0.0, 0.0, 0.0, 0.0, 1.0],
                [-1.0, 0.0, -0.0, -0.0, 0.0, -0.0, -1.0, 0.3, -0.0, -1.0, 0.0, -0.0, 0.0, 0.0, 0.0, 1.0]
            ]
        },
        {
            "name": "Shoulder_L",
            "time": [0.0, 0.0333, 0.0667, 0.1, 0.1333, 0.1667, 0.2, 0.2333, 0.2667, 0.3, 0.3333],
            "transform": [
                [0.176485, -0.97001, -0.167131, 0.0, -0.72154, -0.242985, 0.648335, 0.4, -0.669503, 0.00617, -0.742784, 0.0, 0.0, 0.0, 0.0, 1.0],
                [0.092077, -0.943252, -0.319052, 0.0, -0.688988, -0.29168, 0.66349, 0.4, -0.718904, 0.15873, -0.676745, 0.0, 0.0, 0.0, 0.0, 1.0],
                [0.043834, -0.83664, -0.545993, -0.0, -0.732533, -0.398533, 0.551877, 0.4, -0.679321, 0.375765, -0.630337, -0.0, 0.0, 0.0, 0.0, 1.0],
                [0.001204, -0.714101, -0.700041, -0.0, -0.778924, -0.439675, 0.447172, 0.4, -0.627117, 0.544737, -0.556764, 0.0, 0.0, 0.0, 0.0, 1.0],
                [-0.008739, -0.629298, -0.777116, 0.0, -0.795171, -0.466842, 0.386991, 0.4, -0.606323, 0.621316, -0.496324, 0.0, 0.0, 0.0, 0.0, 1.0],
                [0.015791, -0.59121, -0.806366, 0.0, -0.720843, -0.565609, 0.400587, 0.4, -0.692918, 0.57493, -0.435107, 0.0, 0.0, 0.0, 0.0, 1.0],
                [0.066717, -0.570608, -0.81851, 0.0, -0.505962, -0.726382, 0.465153, 0.4, -0.859973, 0.383097, -0.337172, 0.0, 0.0, 0.0, 0.0, 1.0],
                [0.117285, -0.553255, -0.824716, -0.0, -0.282689, -0.814681, 0.506335, 0.4, -0.952016, 0.17375, -0.251952, 0.0, 0.0, 0.0, 0.0, 1.0],
                [0.152444, -0.596966, -0.787651, 0.0, -0.239844, -0.795479, 0.556492, 0.4, -0.95877, 0.104078, -0.264447, 0.0, 0.0, 0.0, 0.0, 1.0],
                [0.163696, -0.702121, -0.692986, -0.0, -0.324094, -0.701742, 0.634445, 0.4, -0.931754, 0.120735, -0.342429, 0.0, 0.0, 0.0, 0.0, 1.0],
                [0.146268, -0.805345, -0.574475, 0.0, -0.402789, -0.578884, 0.708981, 0.399999, -0.903533, 0.127689, -0.409058, -0.0, 0.0, 0.0, 0.0, 1.0]
            ]
        },
        {
            "name": "Arm_L",
            "time": [0.0, 0.0333, 0.0667, 0.1, 0.1333, 0.1667, 0.2, 0.2333, 0.2667, 0.3, 0.3333],
            "transform": [
                [-0.11903, -0.121797, 0.985391, 0.0, -0.662676, 0.748803, 0.012507, 0.39386, -0.739387, -0.651508, -0.169842, 0.0, 0.0, 0.0, 0.0, 1.0],
                [-0.391996, -0.067253, 0.917505, -0.0, -0.595882, 0.778401, -0.197529, 0.39386, -0.700901, -0.624157, -0.345204, 0.0, 0.0, 0.0, 0.0, 1.0],
                [-0.475868, 0.023794, 0.879195, 0.0, -0.471171, 0.837194, -0.277681, 0.39386, -0.742662, -0.546391, -0.387182, 0.0, 0.0, 0.0, 0.0, 1.0],
                [-0.432084, 0.093244, 0.896999, 0.0, -0.382514, 0.88179, -0.275919, 0.39386, -0.816693, -0.462336, -0.345339, -0.0, 0.0, 0.0, 0.0, 1.0],
                [-0.281196, 0.12754, 0.951136, -0.0, -0.346776, 0.910654, -0.224632, 0.39386, -0.894805, -0.392998, -0.211843, 0.0, 0.0, 0.0, 0.0, 1.0],
                [-0.156785, 0.130435, 0.97898, -0.0, -0.337384, 0.924538, -0.177212, 0.39386, -0.92822, -0.358077, -0.100946, -0.0, 0.0, 0.0, 0.0, 1.0],
                [-0.054906, 0.102767, 0.993187, 0.0, -0.357965, 0.926546, -0.11566, 0.39386, -0.932119, -0.361879, -0.014085, 0.0, 0.0, 0.0, 0.0, 1.0],
                [0.077785, 0.061748, 0.995054, -0.0, -0.393178, 0.919087, -0.026299, 0.39386, -0.916168, -0.389188, 0.095769, -0.0, 0.0, 0.0, 0.0, 1.0],
                [0.217305, 0.013806, 0.976004, 0.0, -0.440796, 0.893527, 0.085503, 0.39386, -0.870906, -0.448801, 0.200253, -0.0, 0.0, 0.0, 0.0, 1.0],
                [0.313479, -0.052295, 0.948153, -0.0, -0.494229, 0.843605, 0.20993, 0.39386, -0.810844, -0.534415, 0.238606, 0.0, 0.0, 0.0, 0.0, 1.0],
                [0.402465, -0.108432, 0.90899, -0.0, -0.535434, 0.777517, 0.329817, 0.39386, -0.742519, -0.619444, 0.254865, 0.0, 0.0, 0.0, 0.0, 1.0]
            ]
        },
        {
            "name": "Hand_L",
            "time": [0.0, 0.0333, 0.0667, 0.1, 0.1333, 0.1667, 0.2, 0.2333, 0.2667, 0.3, 0.3333],
            "transform": [
                [0.999997, 0.001793, 0.000776, -0.0, -0.000776, 0.729315, -0.684178, 0.3, -0.001793, 0.684178, 0.729313, -0.0, 0.0, 0.0, 0.0, 1.0],
                [0.999998, 0.001718, 0.000931, 0.0, -0.000931, 0.837772, -0.546021, 0.3, -0.001718, 0.546023, 0.837766, 0.0, 0.0, 0.0, 0.0, 1.0],
                [0.999998, 0.001648, 0.001052, 0.0, -0.001051, 0.906935, -0.421276, 0.3, -0.001648, 0.421279, 0.906926, -0.0, 0.0, 0.0, 0.0, 1.0],
                [0.999998, 0.001613, 0.001102, -0.0, -0.001102, 0.931794, -0.362988, 0.3, -0.001613, 0.362987, 0.931791, -0.0, 0.0, 0.0, 0.0, 1.0],
                [0.999999, 0.001617, 0.001098, -0.0, -0.001098, 0.929685, -0.368356, 0.3, -0.001616, 0.368355, 0.929682, 0.0, 0.0, 0.0, 0.0, 1.0],
                [0.999999, 0.001626, 0.001083, 0.0, -0.001084, 0.923005, -0.384792, 0.300001, -0.001626, 0.384793, 0.922998, 0.0, 0.0, 0.0, 0.0, 1.0],
                [0.999998, 0.00164, 0.001063, 0.0, -0.001063, 0.91276, -0.408498, 0.3, -0.00164, 0.408497, 0.912756, 0.0, 0.0, 0.0, 0.0, 1.0],
                [0.999999, 0.001657, 0.001037, 0.0, -0.001037, 0.899557, -0.436804, 0.3, -0.001657, 0.436804, 0.899553, 0.0, 0.0, 0.0, 0.0, 1.0],
                [0.999998, 0.001674, 0.00101, -0.0, -0.00101, 0.884602, -0.466346, 0.3, -0.001674, 0.466346, 0.884599, 0.0, 0.0, 0.0, 0.0, 1.0],
                [0.999999, 0.00169, 0.000982, 0.0, -0.000982, 0.868679, -0.495373, 0.3, -0.00169, 0.49537, 0.868679, -0.0, 0.0, 0.0, 0.0, 1.0],
                [0.999998, 0.001705, 0.000952, 0.0, -0.000953, 0.851819, -0.523836, 0.3, -0.001704, 0.523836, 0.851816, 0.0, 0.0, 0.0, 0.0, 1.0]
            ]
        },
        {
            "name": "Tool_L",
            "time": [0.0, 0.0333, 0.0667, 0.1, 0.1333, 0.1667, 0.2, 0.2333, 0.2667, 0.3, 0.3333],
            "transform": [
                [-0.197825, 0.037217, -0.979312, 0.002305, -0.115019, 0.991384, 0.060873, 0.2723, 0.973259, 0.124589, -0.191635, 0.022613, 0.0, 0.0, 0.0, 1.0],
                [-0.5087, -0.142907, -0.848849, 0.002058, -0.147431, 0.98604, -0.077649, 0.27236, 0.848027, 0.08561, -0.522078, 0.020185, 0.0, 0.0, 0.0, 1.0],
                [-0.70464, -0.28314, -0.650626, 0.00181, -0.219895, 0.958977, -0.17915, 0.27242, 0.674523, 0.016835, -0.73721, 0.017757, 0.0, 0.0, 0.0, 1.0],
                [-0.748098, -0.354397, -0.561126, 0.001562, -0.279083, 0.935046, -0.218581, 0.27248, 0.602031, -0.006904, -0.797655, 0.015329, 0.0, 0.0, 0.0, 1.0],
                [-0.697458, -0.378609, -0.60854, 0.001315, -0.309064, 0.92483, -0.221412, 0.27254, 0.646593, 0.033635, -0.761345, 0.012901, 0.0, 0.0, 0.0, 1.0],
                [-0.62629, -0.390113, -0.674992, 0.001067, -0.33395, 0.91645, -0.220061, 0.2726, 0.704455, 0.087527, -0.703588, 0.010472, 0.0, 0.0, 0.0, 1.0],
                [-0.53602, -0.388185, -0.749624, 0.000821, -0.354819, 0.90922, -0.217349, 0.27266, 0.766003, 0.149354, -0.6245, 0.008044, 0.0, 0.0, 0.0, 1.0],
                [-0.429451, -0.374002, -0.821894, 0.000572, -0.373887, 0.902029, -0.215307, 0.272719, 0.822029, 0.21464, -0.526689, 0.005616, 0.0, 0.0, 0.0, 1.0],
                [-0.313076, -0.348591, -0.883264, 0.000325, -0.391767, 0.89461, -0.214384, 0.27278, 0.865151, 0.278641, -0.41622, 0.003188, 0.0, 0.0, 0.0, 1.0],
                [-0.194164, -0.317047, -0.928095, 7.7e-05, -0.410266, 0.885645, -0.216868, 0.272839, 0.891101, 0.338281, -0.301717, 0.00076, 0.0, 0.0, 0.0, 1.0],
                [-0.073689, -0.278738, -0.957321, 7.8e-05, -0.428058, 0.875898, -0.222141, 0.27284, 0.900702, 0.39301, -0.183678, 0.00076, 0.0, 0.0, 0.0, 1.0]
            ]
        },
        {
            "name": "Elbow_L",
            "time": [0.0, 0.3333],
            "transform": [
                [-1.0, 0.0, -0.0, -0.0, 0.0, -0.0, -1.0, 0.3, -0.0, -1.0, -0.0, -0.0, 0.0, 0.0, 0.0, 1.0],
                [-1.0, 0.0, -0.0, 0.0, 0.0, -0.0, -1.0, 0.3, -0.0, -1.0, -0.0, 0.0, 0.0, 0.0, 0.0, 1.0]
            ]
        }
    ]
}