{
    "animation": [
        {
            "name": "Root",
            "time": [0.0, 0.0333, 0.0667, 0.1, 0.1333, 0.1667, 0.2, 0.2333, 0.2667, 0.3, 0.3333, 0.3667, 0.4, 0.4333, 0.4667, 0.5, 0.5333, 0.5667, 0.6, 0.6333, 0.6667, 0.7, 0.7333, 0.7667, 0.8, 0.8333, 0.8667, 0.9, 0.9333, 0.9667, 1.0, 1.0333, 1.0667, 1.1, 1.1333, 1.1667, 1.2, 1.2333, 1.2667, 1.3, 1.3333, 1.3667, 1.4, 1.4333, 1.4667, 1.5, 1.5333, 1.5667, 1.6, 1.6333, 1.6667, 1.7, 1.7333, 1.7667, 1.8, 1.8333, 1.8667, 1.9, 1.9333, 1.9667, 2.0, 2.0333, 2.0667, 2.1, 2.1333, 2.1667, 2.2, 2.2333, 2.2667, 2.3, 2.3333, 2.3667, 2.4, 2.4333, 2.4667, 2.5, 2.5333, 3.0],
            "transform": [
                [-0.006064, -0.322663, -0.946495, 0.370871, -0.877843, 0.455021, -0.149495, -0.165412, 0.478911, 0.829966, -0.286007, 0.477489, 0.0, 0.0, 0.0, 1.0],
                [0.069916, -0.424802, -0.902584, 0.178339, -0.868102, 0.419833, -0.26484, 0.09773, 0.491439, 0.80205, -0.339419, 0.449807, 0.0, 0.0, 0.0, 1.0],
                [0.146697, -0.506791, -0.849497, -0.082718, -0.847314, 0.378766, -0.372285, 0.352421, 0.510431, 0.774402, -0.373847, 0.422265, 0.0, 0.0, 0.0, 1.0],
                [0.2305, -0.552186, -0.801226, -0.281021, -0.809668, 0.347872, -0.472676, 0.539528, 0.539729, 0.757678, -0.366904, 0.394243, 0.0, 0.0, 0.0, 1.0],
                [0.312737, -0.56637, -0.762511, -0.480108, -0.772019, 0.316098, -0.551425, 0.720295, 0.553339, 0.761123, -0.338393, 0.366326, 0.0, 0.0, 0.0, 1.0],
                [0.386407, -0.536294, -0.750387, -0.702743, -0.761267, 0.273891, -0.587758, 0.939326, 0.520734, 0.798356, -0.302429, 0.334562, 0.0, 0.0, 0.0, 1.0],
                [0.448422, -0.481991, -0.752731, -0.939982, -0.761971, 0.234092, -0.603823, 1.187246, 0.467245, 0.844326, -0.262292, 0.302312, 0.0, 0.0, 0.0, 1.0],
                [0.491434, -0.430383, -0.757143, -1.199044, -0.765384, 0.201382, -0.611256, 1.479747, 0.415549, 0.879896, -0.230442, 0.27522, 0.0, 0.0, 0.0, 1.0],
                [0.522228, -0.349868, -0.777736, -1.45419, -0.775597, 0.184334, -0.603716, 1.786446, 0.354584, 0.918484, -0.175092, 0.254647, 0.0, 0.0, 0.0, 1.0],
                [0.543329, -0.198686, -0.815672, -1.68224, -0.794574, 0.191945, -0.576031, 2.076481, 0.271014, 0.961083, -0.053581, 0.246034, 0.0, 0.0, 0.0, 1.0],
                [0.541199, -0.009144, -0.840846, -1.882754, -0.820069, 0.215432, -0.530168, 2.366951, 0.185994, 0.976476, 0.109093, 0.242666, 0.0, 0.0, 0.0, 1.0],
                [0.49638, 0.190554, -0.846935, -2.043865, -0.859442, 0.245373, -0.448503, 2.658802, 0.122351, 0.950516, 0.285568, 0.239276, 0.0, 0.0, 0.0, 1.0],
                [0.419763, 0.366205, -0.830479, -2.176621, -0.902464, 0.265932, -0.338883, 2.969669, 0.09675, 0.891725, 0.442116, 0.238579, 0.0, 0.0, 0.0, 1.0],
                [0.312268, 0.469576, -0.825826, -2.290662, -0.939517, 0.281403, -0.195248, 3.327067, 0.140706, 0.836846, 0.529048, 0.247233, 0.0, 0.0, 0.0, 1.0],
                [0.212743, 0.545374, -0.810746, -2.37832, -0.957548, 0.281557, -0.061866, 3.70233, 0.194531, 0.789489, 0.582122, 0.249776, 0.0, 0.0, 0.0, 1.0],
                [0.162994, 0.621644, -0.766155, -2.439061, -0.968206, 0.250139, -0.00302, 4.062688, 0.189767, 0.742286, 0.642651, 0.226484, 0.0, 0.0, 0.0, 1.0],
                [0.13221, 0.671, -0.729576, -2.461249, -0.972176, 0.231375, 0.036626, 4.448039, 0.193382, 0.704431, 0.682921, 0.19662, 0.0, 0.0, 0.0, 1.0],
                [0.125309, 0.662408, -0.73859, -2.424963, -0.951182, 0.291853, 0.100373, 4.938625, 0.282047, 0.689955, 0.666644, 0.175498, 0.0, 0.0, 0.0, 1.0],
                [0.121886, 0.643378, -0.755785, -2.354542, -0.920699, 0.357724, 0.156038, 5.380631, 0.370753, 0.67683, 0.63596, 0.155191, 0.0, 0.0, 0.0, 1.0],
                [0.11666, 0.657799, -0.744106, -2.282799, -0.899016, 0.388354, 0.202363, 5.663092, 0.42209, 0.645355, 0.636678, 0.128643, 0.0, 0.0, 0.0, 1.0],
                [0.117395, 0.683877, -0.720091, -2.20923, -0.87632, 0.412471, 0.248864, 5.894977, 0.467209, 0.601813, 0.647718, 0.100675, 0.0, 0.0, 0.0, 1.0],
                [0.106788, 0.696322, -0.709742, -2.123653, -0.861572, 0.421096, 0.283502, 6.120053, 0.496278, 0.581217, 0.6449, 0.072821, 0.0, 0.0, 0.0, 1.0],
                [0.06547, 0.669577, -0.739852, -2.015886, -0.865405, 0.407225, 0.291966, 6.382159, 0.49678, 0.621155, 0.606117, 0.050593, 0.0, 0.0, 0.0, 1.0],
                [-0.019014, 0.533155, -0.845805, -1.882507, -0.91203, 0.337389, 0.233178, 6.716635, 0.409685, 0.77583, 0.479839, 0.036852, 0.0, 0.0, 0.0, 1.0],
                [-0.105265, 0.285823, -0.952484, -1.715631, -0.965047, 0.201806, 0.167212, 7.090945, 0.24001, 0.936792, 0.254589, 0.02984, 0.0, 0.0, 0.0, 1.0],
                [-0.182005, 0.079176, -0.980107, -1.498479, -0.976262, 0.104484, 0.189732, 7.447088, 0.117427, 0.991369, 0.05828, 0.025222, 0.0, 0.0, 0.0, 1.0],
                [-0.306028, -0.023409, -0.951737, -1.245418, -0.947605, 0.103701, 0.302149, 7.753471, 0.091623, 0.994332, -0.053918, 0.018577, 0.0, 0.0, 0.0, 1.0],
                [-0.446771, -0.068079, -0.892056, -0.970061, -0.888901, 0.146626, 0.434002, 8.038818, 0.101252, 0.986846, -0.126024, 0.012285, 0.0, 0.0, 0.0, 1.0],
                [-0.587891, -0.073368, -0.805608, -0.654564, -0.798889, 0.209165, 0.563941, 8.335575, 0.12713, 0.975124, -0.18158, 0.010034, 0.0, 0.0, 0.0, 1.0],
                [-0.702813, -0.059207, -0.708908, -0.281069, -0.695208, 0.268413, 0.666815, 8.676211, 0.1508, 0.961482, -0.229806, 0.016498, 0.0, 0.0, 0.0, 1.0],
                [-0.774554, 0.022053, -0.632125, 0.363618, -0.590662, 0.332251, 0.735343, 9.204603, 0.22624, 0.942933, -0.244321, 0.055301, 0.0, 0.0, 0.0, 1.0],
                [-0.83587, 0.110759, -0.537638, 0.952191, -0.470734, 0.359186, 0.805852, 9.687515, 0.282367, 0.92667, -0.248095, 0.098979, 0.0, 0.0, 0.0, 1.0],
                [-0.925142, 0.106639, -0.364339, 1.13718, -0.315793, 0.31646, 0.8945, 9.900143, 0.210687, 0.942593, -0.259095, 0.117335, 0.0, 0.0, 0.0, 1.0],
                [-0.985493, 0.059383, -0.158998, 1.179749, -0.138741, 0.257743, 0.956202, 10.013557, 0.097763, 0.964386, -0.245766, 0.127149, 0.0, 0.0, 0.0, 1.0],
                [-0.999912, 0.011477, -0.006828, 1.199899, -0.004066, 0.22536, 0.97427, 10.088395, 0.012721, 0.974207, -0.225294, 0.126623, 0.0, 0.0, 0.0, 1.0],
                [-0.998248, -0.02143, 0.055178, 1.240628, 0.04899, 0.224111, 0.973334, 10.149423, -0.033224, 0.974327, -0.222669, 0.113386, 0.0, 0.0, 0.0, 1.0],
                [-0.995451, -0.040274, 0.086362, 1.267475, 0.074582, 0.23482, 0.969175, 10.186151, -0.059312, 0.971203, -0.230748, 0.091284, 0.0, 0.0, 0.0, 1.0],
                [-0.994061, -0.052344, 0.095415, 1.284286, 0.079555, 0.248757, 0.965295, 10.206411, -0.074262, 0.96715, -0.243116, 0.06946, 0.0, 0.0, 0.0, 1.0],
                [-0.993139, -0.058395, 0.101326, 1.294901, 0.083042, 0.257938, 0.962588, 10.217962, -0.082346, 0.964394, -0.25132, 0.054886, 0.0, 0.0, 0.0, 1.0],
                [-0.992396, -0.059753, 0.107618, 1.302684, 0.088591, 0.260285, 0.96146, 10.22633, -0.085461, 0.96368, -0.253013, 0.047134, 0.0, 0.0, 0.0, 1.0],
                [-0.991613, -0.061082, 0.113905, 1.308628, 0.094127, 0.262656, 0.960288, 10.232067, -0.088574, 0.962954, -0.254704, 0.039426, 0.0, 0.0, 0.0, 1.0],
                [-0.991319, -0.05756, 0.11822, 1.31301, 0.099126, 0.263564, 0.959537, 10.235525, -0.086389, 0.962922, -0.255571, 0.032813, 0.0, 0.0, 0.0, 1.0],
                [-0.990995, -0.05403, 0.122529, 1.316103, 0.104126, 0.264444, 0.958766, 10.237031, -0.084204, 0.962885, -0.256437, 0.026233, 0.0, 0.0, 0.0, 1.0],
                [-0.991054, -0.051423, 0.12317, 1.318193, 0.105362, 0.265103, 0.958448, 10.236995, -0.081939, 0.962847, -0.257314, 0.021396, 0.0, 0.0, 0.0, 1.0],
                [-0.991105, -0.048847, 0.123801, 1.319528, 0.106584, 0.265749, 0.958133, 10.235727, -0.079701, 0.962803, -0.258179, 0.016638, 0.0, 0.0, 0.0, 1.0],
                [-0.991775, -0.047721, 0.118769, 1.320409, 0.101983, 0.266114, 0.958533, 10.233629, -0.077348, 0.962759, -0.259059, 0.014302, 0.0, 0.0, 0.0, 1.0],
                [-0.992418, -0.0466, 0.113734, 1.321103, 0.09738, 0.266495, 0.958906, 10.230989, -0.074995, 0.962709, -0.259937, 0.011975, 0.0, 0.0, 0.0, 1.0],
                [-0.993459, -0.050133, 0.102607, 1.321887, 0.085746, 0.265974, 0.96016, 10.228243, -0.075426, 0.962675, -0.259936, 0.012778, 0.0, 0.0, 0.0, 1.0],
                [-0.994363, -0.053659, 0.091466, 1.323034, 0.074102, 0.265404, 0.961286, 10.225665, -0.075858, 0.962642, -0.259932, 0.013579, 0.0, 0.0, 0.0, 1.0],
                [-0.995604, -0.059147, 0.072629, 1.324417, 0.05454, 0.264319, 0.962893, 10.224009, -0.07615, 0.96262, -0.259932, 0.018073, 0.0, 0.0, 0.0, 1.0],
                [-0.99656, -0.06716, 0.048587, 1.325679, 0.029097, 0.265433, 0.963692, 10.223309, -0.077618, 0.961787, -0.262566, 0.025825, 0.0, 0.0, 0.0, 1.0],
                [-0.996874, -0.076895, 0.018208, 1.326751, -0.002895, 0.265793, 0.964027, 10.222867, -0.078969, 0.960957, -0.265185, 0.036016, 0.0, 0.0, 0.0, 1.0],
                [-0.99616, -0.08672, -0.012141, 1.327569, -0.03488, 0.265782, 0.963403, 10.22204, -0.080319, 0.960124, -0.267786, 0.048161, 0.0, 0.0, 0.0, 1.0],
                [-0.994145, -0.097622, -0.04634, 1.328062, -0.070847, 0.264999, 0.961644, 10.220125, -0.081597, 0.959294, -0.270364, 0.060323, 0.0, 0.0, 0.0, 1.0],
                [-0.990594, -0.110645, -0.080515, 1.32816, -0.107135, 0.261055, 0.959362, 10.216473, -0.085129, 0.958961, -0.270454, 0.072515, 0.0, 0.0, 0.0, 1.0],
                [-0.985709, -0.123501, -0.114575, 1.327798, -0.143244, 0.256496, 0.955874, 10.21044, -0.088664, 0.958622, -0.270521, 0.084747, 0.0, 0.0, 0.0, 1.0],
                [-0.97953, -0.139343, -0.14529, 1.326911, -0.176339, 0.24576, 0.953158, 10.201324, -0.097109, 0.959262, -0.265301, 0.094814, 0.0, 0.0, 0.0, 1.0],
                [-0.972178, -0.154604, -0.175985, 1.325426, -0.209118, 0.234243, 0.949422, 10.188462, -0.105561, 0.959804, -0.260057, 0.102401, 0.0, 0.0, 0.0, 1.0],
                [-0.964341, -0.171338, -0.201725, 1.323281, -0.236653, 0.216909, 0.947074, 10.171194, -0.118514, 0.961037, -0.249722, 0.106676, 0.0, 0.0, 0.0, 1.0],
                [-0.956394, -0.190378, -0.221517, 1.31974, -0.25794, 0.194665, 0.946348, 10.14902, -0.137042, 0.962216, -0.235283, 0.106864, 0.0, 0.0, 0.0, 1.0],
                [-0.946736, -0.212569, -0.24188, 1.314464, -0.279043, 0.166697, 0.9457, 10.122355, -0.160706, 0.962822, -0.217134, 0.103399, 0.0, 0.0, 0.0, 1.0],
                [-0.936994, -0.235877, -0.257689, 1.307984, -0.293764, 0.132805, 0.946609, 10.091898, -0.18906, 0.962665, -0.19373, 0.097238, 0.0, 0.0, 0.0, 1.0],
                [-0.926464, -0.257968, -0.274079, 1.300822, -0.307339, 0.098131, 0.946528, 10.058353, -0.217278, 0.961156, -0.170199, 0.089171, 0.0, 0.0, 0.0, 1.0],
                [-0.914707, -0.281601, -0.289853, 1.293507, -0.318068, 0.059216, 0.946218, 10.022449, -0.249292, 0.957702, -0.143734, 0.081142, 0.0, 0.0, 0.0, 1.0],
                [-0.902167, -0.303794, -0.306278, 1.286566, -0.327331, 0.019633, 0.944707, 9.984859, -0.280983, 0.952535, -0.117153, 0.073143, 0.0, 0.0, 0.0, 1.0],
                [-0.889222, -0.322998, -0.323974, 1.280525, -0.335933, -0.019691, 0.941682, 9.946268, -0.310541, 0.946194, -0.090996, 0.06516, 0.0, 0.0, 0.0, 1.0],
                [-0.875727, -0.340632, -0.342161, 1.275911, -0.343116, -0.059501, 0.937409, 9.907418, -0.339671, 0.938311, -0.06477, 0.060148, 0.0, 0.0, 0.0, 1.0],
                [-0.862031, -0.353821, -0.362926, 1.27325, -0.352257, -0.096635, 0.930902, 9.86901, -0.364444, 0.930307, -0.041334, 0.058283, 0.0, 0.0, 0.0, 1.0],
                [-0.849451, -0.362925, -0.383041, 1.273072, -0.360657, -0.130561, 0.923517, 9.831728, -0.385177, 0.922626, -0.019987, 0.060544, 0.0, 0.0, 0.0, 1.0],
                [-0.841766, -0.363189, -0.399406, 1.278682, -0.362649, -0.167628, 0.916728, 9.792227, -0.399897, 0.916512, 0.009393, 0.071483, 0.0, 0.0, 0.0, 1.0],
                [-0.835179, -0.356714, -0.418608, 1.29117, -0.369319, -0.200238, 0.907475, 9.748704, -0.40753, 0.912501, 0.035493, 0.09243, 0.0, 0.0, 0.0, 1.0],
                [-0.829277, -0.344009, -0.440407, 1.307841, -0.38091, -0.228694, 0.895884, 9.703894, -0.408911, 0.91069, 0.058614, 0.119663, 0.0, 0.0, 0.0, 1.0],
                [-0.821861, -0.324585, -0.468178, 1.325553, -0.403302, -0.248932, 0.880558, 9.661582, -0.402361, 0.912511, 0.073682, 0.148733, 0.0, 0.0, 0.0, 1.0],
                [-0.808347, -0.298224, -0.507584, 1.34183, -0.443918, -0.257532, 0.858264, 9.623988, -0.386675, 0.919096, 0.075788, 0.176043, 0.0, 0.0, 0.0, 1.0],
                [-0.784307, -0.264483, -0.561171, 1.35658, -0.505714, -0.251366, 0.82527, 9.591601, -0.359329, 0.931055, 0.063396, 0.203265, 0.0, 0.0, 0.0, 1.0],
                [-0.74936, -0.222768, -0.623566, 1.371667, -0.581801, -0.22815, 0.780678, 9.56241, -0.316177, 0.947798, 0.04136, 0.232099, 0.0, 0.0, 0.0, 1.0],
                [-0.702567, -0.180977, -0.688222, 1.387065, -0.660754, -0.193167, 0.725322, 9.536074, -0.264209, 0.96433, 0.016132, 0.260884, 0.0, 0.0, 0.0, 1.0],
                [0.928941, 0.003811, -0.370211, 1.387066, -0.369709, -0.043502, -0.92813, 9.536077, -0.019642, 0.999045, -0.039002, 0.260884, 0.0, 0.0, 0.0, 1.0]
            ]
        },
        {
            "name": "Thigh_R",
            "time": [0.0, 0.0333, 0.0667, 0.1, 0.1333, 0.1667, 0.2, 0.2333, 0.2667, 0.3, 0.3333, 0.3667, 0.4, 0.4333, 0.4667, 0.5, 0.5333, 0.5667, 0.6, 0.6333, 0.6667, 0.7, 0.7333, 0.7667, 0.8, 0.8333, 0.8667, 0.9, 0.9333, 0.9667, 1.0, 1.0333, 1.0667, 1.1, 1.1333, 1.1667, 1.2, 1.2333, 1.2667, 1.3, 1.3333, 1.3667, 1.4, 1.4333, 1.4667, 1.5, 1.5333, 1.5667, 1.6, 1.6333, 1.6667, 1.7, 1.7333, 1.7667, 1.8, 1.8333, 1.8667, 1.9, 1.9333, 1.9667, 2.0, 2.0333, 2.0667, 2.1, 2.1333, 2.1667, 2.2, 2.2333, 2.2667, 2.3, 2.3333, 2.3667, 2.4, 2.4333, 2.4667, 2.5, 2.5333, 3.0],
            "transform": [
                [0.110861, -0.574636, -0.810875, -0.168641, -0.092328, -0.818348, 0.567284, 0.027089, -0.989517, 0.011978, -0.143778, -0.126849, 0.0, 0.0, 0.0, 1.0],
                [0.124854, -0.581332, -0.804035, -0.125944, -0.176054, -0.810503, 0.55866, 0.018166, -0.976422, 0.071804, -0.203541, -0.125821, 0.0, 0.0, 0.0, 1.0],
                [0.124243, -0.60989, -0.782685, -0.083246, -0.200557, -0.787948, 0.58216, 0.009243, -0.971776, 0.084644, -0.220215, -0.124793, 0.0, 0.0, 0.0, 1.0],
                [0.059193, -0.820485, -0.56859, -0.040549, -0.266932, -0.561854, 0.782986, 0.00032, -0.961901, 0.105426, -0.252272, -0.123765, 0.0, 0.0, 0.0, 1.0],
                [-0.005766, -0.948621, -0.31634, 0.002148, -0.275567, -0.302588, 0.912416, -0.008603, -0.961273, 0.092433, -0.259665, -0.122738, 0.0, 0.0, 0.0, 1.0],
                [-0.004819, -0.969569, -0.24474, 0.044845, -0.293888, -0.23256, 0.927118, -0.017526, -0.955835, 0.076392, -0.283825, -0.12171, 0.0, 0.0, 0.0, 1.0],
                [0.035899, -0.954044, -0.297482, 0.01583, -0.299953, -0.294232, 0.907446, -0.01296, -0.953286, 0.056653, -0.296733, -0.12229, 0.0, 0.0, 0.0, 1.0],
                [0.032571, -0.915549, -0.400872, -0.013185, -0.371721, -0.383407, 0.845473, -0.008394, -0.927779, 0.121473, -0.352818, -0.12287, 0.0, 0.0, 0.0, 1.0],
                [0.074661, -0.775233, -0.627243, -0.042201, -0.429707, -0.592613, 0.681293, -0.003828, -0.899882, 0.218662, -0.377369, -0.12345, 0.0, 0.0, 0.0, 1.0],
                [0.236961, -0.318751, -0.91774, -0.071215, -0.222724, -0.937308, 0.26804, 0.000738, -0.945645, 0.140888, -0.293099, -0.12403, 0.0, 0.0, 0.0, 1.0],
                [0.258712, 0.201512, -0.944701, -0.100231, 0.014286, -0.978689, -0.20485, 0.005304, -0.96585, 0.039502, -0.256077, -0.12461, 0.0, 0.0, 0.0, 1.0],
                [0.098049, 0.524559, -0.84571, -0.095273, 0.082701, -0.851157, -0.518353, 0.005333, -0.991741, -0.019116, -0.126836, -0.123874, 0.0, 0.0, 0.0, 1.0],
                [-0.11199, 0.598749, -0.793069, -0.090317, 0.182214, -0.772182, -0.608713, 0.005361, -0.976861, -0.212677, -0.022624, -0.123139, 0.0, 0.0, 0.0, 1.0],
                [0.001026, 0.302342, -0.9532, -0.08536, 0.346589, -0.894224, -0.283264, 0.005389, -0.938017, -0.330077, -0.105706, -0.122404, 0.0, 0.0, 0.0, 1.0],
                [0.24, -0.179331, -0.954067, -0.080403, 0.408409, -0.872932, 0.266818, 0.005418, -0.880682, -0.453685, -0.136264, -0.12167, 0.0, 0.0, 0.0, 1.0],
                [0.351272, -0.640016, -0.683363, -0.075445, 0.365426, -0.578266, 0.729433, 0.005447, -0.862022, -0.505942, 0.030749, -0.120935, 0.0, 0.0, 0.0, 1.0],
                [0.379051, -0.906199, -0.187384, -0.072999, 0.230156, -0.103809, 0.967604, -0.005182, -0.896306, -0.409891, 0.169218, -0.106901, 0.0, 0.0, 0.0, 1.0],
                [0.392117, -0.91937, 0.03148, -0.070554, 0.218513, 0.126325, 0.967625, -0.01581, -0.893594, -0.372537, 0.250429, -0.092869, 0.0, 0.0, 0.0, 1.0],
                [0.448941, -0.882028, 0.143077, -0.068107, 0.289365, 0.294993, 0.910632, -0.026439, -0.845418, -0.367414, 0.387663, -0.078836, 0.0, 0.0, 0.0, 1.0],
                [0.485947, -0.822983, 0.294194, -0.065661, 0.337631, 0.487247, 0.805355, -0.037067, -0.806144, -0.292028, 0.514642, -0.064803, 0.0, 0.0, 0.0, 1.0],
                [0.513309, -0.784348, 0.348295, -0.063215, 0.381443, 0.572062, 0.726117, -0.047695, -0.768779, -0.239867, 0.59283, -0.05077, 0.0, 0.0, 0.0, 1.0],
                [0.518543, -0.799943, 0.301996, -0.047792, 0.416421, 0.544732, 0.727916, -0.043722, -0.746801, -0.251697, 0.615582, -0.068991, 0.0, 0.0, 0.0, 1.0],
                [0.50025, -0.864967, 0.039681, -0.032368, 0.438891, 0.292795, 0.8495, -0.039748, -0.746414, -0.407541, 0.526099, -0.087213, 0.0, 0.0, 0.0, 1.0],
                [0.442765, -0.735203, -0.513257, -0.016944, 0.426724, -0.330661, 0.841768, -0.035775, -0.788592, -0.591717, 0.167323, -0.105433, 0.0, 0.0, 0.0, 1.0],
                [0.439838, -0.191925, -0.87733, -0.00152, 0.332331, -0.872768, 0.357537, -0.031802, -0.834326, -0.448822, -0.320094, -0.123655, 0.0, 0.0, 0.0, 1.0],
                [0.440934, 0.445318, -0.779276, 0.013905, 0.287916, -0.892528, -0.347127, -0.027829, -0.850107, -0.071306, -0.52176, -0.141876, 0.0, 0.0, 0.0, 1.0],
                [0.404489, 0.68425, -0.606787, 0.008413, 0.237812, -0.719353, -0.652668, 0.000257, -0.883085, 0.119695, -0.453694, -0.139353, 0.0, 0.0, 0.0, 1.0],
                [0.338365, 0.644166, -0.685974, 0.00292, 0.105555, -0.750349, -0.652559, 0.028343, -0.935079, 0.148394, -0.321887, -0.13683, 0.0, 0.0, 0.0, 1.0],
                [0.250193, 0.461419, -0.851175, -0.00257, -0.081691, -0.865936, -0.493437, 0.056429, -0.964744, 0.192987, -0.178958, -0.134307, 0.0, 0.0, 0.0, 1.0],
                [0.17219, 0.356981, -0.918105, -0.008062, -0.163093, -0.908829, -0.383965, 0.084515, -0.97147, 0.215851, -0.09827, -0.131787, 0.0, 0.0, 0.0, 1.0],
                [0.201442, 0.348773, -0.915303, -0.013554, 0.028113, -0.936131, -0.350524, 0.112601, -0.979097, 0.044878, -0.198381, -0.129263, 0.0, 0.0, 0.0, 1.0],
                [0.249646, 0.392753, -0.885112, -0.008777, 0.231771, -0.911719, -0.33919, 0.119004, -0.940191, -0.120465, -0.318636, -0.118928, 0.0, 0.0, 0.0, 1.0],
                [0.115765, 0.300295, -0.946796, -0.003998, 0.368646, -0.898112, -0.23978, 0.125405, -0.922334, -0.321274, -0.214673, -0.108593, 0.0, 0.0, 0.0, 1.0],
                [-0.051432, 0.137744, -0.989132, 0.000778, 0.494378, -0.857058, -0.145058, 0.131808, -0.867725, -0.496466, -0.024017, -0.098258, 0.0, 0.0, 0.0, 1.0],
                [-0.144515, -0.035249, -0.988875, 0.005556, 0.561322, -0.825924, -0.052592, 0.13821, -0.814882, -0.562678, 0.139145, -0.087924, 0.0, 0.0, 0.0, 1.0],
                [-0.164896, -0.144761, -0.97563, 0.010333, 0.575359, -0.817548, 0.02406, 0.144611, -0.801107, -0.557369, 0.218099, -0.07759, 0.0, 0.0, 0.0, 1.0],
                [-0.167165, -0.235577, -0.957371, 0.0119, 0.559258, -0.822355, 0.104703, 0.14694, -0.811965, -0.517914, 0.269217, -0.083199, 0.0, 0.0, 0.0, 1.0],
                [-0.162821, -0.323957, -0.931956, 0.013466, 0.521173, -0.83027, 0.197557, 0.149269, -0.837777, -0.453542, 0.304023, -0.088808, 0.0, 0.0, 0.0, 1.0],
                [-0.158544, -0.417103, -0.894925, 0.015032, 0.475697, -0.826524, 0.30095, 0.151597, -0.865206, -0.377997, 0.329454, -0.094421, 0.0, 0.0, 0.0, 1.0],
                [-0.160056, -0.50521, -0.848024, 0.016599, 0.433145, -0.807916, 0.399567, 0.153927, -0.887002, -0.303362, 0.348141, -0.100028, 0.0, 0.0, 0.0, 1.0],
                [-0.165812, -0.568248, -0.805978, 0.018166, 0.402942, -0.78499, 0.470559, 0.156255, -0.900084, -0.246736, 0.359132, -0.105637, 0.0, 0.0, 0.0, 1.0],
                [-0.174908, -0.56619, -0.805503, 0.020286, 0.406853, -0.786559, 0.464534, 0.152705, -0.896597, -0.246468, 0.367931, -0.104384, 0.0, 0.0, 0.0, 1.0],
                [-0.184609, -0.555224, -0.810952, 0.022407, 0.410604, -0.793242, 0.44963, 0.149154, -0.892934, -0.249973, 0.374417, -0.103131, 0.0, 0.0, 0.0, 1.0],
                [-0.194012, -0.548981, -0.813006, 0.024528, 0.414337, -0.797058, 0.439341, 0.145604, -0.889208, -0.251619, 0.382102, -0.101876, 0.0, 0.0, 0.0, 1.0],
                [-0.202052, -0.549369, -0.810783, 0.026648, 0.414946, -0.797898, 0.437237, 0.142053, -0.887133, -0.248083, 0.389175, -0.100621, 0.0, 0.0, 0.0, 1.0],
                [-0.208697, -0.552019, -0.807292, 0.028769, 0.414025, -0.797714, 0.438444, 0.138503, -0.886022, -0.242735, 0.395031, -0.099368, 0.0, 0.0, 0.0, 1.0],
                [-0.215332, -0.554628, -0.803754, 0.030138, 0.413113, -0.79752, 0.439655, 0.140116, -0.884859, -0.237367, 0.400857, -0.105355, 0.0, 0.0, 0.0, 1.0],
                [-0.216979, -0.552183, -0.804993, 0.031506, 0.411711, -0.799468, 0.437425, 0.141728, -0.885111, -0.23651, 0.400808, -0.111345, 0.0, 0.0, 0.0, 1.0],
                [-0.214053, -0.542628, -0.812241, 0.032875, 0.409867, -0.804665, 0.429557, 0.14334, -0.886678, -0.240961, 0.394647, -0.117334, 0.0, 0.0, 0.0, 1.0],
                [-0.205617, -0.527439, -0.824337, 0.034244, 0.40717, -0.81207, 0.418033, 0.144954, -0.889911, -0.249689, 0.381733, -0.12332, 0.0, 0.0, 0.0, 1.0],
                [-0.194033, -0.506466, -0.840145, 0.035613, 0.402406, -0.82214, 0.40268, 0.146566, -0.894666, -0.259944, 0.363328, -0.129308, 0.0, 0.0, 0.0, 1.0],
                [-0.179865, -0.48272, -0.857105, 0.038069, 0.395783, -0.833189, 0.386198, 0.142929, -0.900562, -0.269762, 0.340914, -0.124999, 0.0, 0.0, 0.0, 1.0],
                [-0.161412, -0.456058, -0.875191, 0.040525, 0.387969, -0.844739, 0.368638, 0.139292, -0.907432, -0.280042, 0.313287, -0.12069, 0.0, 0.0, 0.0, 1.0],
                [-0.142581, -0.428833, -0.892063, 0.04298, 0.380529, -0.855748, 0.350557, 0.135656, -0.913713, -0.289471, 0.285197, -0.116383, 0.0, 0.0, 0.0, 1.0],
                [-0.123412, -0.401104, -0.907682, 0.045437, 0.37348, -0.866193, 0.331992, 0.132018, -0.919395, -0.298027, 0.256703, -0.112074, 0.0, 0.0, 0.0, 1.0],
                [-0.103945, -0.372927, -0.92202, 0.047892, 0.366836, -0.876054, 0.312981, 0.128381, -0.924463, -0.305695, 0.227865, -0.107766, 0.0, 0.0, 0.0, 1.0],
                [-0.086265, -0.345725, -0.934363, 0.04998, 0.36334, -0.88418, 0.293613, 0.127573, -0.927657, -0.314161, 0.201889, -0.111139, 0.0, 0.0, 0.0, 1.0],
                [-0.068433, -0.318135, -0.945573, 0.052068, 0.360214, -0.891736, 0.273953, 0.126765, -0.930359, -0.321859, 0.175621, -0.114511, 0.0, 0.0, 0.0, 1.0],
                [-0.055209, -0.293737, -0.95429, 0.054156, 0.361705, -0.896715, 0.25509, 0.125957, -0.930658, -0.331087, 0.155753, -0.117886, 0.0, 0.0, 0.0, 1.0],
                [-0.045741, -0.277622, -0.959601, 0.056244, 0.370297, -0.896883, 0.241827, 0.125149, -0.927789, -0.344275, 0.143827, -0.121258, 0.0, 0.0, 0.0, 1.0],
                [-0.038766, -0.264695, -0.963554, 0.058332, 0.382705, -0.894685, 0.23038, 0.124341, -0.923059, -0.359825, 0.135983, -0.124631, 0.0, 0.0, 0.0, 1.0],
                [-0.035114, -0.254491, -0.966439, 0.055213, 0.398869, -0.890242, 0.219935, 0.121709, -0.916337, -0.377758, 0.132769, -0.12461, 0.0, 0.0, 0.0, 1.0],
                [-0.031161, -0.248358, -0.968168, 0.052093, 0.41704, -0.883523, 0.213223, 0.119077, -0.908356, -0.397118, 0.131107, -0.124588, 0.0, 0.0, 0.0, 1.0],
                [-0.029782, -0.245314, -0.968987, 0.048974, 0.43617, -0.875441, 0.208227, 0.116445, -0.899375, -0.416439, 0.13307, -0.124566, 0.0, 0.0, 0.0, 1.0],
                [-0.028469, -0.242239, -0.9698, 0.045855, 0.455111, -0.866942, 0.203188, 0.113814, -0.889983, -0.435579, 0.134927, -0.124543, 0.0, 0.0, 0.0, 1.0],
                [-0.027225, -0.239135, -0.970606, 0.042735, 0.473847, -0.858034, 0.198109, 0.111182, -0.880188, -0.454523, 0.136673, -0.124522, 0.0, 0.0, 0.0, 1.0],
                [-0.025497, -0.233904, -0.971926, 0.039616, 0.489229, -0.850778, 0.191915, 0.10855, -0.871784, -0.470599, 0.136125, -0.1245, 0.0, 0.0, 0.0, 1.0],
                [-0.023864, -0.228637, -0.97322, 0.036497, 0.504466, -0.84322, 0.185727, 0.105918, -0.863104, -0.486522, 0.135462, -0.124478, 0.0, 0.0, 0.0, 1.0],
                [-0.019703, -0.220997, -0.975076, 0.033377, 0.514357, -0.838545, 0.17966, 0.103286, -0.857351, -0.497996, 0.130193, -0.124456, 0.0, 0.0, 0.0, 1.0],
                [-0.013263, -0.218129, -0.975831, 0.030258, 0.520484, -0.834785, 0.179527, 0.100655, -0.853771, -0.505521, 0.124605, -0.124434, 0.0, 0.0, 0.0, 1.0],
                [-0.005845, -0.22106, -0.975244, 0.027139, 0.521133, -0.833027, 0.185701, 0.098022, -0.853456, -0.507145, 0.12007, -0.124412, 0.0, 0.0, 0.0, 1.0],
                [0.003196, -0.224755, -0.974411, 0.024019, 0.51537, -0.83467, 0.194213, 0.095391, -0.856964, -0.502801, 0.113164, -0.12439, 0.0, 0.0, 0.0, 1.0],
                [0.016418, -0.228399, -0.97343, 0.020901, 0.499253, -0.841636, 0.205897, 0.092759, -0.866304, -0.489365, 0.100211, -0.124369, 0.0, 0.0, 0.0, 1.0],
                [0.02884, -0.223244, -0.974335, 0.017782, 0.473346, -0.855473, 0.210021, 0.090127, -0.880408, -0.467253, 0.080999, -0.124347, 0.0, 0.0, 0.0, 1.0],
                [0.04546, -0.205678, -0.977564, 0.014662, 0.435051, -0.876825, 0.204714, 0.087495, -0.89926, -0.434595, 0.04962, -0.124325, 0.0, 0.0, 0.0, 1.0],
                [0.064033, -0.191648, -0.979374, 0.011543, 0.381831, -0.902005, 0.201473, 0.084864, -0.922012, -0.386855, 0.015419, -0.124303, 0.0, 0.0, 0.0, 1.0],
                [0.085003, -0.183687, -0.979303, 0.019696, 0.320219, -0.925682, 0.201424, 0.079279, -0.943524, -0.330712, -0.019866, -0.113147, 0.0, 0.0, 0.0, 1.0],
                [0.945483, 0.067158, 0.318674, 0.133847, 0.064694, -0.997738, 0.018325, 0.001085, 0.319184, 0.00329, -0.947688, 0.043037, 0.0, 0.0, 0.0, 1.0]
            ]
        },
        {
            "name": "Leg_R",
            "time": [0.0, 0.0333, 0.0667, 0.1, 0.1333, 0.1667, 0.2, 0.2333, 0.2667, 0.3, 0.3333, 0.3667, 0.4, 0.4333, 0.4667, 0.5, 0.5333, 0.5667, 0.6, 0.6333, 0.6667, 0.7, 0.7333, 0.7667, 0.8, 0.8333, 0.8667, 0.9, 0.9333, 0.9667, 1.0, 1.0333, 1.0667, 1.1, 1.1333, 1.1667, 1.2, 1.2333, 1.2667, 1.3, 1.3333, 1.3667, 1.4, 1.4333, 1.4667, 1.5, 1.5333, 1.5667, 1.6, 1.6333, 1.6667, 1.7, 1.7333, 1.7667, 1.8, 1.8333, 1.8667, 1.9, 1.9333, 1.9667, 2.0, 2.0333, 2.0667, 2.1, 2.1333, 2.1667, 2.2, 2.2333, 2.2667, 2.3, 2.3333, 2.3667, 2.4, 2.4333, 2.4667, 2.5, 2.5333, 3.0],
            "transform": [
                [0.999982, -0.00194, 0.000252, 0.0, 0.000252, 0.255734, 0.966735, 0.37472, -0.00194, -0.966778, 0.255722, 0.0, 0.0, 0.0, 0.0, 1.0],
                [0.999997, -0.001951, 0.000144, -0.0, 0.000144, 0.146637, 0.989182, 0.37472, -0.001951, -0.989199, 0.146634, -0.0, 0.0, 0.0, 0.0, 1.0],
                [1.000011, -0.001955, 5.9e-05, 0.0, 5.8e-05, 0.05968, 0.998214, 0.37472, -0.001955, -0.998207, 0.05968, 0.0, 0.0, 0.0, 0.0, 1.0],
                [1.000008, -0.001953, -0.000135, 0.0, -0.000132, -0.135734, 0.990741, 0.37472, -0.001953, -0.990738, -0.135734, 0.0, 0.0, 0.0, 0.0, 1.0],
                [1.000008, -0.001949, -0.000173, -0.0, -0.000168, -0.173468, 0.984839, 0.37472, -0.00195, -0.984832, -0.173469, -0.0, 0.0, 0.0, 0.0, 1.0],
                [1.000005, -0.001955, -7.4e-05, -0.0, -6.8e-05, -0.072873, 0.997343, 0.37472, -0.001955, -0.997331, -0.072874, 0.0, 0.0, 0.0, 0.0, 1.0],
                [1.000007, -0.001955, 8e-05, 0.0, 8.5e-05, 0.084127, 0.996456, 0.37472, -0.001954, -0.996444, 0.084128, -0.0, 0.0, 0.0, 0.0, 1.0],
                [1.000007, -0.001956, 7.2e-05, 0.0, 7.6e-05, 0.075692, 0.99713, 0.37472, -0.001955, -0.997124, 0.075692, 0.0, 0.0, 0.0, 0.0, 1.0],
                [1.000009, -0.001955, 9.1e-05, 0.0, 9.4e-05, 0.094377, 0.995535, 0.37472, -0.001955, -0.995527, 0.094378, -0.0, 0.0, 0.0, 0.0, 1.0],
                [1.000012, -0.001925, 0.000336, 0.0, 0.000333, 0.337547, 0.941308, 0.37472, -0.001926, -0.941292, 0.337552, -0.0, 0.0, 0.0, 0.0, 1.0],
                [1.000012, -0.001812, 0.000731, 0.0, 0.000729, 0.693097, 0.720836, 0.37472, -0.001813, -0.720829, 0.693102, 0.0, 0.0, 0.0, 0.0, 1.0],
                [1.000012, -0.001692, 0.000979, -0.0, 0.000978, 0.866468, 0.49922, 0.37472, -0.001694, -0.499217, 0.866468, -0.0, 0.0, 0.0, 0.0, 1.0],
                [1.000013, -0.001673, 0.001015, -0.0, 0.001013, 0.886367, 0.46296, 0.37472, -0.001674, -0.462954, 0.886376, 0.0, 0.0, 0.0, 0.0, 1.0],
                [1.000013, -0.001914, 0.000409, 0.0, 0.000407, 0.407989, 0.912985, 0.37472, -0.001915, -0.91297, 0.407995, -0.0, 0.0, 0.0, 0.0, 1.0],
                [1.000014, -0.001946, -0.000167, -0.0, -0.000168, -0.17084, 0.985294, 0.37472, -0.001946, -0.985286, -0.170841, -0.0, 0.0, 0.0, 0.0, 1.0],
                [1.000013, -0.001879, -0.000532, 0.0, -0.000536, -0.52621, 0.850346, 0.37472, -0.001878, -0.850346, -0.526209, -0.0, 0.0, 0.0, 0.0, 1.0],
                [1.000009, -0.001866, -0.000583, -0.0, -0.000589, -0.572111, 0.820172, 0.37472, -0.001863, -0.820164, -0.572116, 0.0, 0.0, 0.0, 0.0, 1.0],
                [1.000009, -0.001842, -0.000653, 0.0, -0.000661, -0.633041, 0.774113, 0.37472, -0.00184, -0.774102, -0.633049, -0.0, 0.0, 0.0, 0.0, 1.0],
                [1.000007, -0.001812, -0.000735, 0.0, -0.000742, -0.699557, 0.714572, 0.37472, -0.001809, -0.71456, -0.699567, -0.0, 0.0, 0.0, 0.0, 1.0],
                [1.000005, -0.001845, -0.000651, -0.0, -0.00066, -0.631264, 0.775567, 0.37472, -0.001842, -0.775552, -0.631274, 0.0, 0.0, 0.0, 0.0, 1.0],
                [1.000006, -0.001911, -0.000425, -0.0, -0.000437, -0.429588, 0.903029, 0.37472, -0.001908, -0.903009, -0.429596, -0.0, 0.0, 0.0, 0.0, 1.0],
                [1.000005, -0.001945, -0.000231, 0.0, -0.000245, -0.2413, 0.970455, 0.37472, -0.001943, -0.970437, -0.241304, 0.0, 0.0, 0.0, 0.0, 1.0],
                [1.000005, -0.001906, -0.00044, -0.0, -0.000453, -0.444253, 0.895901, 0.37472, -0.001903, -0.895893, -0.444256, 0.0, 0.0, 0.0, 0.0, 1.0],
                [1.00001, -0.001898, -0.000457, 0.0, -0.000466, -0.459442, 0.888204, 0.37472, -0.001896, -0.888198, -0.459444, 1e-06, 0.0, 0.0, 0.0, 1.0],
                [1.000014, -0.001945, -0.00015, 1e-06, -0.000155, -0.155582, 0.987824, 0.37472, -0.001944, -0.987806, -0.155585, -0.0, 0.0, 0.0, 0.0, 1.0],
                [1.000013, -0.001856, 0.000599, -0.0, 0.000598, 0.584164, 0.811627, 0.37472, -0.001857, -0.811625, 0.584164, -1e-06, 0.0, 0.0, 0.0, 1.0],
                [1.000012, -0.001617, 0.001095, 1e-06, 0.001093, 0.928067, 0.372404, 0.37472, -0.001619, -0.372405, 0.928059, 0.0, 0.0, 0.0, 0.0, 1.0],
                [1.000014, -0.001683, 0.000991, 0.0, 0.000989, 0.873861, 0.486165, 0.37472, -0.001684, -0.486167, 0.873854, -0.0, 0.0, 0.0, 0.0, 1.0],
                [1.000015, -0.001848, 0.000634, 1e-06, 0.000632, 0.612643, 0.79035, 0.37472, -0.001849, -0.790349, 0.612642, 0.0, 0.0, 0.0, 0.0, 1.0],
                [1.000015, -0.001896, 0.000478, 0.0, 0.000476, 0.473003, 0.881054, 0.37472, -0.001897, -0.881048, 0.473005, -0.0, 0.0, 0.0, 0.0, 1.0],
                [1.000013, -0.001828, 0.000693, 0.0, 0.000691, 0.662035, 0.749464, 0.37472, -0.001829, -0.749458, 0.662039, 0.0, 0.0, 0.0, 0.0, 1.0],
                [1.00001, -0.001644, 0.001057, -1e-06, 0.001054, 0.909141, 0.416474, 0.37472, -0.001645, -0.416471, 0.909142, 0.0, 0.0, 0.0, 0.0, 1.0],
                [1.00001, -0.001667, 0.00102, -0.0, 0.001019, 0.889965, 0.456015, 0.374719, -0.001669, -0.456011, 0.889968, 0.0, 0.0, 0.0, 0.0, 1.0],
                [1.000008, -0.001722, 0.000928, -0.0, 0.000925, 0.834397, 0.551153, 0.37472, -0.001724, -0.551148, 0.834402, 0.0, 0.0, 0.0, 0.0, 1.0],
                [1.000008, -0.00177, 0.000836, 0.0, 0.000836, 0.772196, 0.635375, 0.37472, -0.00177, -0.635368, 0.772203, 0.0, 0.0, 0.0, 0.0, 1.0],
                [1.000008, -0.001805, 0.00076, -0.0, 0.000761, 0.715414, 0.698694, 0.37472, -0.001804, -0.698685, 0.715422, 0.0, 0.0, 0.0, 0.0, 1.0],
                [1.000007, -0.001837, 0.000677, -0.0, 0.000679, 0.649434, 0.760414, 0.37472, -0.001837, -0.760404, 0.649441, 0.0, 0.0, 0.0, 0.0, 1.0],
                [1.000008, -0.001866, 0.000593, -0.0, 0.000596, 0.578485, 0.81569, 0.37472, -0.001865, -0.815678, 0.578492, -0.0, 0.0, 0.0, 0.0, 1.0],
                [1.000007, -0.001889, 0.000516, -0.0, 0.000519, 0.509934, 0.860213, 0.374719, -0.001888, -0.8602, 0.509941, 0.0, 0.0, 0.0, 0.0, 1.0],
                [1.000007, -0.001906, 0.00045, -0.0, 0.000455, 0.449347, 0.893357, 0.37472, -0.001905, -0.893344, 0.449353, 0.0, 0.0, 0.0, 0.0, 1.0],
                [1.000006, -0.001915, 0.000406, -1e-06, 0.000411, 0.407998, 0.912983, 0.37472, -0.001914, -0.912971, 0.408003, -1e-06, 0.0, 0.0, 0.0, 1.0],
                [1.000008, -0.001916, 0.000406, 1e-06, 0.000411, 0.407998, 0.912983, 0.37472, -0.001915, -0.912968, 0.408004, 0.0, 0.0, 0.0, 0.0, 1.0],
                [1.000007, -0.001913, 0.000424, -0.0, 0.000428, 0.424421, 0.905465, 0.37472, -0.001912, -0.905451, 0.424427, -0.0, 0.0, 0.0, 0.0, 1.0],
                [1.000007, -0.00191, 0.000433, 0.0, 0.000438, 0.433297, 0.901251, 0.37472, -0.001909, -0.901237, 0.433302, 0.0, 0.0, 0.0, 0.0, 1.0],
                [1.000008, -0.001911, 0.000428, 1e-06, 0.000434, 0.429598, 0.903021, 0.37472, -0.00191, -0.903006, 0.429605, 1e-06, 0.0, 0.0, 0.0, 1.0],
                [1.000007, -0.001914, 0.000416, -0.0, 0.000421, 0.417331, 0.908755, 0.37472, -0.001913, -0.908742, 0.417336, -0.0, 0.0, 0.0, 0.0, 1.0],
                [1.000006, -0.001917, 0.000402, 0.0, 0.000408, 0.404987, 0.914323, 0.37472, -0.001916, -0.91431, 0.404992, -1e-06, 0.0, 0.0, 0.0, 1.0],
                [1.000008, -0.001918, 0.000394, 0.0, 0.0004, 0.396668, 0.917962, 0.37472, -0.001917, -0.917948, 0.396673, -1e-06, 0.0, 0.0, 0.0, 1.0],
                [1.000007, -0.001919, 0.000392, -1e-06, 0.000397, 0.39439, 0.918944, 0.37472, -0.001918, -0.91893, 0.394395, 0.0, 0.0, 0.0, 0.0, 1.0],
                [1.000007, -0.001919, 0.000396, 1e-06, 0.000402, 0.398943, 0.916976, 0.374721, -0.001917, -0.916963, 0.398948, 0.0, 0.0, 0.0, 0.0, 1.0],
                [1.000008, -0.001916, 0.000407, -1e-06, 0.000413, 0.409424, 0.912344, 0.37472, -0.001915, -0.912331, 0.409429, 0.0, 0.0, 0.0, 0.0, 1.0],
                [1.000009, -0.001914, 0.000419, 1e-06, 0.000424, 0.419851, 0.907592, 0.37472, -0.001913, -0.907578, 0.419857, -0.0, 0.0, 0.0, 0.0, 1.0],
                [1.000007, -0.001911, 0.00043, 1e-06, 0.000434, 0.430225, 0.902721, 0.37472, -0.001911, -0.902709, 0.43023, -0.0, 0.0, 0.0, 0.0, 1.0],
                [1.000008, -0.001908, 0.000441, 1e-06, 0.000445, 0.440541, 0.897732, 0.374721, -0.001907, -0.897719, 0.440547, 0.0, 0.0, 0.0, 0.0, 1.0],
                [1.000009, -0.001905, 0.000452, 0.0, 0.000455, 0.450797, 0.892625, 0.374721, -0.001905, -0.892612, 0.450803, 1e-06, 0.0, 0.0, 0.0, 1.0],
                [1.000009, -0.001904, 0.00046, -0.0, 0.000462, 0.457294, 0.889314, 0.37472, -0.001903, -0.889301, 0.4573, -0.0, 0.0, 0.0, 0.0, 1.0],
                [1.00001, -0.001903, 0.000462, 0.0, 0.000464, 0.459452, 0.888201, 0.37472, -0.001903, -0.888187, 0.459458, -0.0, 0.0, 0.0, 0.0, 1.0],
                [1.00001, -0.001904, 0.000459, -1e-06, 0.000461, 0.456574, 0.889684, 0.37472, -0.001903, -0.889669, 0.45658, 0.0, 0.0, 0.0, 0.0, 1.0],
                [1.00001, -0.001906, 0.000448, -0.0, 0.000449, 0.445717, 0.895173, 0.37472, -0.001906, -0.895159, 0.445723, -0.0, 0.0, 0.0, 0.0, 1.0],
                [1.000008, -0.001911, 0.000427, -0.0, 0.000429, 0.426643, 0.904419, 0.374719, -0.00191, -0.904407, 0.426648, 1e-06, 0.0, 0.0, 0.0, 1.0],
                [1.000009, -0.001917, 0.000397, 1e-06, 0.000399, 0.398186, 0.917304, 0.37472, -0.001917, -0.917292, 0.39819, -0.0, 0.0, 0.0, 0.0, 1.0],
                [1.000011, -0.001924, 0.00036, -0.0, 0.000361, 0.362035, 0.932164, 0.37472, -0.001924, -0.93215, 0.36204, 0.0, 0.0, 0.0, 0.0, 1.0],
                [1.00001, -0.001932, 0.000316, -1e-06, 0.000317, 0.319197, 0.947688, 0.37472, -0.001932, -0.947674, 0.319201, 0.0, 0.0, 0.0, 0.0, 1.0],
                [1.00001, -0.00194, 0.00027, 0.0, 0.00027, 0.272876, 0.962048, 0.374721, -0.00194, -0.962035, 0.272879, 0.0, 0.0, 0.0, 0.0, 1.0],
                [1.000009, -0.001945, 0.000222, -1e-06, 0.000223, 0.225913, 0.974147, 0.37472, -0.001945, -0.974135, 0.225915, 0.0, 0.0, 0.0, 0.0, 1.0],
                [1.000009, -0.00195, 0.000178, -1e-06, 0.000178, 0.181452, 0.983399, 0.37472, -0.00195, -0.983388, 0.181453, 0.0, 0.0, 0.0, 0.0, 1.0],
                [1.000009, -0.001953, 0.000139, -1e-06, 0.00014, 0.142095, 0.989852, 0.37472, -0.001953, -0.989842, 0.142097, 0.0, 0.0, 0.0, 0.0, 1.0],
                [1.00001, -0.001955, 0.000107, 0.0, 0.000107, 0.109206, 0.994018, 0.37472, -0.001955, -0.994007, 0.109207, -1e-06, 0.0, 0.0, 0.0, 1.0],
                [1.000011, -0.001956, 8.1e-05, -0.0, 8.2e-05, 0.083199, 0.996532, 0.37472, -0.001956, -0.99652, 0.0832, 0.0, 0.0, 0.0, 0.0, 1.0],
                [1.00001, -0.001956, 6.1e-05, 0.0, 6.1e-05, 0.062503, 0.998044, 0.37472, -0.001957, -0.998032, 0.062503, 0.0, 0.0, 0.0, 0.0, 1.0],
                [1.00001, -0.001957, 5.1e-05, -0.0, 5.1e-05, 0.052067, 0.998642, 0.37472, -0.001957, -0.998632, 0.052068, 0.0, 0.0, 0.0, 0.0, 1.0],
                [1.00001, -0.001957, 5.7e-05, 0.0, 5.8e-05, 0.058794, 0.998269, 0.37472, -0.001957, -0.998258, 0.058794, -0.0, 0.0, 0.0, 0.0, 1.0],
                [1.000011, -0.001956, 7.6e-05, 1e-06, 7.6e-05, 0.077577, 0.996987, 0.37472, -0.001956, -0.996972, 0.077578, 1e-06, 0.0, 0.0, 0.0, 1.0],
                [1.00001, -0.001955, 0.000104, -1e-06, 0.000105, 0.106437, 0.994319, 0.37472, -0.001955, -0.994307, 0.106438, 0.0, 0.0, 0.0, 0.0, 1.0],
                [1.000011, -0.001952, 0.000143, 1e-06, 0.000143, 0.14571, 0.989327, 0.37472, -0.001952, -0.989315, 0.145711, -0.0, 0.0, 0.0, 0.0, 1.0],
                [1.000009, -0.001947, 0.000194, 1e-06, 0.000194, 0.197284, 0.980346, 0.37472, -0.001947, -0.980334, 0.197286, -0.0, 0.0, 0.0, 0.0, 1.0],
                [1.000009, -0.001941, 0.000255, -0.0, 0.000254, 0.257933, 0.966162, 0.37472, -0.001941, -0.96615, 0.257936, -0.0, 0.0, 0.0, 0.0, 1.0],
                [1.000001, 0.001608, -0.001109, -1e-06, -0.00111, 0.934967, 0.354727, 0.37472, 0.001608, -0.354724, 0.934969, 2e-06, 0.0, 0.0, 0.0, 1.0]
            ]
        },
        {
            "name": "Knee_R",
            "time": [3.0, 0.0],
            "transform": [
                [1.0, 0.0, -0.0, 0.0, -0.0, 1e-06, -1.0, 0.37472, -0.0, 1.0, 1e-06, 0.0, 0.0, 0.0, 0.0, 1.0],
                [1.0, -0.0, -0.0, -1e-06, -0.0, 1e-06, -1.0, 0.37472, -0.0, 1.0, 1e-06, 2e-06, 0.0, 0.0, 0.0, 1.0]
            ]
        },
        {
            "name": "Thigh_L",
