{
    "animation": [
        {
            "name": "Root",
            "time": [0.0, 0.0333, 0.0667, 0.1, 0.1333, 0.1667, 0.2, 0.2333, 0.2667, 0.3],
            "transform": [
                [0.235117, 0.158255, -0.958997, -0.184038, -0.870787, 0.472622, -0.135498, -0.169499, 0.4318, 0.86694, 0.248928, 0.265724, 0.0, 0.0, 0.0, 1.0],
                [-0.136391, 0.37722, -0.916027, -0.237754, -0.938677, 0.246372, 0.24122, -0.044258, 0.316676, 0.892752, 0.320485, 0.112961, 0.0, 0.0, 0.0, 1.0],
                [-0.404958, 0.507576, -0.760512, -0.029083, -0.858104, 0.076212, 0.50779, 0.20148, 0.315702, 0.85823, 0.40469, 0.045524, 0.0, 0.0, 0.0, 1.0],
                [-0.480634, 0.648584, -0.590195, 0.564786, -0.689824, 0.135896, 0.71111, 0.702234, 0.541419, 0.748913, 0.382093, 0.175287, 0.0, 0.0, 0.0, 1.0],
                [-0.47981, 0.712654, -0.51177, 1.069725, -0.570024, 0.190215, 0.799308, 1.10684, 0.666975, 0.675235, 0.314963, 0.290523, 0.0, 0.0, 0.0, 1.0],
                [-0.517495, 0.690752, -0.505035, 1.356825, -0.545042, 0.188898, 0.816853, 1.337128, 0.659642, 0.697982, 0.278735, 0.334227, 0.0, 0.0, 0.0, 1.0],
                [-0.555988, 0.635207, -0.536087, 1.584139, -0.559602, 0.19083, 0.806493, 1.515987, 0.614591, 0.748396, 0.249364, 0.357063, 0.0, 0.0, 0.0, 1.0],
                [-0.562448, 0.545606, -0.621263, 1.784239, -0.612402, 0.229943, 0.756368, 1.669852, 0.555533, 0.805879, 0.204799, 0.357455, 0.0, 0.0, 0.0, 1.0],
                [-0.44781, 0.345105, -0.824846, 1.931808, -0.746612, 0.363267, 0.557324, 1.773314, 0.491974, 0.865413, 0.094985, 0.297037, 0.0, 0.0, 0.0, 1.0],
                [-0.248225, 0.075427, -0.965762, 1.955181, -0.875143, 0.41, 0.256956, 1.787945, 0.415344, 0.908962, -0.035763, 0.217903, 0.0, 0.0, 0.0, 1.0]
            ]
        },
        {
            "name": "Thigh_R",
            "time": [0.0, 0.0333, 0.0667, 0.1, 0.1333, 0.1667, 0.2, 0.2333, 0.2667, 0.3],
            "transform": [
                [0.251439, -0.954096, -0.162784, 0.050061, -0.224376, -0.22107, 0.949096, -0.034411, -0.941495, -0.20212, -0.269662, -0.092653, 0.0, 0.0, 0.0, 1.0],
                [0.234227, -0.940247, -0.247212, 0.067549, -0.226335, -0.300046, 0.926687, 0.010294, -0.945444, -0.16111, -0.28309, -0.08949, 0.0, 0.0, 0.0, 1.0],
                [0.247254, -0.843048, -0.477684, 0.085036, -0.181434, -0.524574, 0.831819, 0.054999, -0.951776, -0.11901, -0.282661, -0.086326, 0.0, 0.0, 0.0, 1.0],
                [0.297369, -0.478675, -0.826109, 0.102524, -0.063411, -0.873287, 0.483136, 0.099704, -0.952606, -0.091293, -0.290042, -0.083162, 0.0, 0.0, 0.0, 1.0],
                [0.410072, -0.097094, -0.906863, 0.10255, 0.01323, -0.993627, 0.112356, 0.10742, -0.911907, -0.058077, -0.406173, -0.086696, 0.0, 0.0, 0.0, 1.0],
                [0.465201, 0.085417, -0.881065, 0.102576, 0.046355, -0.996366, -0.072109, 0.115135, -0.883938, -0.007297, -0.46747, -0.09023, 0.0, 0.0, 0.0, 1.0],
                [0.26706, 0.10533, -0.957905, 0.102603, 0.028339, -0.994485, -0.101441, 0.122849, -0.963214, -5.5e-05, -0.268572, -0.093763, 0.0, 0.0, 0.0, 1.0],
                [0.10926, 0.008472, -0.993978, 0.102629, -0.059984, -0.998132, -0.015102, 0.130563, -0.992155, 0.061279, -0.108547, -0.097298, 0.0, 0.0, 0.0, 1.0],
                [0.206164, -0.331218, -0.92076, 0.102655, -0.218908, -0.932781, 0.286491, 0.138278, -0.953668, 0.142511, -0.264813, -0.100832, 0.0, 0.0, 0.0, 1.0],
                [0.272078, -0.678118, -0.682765, 0.089605, -0.450119, -0.716841, 0.532507, 0.121475, -0.850455, 0.162457, -0.50027, -0.108446, 0.0, 0.0, 0.0, 1.0]
            ]
        },
        {
            "name": "Leg_R",
            "time": [0.0, 0.0333, 0.0667, 0.1, 0.1333, 0.1667, 0.2, 0.2333, 0.2667, 0.3],
            "transform": [
                [0.99999, -0.001955, -5.7e-05, -0.0, -5.8e-05, -0.058708, 0.998271, 0.37472, -0.001955, -0.998288, -0.058707, 0.0, 0.0, 0.0, 0.0, 1.0],
                [0.999977, -0.001928, -0.000333, -0.0, -0.000333, -0.33568, 0.941973, 0.37472, -0.001928, -0.942005, -0.335668, -0.0, 0.0, 0.0, 0.0, 1.0],
                [0.999966, -0.001892, -0.000512, -0.0, -0.000511, -0.50413, 0.863631, 0.37472, -0.001892, -0.863677, -0.504102, 0.0, 0.0, 0.0, 0.0, 1.0],
                [0.999955, -0.002022, 9.8e-05, -0.0, 9.8e-05, 0.096781, 0.99527, 0.37472, -0.002022, -0.995384, 0.096769, 0.0, 0.0, 0.0, 0.0, 1.0],
                [0.999955, -0.001709, 0.000959, -0.0, 0.000958, 0.853425, 0.52128, 0.37472, -0.001709, -0.521305, 0.853382, -0.0, 0.0, 0.0, 0.0, 1.0],
                [0.999954, -0.001618, 0.001096, -0.0, 0.001095, 0.928369, 0.371757, 0.37472, -0.001619, -0.37177, 0.928333, 0.0, 0.0, 0.0, 0.0, 1.0],
                [0.999955, -0.001693, 0.000983, 0.0, 0.000981, 0.868057, 0.496533, 0.37472, -0.001694, -0.496555, 0.868015, -0.0, 0.0, 0.0, 0.0, 1.0],
                [0.999955, -0.001841, 0.000678, -0.0, 0.000677, 0.648052, 0.761617, 0.37472, -0.001841, -0.761675, 0.648001, 0.0, 0.0, 0.0, 0.0, 1.0],
                [0.999954, -0.001971, 6.3e-05, -0.0, 6.4e-05, 0.064589, 0.997877, 0.37472, -0.001971, -0.997991, 0.064582, 0.0, 0.0, 0.0, 0.0, 1.0],
                [0.999955, -0.001715, -0.000539, -0.0, -0.000539, -0.572304, 0.820051, 0.37472, -0.001715, -0.820121, -0.572254, -0.0, 0.0, 0.0, 0.0, 1.0]
            ]
        },
        {
            "name": "Knee_R",
            "time": [0.0, 0.3],
            "transform": [
                [1.0, 0.0, -0.0, -0.0, -0.0, 1e-06, -1.0, 0.37472, -0.0, 1.0, 1e-06, 0.0, 0.0, 0.0, 0.0, 1.0],
                [1.0, 0.0, -0.0, -0.0, -0.0, 1e-06, -1.0, 0.37472, -0.0, 1.0, 1e-06, -0.0, 0.0, 0.0, 0.0, 1.0]
            ]
        },
        {
            "name": "Thigh_L",
            "time": [0.0, 0.0333, 0.0667, 0.1, 0.1333, 0.1667, 0.2, 0.2333, 0.2667, 0.3],
            "transform": [
                [0.024722, -0.948581, -0.315687, 0.040612, 0.258486, -0.298991, 0.918581, 0.107081, -0.965657, -0.104319, 0.237802, 0.135655, 0.0, 0.0, 0.0, 1.0],
                [0.027714, -0.973091, -0.228871, 0.07057, 0.135501, -0.223195, 0.965312, 0.079379, -0.990361, -0.057768, 0.125668, 0.136794, 0.0, 0.0, 0.0, 1.0],
                [0.023508, -0.963052, -0.268347, 0.100527, 0.063261, -0.266455, 0.961772, 0.051677, -0.997703, -0.039586, 0.05466, 0.137933, 0.0, 0.0, 0.0, 1.0],
                [0.040259, -0.860588, -0.507714, 0.130484, -0.001755, -0.508187, 0.861247, 0.023974, -0.999184, -0.033782, -0.02197, 0.139071, 0.0, 0.0, 0.0, 1.0],
                [0.083519, -0.97689, -0.196764, 0.160442, 0.151409, -0.182722, 0.971437, -0.003728, -0.984932, -0.110925, 0.132649, 0.14021, 0.0, 0.0, 0.0, 1.0],
                [0.187631, -0.959983, 0.207921, 0.159846, 0.272807, 0.254284, 0.927857, -0.02138, -0.943592, -0.117373, 0.309602, 0.138413, 0.0, 0.0, 0.0, 1.0],
                [0.20185, -0.979173, -0.022018, 0.158425, 0.231771, 0.025912, 0.972426, -0.032088, -0.951593, -0.201389, 0.232175, 0.134127, 0.0, 0.0, 0.0, 1.0],
                [0.185445, -0.943633, -0.27418, 0.156729, 0.185302, -0.240433, 0.952816, -0.037586, -0.965019, -0.227503, 0.13027, 0.129012, 0.0, 0.0, 0.0, 1.0],
                [0.073161, -0.931288, -0.356876, 0.155309, 0.170443, -0.340896, 0.924523, -0.039612, -0.982642, -0.128467, 0.133792, 0.124726, 0.0, 0.0, 0.0, 1.0],
                [-0.071913, -0.919751, -0.385871, 0.154713, 0.160512, -0.392504, 0.905638, -0.039901, -0.984405, 0.00319, 0.175857, 0.122929, 0.0, 0.0, 0.0, 1.0]
            ]
        },
        {
            "name": "Leg_L",
            "time": [0.0, 0.0333, 0.0667, 0.1, 0.1333, 0.1667, 0.2, 0.2333, 0.2667, 0.3],
            "transform": [
                [0.999965, 0.001928, 0.000313, -0.0, 0.000314, -0.316789, 0.948479, 0.37472, 0.001928, -0.948555, -0.316763, 0.0, 0.0, 0.0, 0.0, 1.0],
                [0.999979, 0.001894, 0.000477, 0.0, 0.000477, -0.473564, 0.880757, 0.37472, 0.001894, -0.880792, -0.473544, -0.0, 0.0, 0.0, 0.0, 1.0],
                [0.999992, 0.001875, 0.00055, -0.0, 0.000549, -0.539946, 0.8417, 0.37472, 0.001875, -0.84171, -0.539938, 0.0, 0.0, 0.0, 0.0, 1.0],
                [1.000006, 0.001905, 0.00043, -0.0, 0.000426, -0.427873, 0.903837, 0.37472, 0.001906, -0.90383, -0.427875, 0.0, 0.0, 0.0, 0.0, 1.0],
                [1.000005, 0.001879, 0.000567, 0.0, 0.000564, -0.551689, 0.834047, 0.37472, 0.00188, -0.834042, -0.551691, -0.0, 0.0, 0.0, 0.0, 1.0],
                [1.000006, 0.001831, 0.000686, -0.0, 0.000686, -0.657058, 0.753836, 0.37472, 0.001831, -0.753833, -0.657059, 0.0, 0.0, 0.0, 0.0, 1.0],
                [1.000006, 0.001911, 0.000425, 0.0, 0.000425, -0.423666, 0.905816, 0.37472, 0.001911, -0.905811, -0.423667, -0.0, 0.0, 0.0, 0.0, 1.0],
                [1.000006, 0.00195, 0.000151, -0.0, 0.000152, -0.154583, 0.987978, 0.37472, 0.00195, -0.987972, -0.154584, -0.0, 0.0, 0.0, 0.0, 1.0],
                [1.000005, 0.00195, 9.5e-05, 0.0, 9.5e-05, -0.097346, 0.99525, 0.37472, 0.00195, -0.995244, -0.097347, 0.0, 0.0, 0.0, 0.0, 1.0],
                [1.000007, 0.00195, 0.000115, -0.0, 0.000114, -0.116773, 0.993157, 0.37472, 0.00195, -0.99315, -0.116773, -0.0, 0.0, 0.0, 0.0, 1.0]
            ]
        },
        {
            "name": "Knee_L",
            "time": [0.0, 0.3],
            "transform": [
                [1.0, 0.0, -0.0, -0.0, -0.0, 1e-06, -1.0, 0.37472, -0.0, 1.0, 1e-06, 0.0, 0.0, 0.0, 0.0, 1.0],
                [1.0, 0.0, -0.0, -0.0, -0.0, 1e-06, -1.0, 0.37472, -0.0, 1.0, 1e-06, -0.0, 0.0, 0.0, 0.0, 1.0]
            ]
        },
        {
            "name": "Torso",
            "time": [0.0, 0.0333, 0.0667, 0.1, 0.1333, 0.1667, 0.2, 0.2333, 0.2667, 0.3],
            "transform": [
                [0.279598, -0.831698, 0.479693, -0.0, -0.292598, 0.402043, 0.86761, 0.05, -0.914445, -0.38294, -0.130942, -0.0, 0.0, 0.0, 0.0, 1.0],
                [0.08279, -0.901348, 0.425111, -0.0, -0.252876, 0.393614, 0.883811, 0.05, -0.963948, -0.180672, -0.195342, 0.0, 0.0, 0.0, 0.0, 1.0],
                [-0.121527, -0.946229, 0.29981, -0.0, -0.14203, 0.315518, 0.938231, 0.05, -0.982372, 0.071439, -0.172737, -0.0, 0.0, 0.0, 0.0, 1.0],
                [-0.346442, -0.924154, 0.160999, 0.0, 0.050981, 0.152826, 0.986938, 0.05, -0.936682, 0.350126, -0.005831, 0.0, 0.0, 0.0, 0.0, 1.0],
                [-0.507767, -0.85167, 0.129736, -0.0, 0.170313, 0.048383, 0.984203, 0.05, -0.844489, 0.521842, 0.120484, -0.0, 0.0, 0.0, 0.0, 1.0],
                [-0.596956, -0.78103, 0.183404, -0.0, 0.22228, 0.058641, 0.973218, 0.05, -0.770863, 0.621739, 0.138601, -0.0, 0.0, 0.0, 0.0, 1.0],
                [-0.641343, -0.723574, 0.255186, 0.0, 0.275805, 0.092945, 0.95671, 0.05, -0.715966, 0.683963, 0.139955, 0.0, 0.0, 0.0, 0.0, 1.0],
                [-0.623508, -0.706619, 0.334558, 0.0, 0.348426, 0.13193, 0.928006, 0.05, -0.69988, 0.69519, 0.163945, -0.0, 0.0, 0.0, 0.0, 1.0],
                [-0.421752, -0.785467, 0.452956, -0.0, 0.438676, 0.260437, 0.86008, 0.05, -0.793525, 0.561444, 0.234727, -0.0, 0.0, 0.0, 0.0, 1.0],
                [-0.137173, -0.822776, 0.551568, 0.0, 0.444892, 0.446334, 0.77644, 0.05, -0.885014, 0.351896, 0.304822, -0.0, 0.0, 0.0, 0.0, 1.0]
            ]
        },
        {
            "name": "Chest",
            "time": [0.0, 0.0333, 0.0667, 0.1, 0.1333, 0.1667, 0.2, 0.2333, 0.2667, 0.3],
            "transform": [
                [0.954566, -0.244769, 0.16996, -0.0, 0.295306, 0.700663, -0.649514, 0.3, 0.039896, 0.670199, 0.74111, -0.0, 0.0, 0.0, 0.0, 1.0],
                [0.976836, -0.21284, -0.022037, -0.0, 0.129524, 0.670133, -0.730854, 0.3, 0.170322, 0.711074, 0.682177, -0.0, 0.0, 0.0, 0.0, 1.0],
                [0.962635, -0.115278, -0.245029, -0.0, -0.127358, 0.605805, -0.785355, 0.3, 0.238973, 0.787222, 0.568487, 0.0, 0.0, 0.0, 0.0, 1.0],
                [0.866179, 0.066496, -0.495285, -0.0, -0.462247, 0.483205, -0.743532, 0.3, 0.189882, 0.872982, 0.44928, 0.0, 0.0, 0.0, 0.0, 1.0],
                [0.751516, 0.265056, -0.604124, -0.0, -0.651964, 0.438308, -0.618731, 0.3, 0.100793, 0.858859, 0.502203, 0.0, 0.0, 0.0, 0.0, 1.0],
                [0.700022, 0.474213, -0.533936, -0.0, -0.713653, 0.491398, -0.499224, 0.3, 0.025637, 0.73052, 0.682413, 0.0, 0.0, 0.0, 0.0, 1.0],
                [0.642974, 0.659425, -0.389544, 0.0, -0.764774, 0.52545, -0.372853, 0.3, -0.041182, 0.537653, 0.842161, 0.0, 0.0, 0.0, 0.0, 1.0],
                [0.607178, 0.763007, -0.221713, 0.0, -0.788132, 0.542935, -0.289942, 0.3, -0.100851, 0.35079, 0.931008, 0.0, 0.0, 0.0, 0.0, 1.0],
                [0.713871, 0.696296, -0.074564, -0.0, -0.674688, 0.655372, -0.339533, 0.3, -0.187547, 0.292693, 0.937633, 0.0, 0.0, 0.0, 0.0, 1.0],
                [0.832238, 0.550005, 0.06979, 0.0, -0.481541, 0.779493, -0.400639, 0.3, -0.274752, 0.299823, 0.913573, -0.0, 0.0, 0.0, 0.0, 1.0]
            ]
        },
        {
            "name": "Head",
            "time": [0.0, 0.0333, 0.0667, 0.1, 0.1333, 0.1667, 0.2, 0.2333, 0.2667, 0.3],
            "transform": [
                [0.954602, 0.023445, -0.296966, 0.0, -0.064277, 0.989626, -0.12849, 0.4, 0.290874, 0.141744, 0.946203, 0.0, 0.0, 0.0, 0.0, 1.0],
                [0.989396, -0.091607, -0.112726, 0.0, 0.089099, 0.995654, -0.027099, 0.4, 0.114719, 0.016768, 0.993255, -0.0, 0.0, 0.0, 0.0, 1.0],
                [0.972923, -0.200177, 0.11556, 0.0, 0.197751, 0.979723, 0.032207, 0.4, -0.119664, -0.008483, 0.992776, 0.0, 0.0, 0.0, 0.0, 1.0],
                [0.876448, -0.184037, 0.444939, 0.0, 0.202686, 0.979226, 0.005778, 0.4, -0.43676, 0.085119, 0.895541, -0.0, 0.0, 0.0, 0.0, 1.0],
                [0.789054, -0.171282, 0.589963, 0.0, 0.265586, 0.961071, -0.076187, 0.4, -0.553948, 0.216801, 0.803827, -0.0, 0.0, 0.0, 0.0, 1.0],
                [0.795945, -0.241682, 0.55503, -0.0, 0.40193, 0.896585, -0.185986, 0.4, -0.45268, 0.371119, 0.810771, -0.0, 0.0, 0.0, 0.0, 1.0],
                [0.800518, -0.325273, 0.503356, -0.0, 0.518513, 0.797073, -0.309547, 0.4, -0.300524, 0.508796, 0.806728, -0.0, 0.0, 0.0, 0.0, 1.0],
                [0.802797, -0.380539, 0.459026, -0.0, 0.571944, 0.709042, -0.412481, 0.4, -0.168502, 0.59368, 0.786862, -0.0, 0.0, 0.0, 0.0, 1.0],
                [0.853302, -0.377124, 0.360072, 0.0, 0.510099, 0.746867, -0.426603, 0.4, -0.108043, 0.547696, 0.829671, 0.0, 0.0, 0.0, 0.0, 1.0],
                [0.919248, -0.304824, 0.249133, -0.0, 0.384607, 0.83045, -0.403028, 0.4, -0.08404, 0.466301, 0.880623, -0.0, 0.0, 0.0, 0.0, 1.0]
            ]
        },
        {
            "name": "Shoulder_R",
            "time": [0.0, 0.0333, 0.0667, 0.1, 0.1333, 0.1667, 0.2, 0.2333, 0.2667, 0.3],
            "transform": [
                [-0.274939, 0.478812, 0.833756, 0.0, 0.604135, -0.588565, 0.537226, 0.4, 0.747949, 0.651403, -0.127448, 0.0, 0.0, 0.0, 0.0, 1.0],
                [-0.184871, 0.702862, 0.686882, 0.0, 0.667498, -0.423175, 0.612674, 0.4, 0.721296, 0.571759, -0.390927, -0.0, 0.0, 0.0, 0.0, 1.0],
                [-0.16973, 0.826005, 0.537503, 0.0, 0.731099, -0.260192, 0.630708, 0.4, 0.660821, 0.50002, -0.559727, 0.0, 0.0, 0.0, 0.0, 1.0],
                [-0.048301, 0.90436, 0.424034, 0.0, 0.717393, -0.263982, 0.644716, 0.4, 0.694992, 0.335343, -0.636026, -0.0, 0.0, 0.0, 0.0, 1.0],
                [0.032496, 0.962198, 0.270417, 0.0, 0.620263, -0.231572, 0.74943, 0.4, 0.783721, 0.143377, -0.604336, -0.0, 0.0, 0.0, 0.0, 1.0],
                [-0.353711, 0.917431, 0.182245, -0.0, 0.368462, -0.042421, 0.928671, 0.4, 0.859724, 0.395633, -0.323032, -0.0, 0.0, 0.0, 0.0, 1.0],
                [-0.520168, 0.851869, 0.061219, -0.0, 0.104775, -0.00749, 0.994463, 0.4, 0.847616, 0.523704, -0.085358, -0.0, 0.0, 0.0, 0.0, 1.0],
                [-0.550569, 0.832596, 0.060516, -0.0, -0.015919, -0.082951, 0.996421, 0.4, 0.83464, 0.547639, 0.058924, -0.0, 0.0, 0.0, 0.0, 1.0],
                [-0.541868, 0.809942, 0.224448, 0.0, 0.097621, -0.204594, 0.973963, 0.4, 0.834778, 0.549672, 0.031796, 0.0, 0.0, 0.0, 0.0, 1.0],
                [-0.47276, 0.762355, 0.441944, -0.0, 0.254107, -0.362285, 0.896758, 0.4, 0.84376, 0.536255, -0.022445, -0.0, 0.0, 0.0, 0.0, 1.0]
            ]
        },
        {
            "name": "Arm_R",
            "time": [0.0, 0.0333, 0.0667, 0.1, 0.1333, 0.1667, 0.2, 0.2333, 0.2667, 0.3],
            "transform": [
                [0.673491, -0.218997, -0.706009, 0.0, 0.406962, 0.907179, 0.106819, 0.39386, 0.617084, -0.359262, 0.700098, -0.0, 0.0, 0.0, 0.0, 1.0],
                [0.749874, -0.161682, -0.641519, -0.0, 0.284012, 0.954454, 0.091433, 0.393861, 0.597516, -0.250763, 0.761638, 0.0, 0.0, 0.0, 0.0, 1.0],
                [0.690491, -0.103308, -0.715926, -0.0, 0.286042, 0.948074, 0.139075, 0.393861, 0.664379, -0.300816, 0.684186, 0.0, 0.0, 0.0, 0.0, 1.0],
                [0.351466, -0.213735, -0.911477, -0.0, 0.553526, 0.832636, 0.018194, 0.39386, 0.755035, -0.510923, 0.410951, -0.0, 0.0, 0.0, 0.0, 1.0],
                [0.083046, -0.328615, -0.940807, 0.0, 0.654447, 0.729944, -0.197192, 0.393861, 0.751531, -0.599336, 0.275679, -0.0, 0.0, 0.0, 0.0, 1.0],
                [-0.223316, 0.011509, -0.974679, -0.0, 0.611569, 0.780289, -0.130907, 0.393861, 0.759021, -0.625319, -0.181289, -0.0, 0.0, 0.0, 0.0, 1.0],
                [-0.330723, 0.195188, -0.923322, 0.0, 0.622445, 0.780518, -0.057955, 0.39386, 0.709354, -0.593887, -0.379628, 0.0, 0.0, 0.0, 0.0, 1.0],
                [-0.316923, 0.255857, -0.913291, 0.0, 0.667201, 0.744526, -0.022951, 0.393861, 0.674092, -0.616623, -0.406665, 0.0, 0.0, 0.0, 0.0, 1.0],
                [-0.249245, 0.205281, -0.946436, -0.0, 0.652602, 0.757665, -0.007528, 0.393861, 0.715531, -0.619523, -0.322811, 0.0, 0.0, 0.0, 0.0, 1.0],
                [-0.166763, 0.134976, -0.976717, 0.0, 0.607852, 0.79403, 0.005946, 0.39386, 0.776341, -0.592708, -0.21446, -0.0, 0.0, 0.0, 0.0, 1.0]
            ]
        },
        {
            "name": "Hand_R",
            "time": [0.0, 0.0333, 0.0667, 0.1, 0.1333, 0.1667, 0.2, 0.2333, 0.2667, 0.3],
            "transform": [
                [0.999999, 0.00195, 0.000131, -0.0, -0.000133, 0.134834, -0.990867, 0.3, -0.00195, 0.990867, 0.134834, 0.0, 0.0, 0.0, 0.0, 1.0],
                [0.999998, 0.001946, 0.000182, -0.0, -0.000183, 0.185949, -0.982557, 0.3, -0.001946, 0.982559, 0.185949, -0.0, 0.0, 0.0, 0.0, 1.0],
                [0.999997, 0.001951, 0.000129, 0.0, -0.000129, 0.131538, -0.991309, 0.3, -0.001952, 0.991311, 0.131538, -0.0, 0.0, 0.0, 0.0, 1.0],
                [0.999997, 0.001938, 0.000646, 0.0, -0.000648, 0.600781, -0.799413, 0.3, -0.001938, 0.799414, 0.600779, -0.0, 0.0, 0.0, 0.0, 1.0],
                [0.999997, 0.001648, 0.001135, -0.0, -0.001136, 0.934585, -0.35574, 0.3, -0.001647, 0.355739, 0.934584, -0.0, 0.0, 0.0, 0.0, 1.0],
                [0.999997, 0.001908, 0.000465, 0.0, -0.000465, 0.460095, -0.887869, 0.3, -0.001908, 0.887869, 0.460094, -0.0, 0.0, 0.0, 0.0, 1.0],
                [0.999998, 0.00194, 0.000237, 0.0, -0.000237, 0.24041, -0.970671, 0.3, -0.00194, 0.97067, 0.240409, 0.0, 0.0, 0.0, 0.0, 1.0],
                [0.999997, 0.001933, 0.000291, -0.0, -0.000291, 0.294755, -0.955572, 0.3, -0.001933, 0.955573, 0.294754, -0.0, 0.0, 0.0, 0.0, 1.0],
                [0.999998, 0.001913, 0.000396, 0.0, -0.000398, 0.397821, -0.917464, 0.3, -0.001913, 0.917461, 0.397822, 0.0, 0.0, 0.0, 0.0, 1.0],
                [0.999998, 0.001887, 0.000492, 0.0, -0.000493, 0.488901, -0.872339, 0.3, -0.001887, 0.872337, 0.488901, 0.0, 0.0, 0.0, 0.0, 1.0]
            ]
        },
        {
            "name": "Tool_R",
            "time": [0.0, 0.0333, 0.0667, 0.1, 0.1333, 0.1667, 0.2, 0.2333, 0.2667, 0.3],
            "transform": [
                [0.618808, 0.548504, -0.562275, -0.002553, -0.282462, -0.512355, -0.811238, 0.272241, -0.73193, 0.660671, -0.162123, 0.025042, 0.0, 0.0, 0.0, 1.0],
                [0.700006, 0.537779, -0.469627, -0.002553, -0.100797, -0.576749, -0.810988, 0.272241, -0.705866, 0.614939, -0.349514, 0.025042, 0.0, 0.0, 0.0, 1.0],
                [0.771691, 0.442997, -0.456035, -0.002552, 0.00852, -0.724532, -0.689448, 0.272241, -0.635004, 0.528, -0.562789, 0.025042, 0.0, 0.0, 0.0, 1.0],
                [0.857042, 0.033544, -0.513952, -0.002553, 0.106914, -0.987672, 0.113972, 0.272241, -0.503242, -0.152533, -0.850057, 0.025042, 0.0, 0.0, 0.0, 1.0],
                [0.856785, -0.094965, -0.506528, -0.002552, 0.233851, -0.80419, 0.546651, 0.27224, -0.458729, -0.58664, -0.666589, 0.025042, 0.0, 0.0, 0.0, 1.0],
                [0.820073, 0.126475, -0.557959, -0.002552, 0.255485, -0.953522, 0.159626, 0.272241, -0.51128, -0.273296, -0.814209, 0.025042, 0.0, 0.0, 0.0, 1.0],
                [0.819823, 0.178892, -0.543828, -0.002553, 0.17753, -0.98249, -0.055508, 0.272241, -0.543665, -0.051014, -0.8372, 0.025041, 0.0, 0.0, 0.0, 1.0],
                [0.860904, 0.038461, -0.507104, -0.002552, -0.036411, -0.989863, -0.137006, 0.27224, -0.506684, 0.13631, -0.850766, 0.025042, 0.0, 0.0, 0.0, 1.0],
                [0.860573, -0.043489, -0.507172, -0.002553, -0.247492, -0.906344, -0.342634, 0.272241, -0.444257, 0.420169, -0.790638, 0.025042, 0.0, 0.0, 0.0, 1.0],
                [0.844221, -0.08274, -0.529176, -0.002552, -0.421572, -0.711875, -0.56187, 0.27224, -0.329804, 0.697336, -0.635618, 0.025042, 0.0, 0.0, 0.0, 1.0]
            ]
        },
        {
            "name": "Elbow_R",
            "time": [0.0, 0.3],
            "transform": [
                [-1.0, 0.0, -0.0, -0.0, 0.0, -0.0, -1.0, 0.3, -0.0, -1.0, 0.0, 0.0, 0.0, 0.0, 0.0, 1.0],
                [-1.0, 0.0, -0.0, 0.0, 0.0, -0.0, -1.0, 0.3, -0.0, -1.0, 0.0, 0.0, 0.0, 0.0, 0.0, 1.0]
            ]
        },
        {
            "name": "Shoulder_L",
            "time": [0.0, 0.0333, 0.0667, 0.1, 0.1333, 0.1667, 0.2, 0.2333, 0.2667, 0.3],
            "transform": [
                [0.183536, -0.962556, -0.1995, 0.0, -0.728731, -0.269436, 0.629569, 0.4, -0.65975, 0.029833, -0.750893, 0.0, 0.0, 0.0, 0.0, 1.0],
                [0.111651, -0.905825, -0.408671, 0.0, -0.7464, -0.34794, 0.567298, 0.4, -0.656069, 0.241692, -0.714955, -0.0, 0.0, 0.0, 0.0, 1.0],
                [0.060418, -0.787785, -0.612977, 0.0, -0.770213, -0.427408, 0.473387, 0.4, -0.634921, 0.443518, -0.632588, 0.0, 0.0, 0.0, 0.0, 1.0],
                [0.04771, -0.620777, -0.782535, 0.0, -0.798952, -0.493912, 0.343111, 0.4, -0.599501, 0.608832, -0.51954, -0.0, 0.0, 0.0, 0.0, 1.0],
                [0.066919, -0.52784, -0.846706, 0.0, -0.752581, -0.58386, 0.30451, 0.4, -0.655092, 0.616829, -0.436319, -0.0, 0.0, 0.0, 0.0, 1.0],
                [0.102537, -0.527516, -0.843338, -0.0, -0.607429, -0.704574, 0.366878, 0.4, -0.787731, 0.47464, -0.392679, -0.0, 0.0, 0.0, 0.0, 1.0],
                [0.13426, -0.522833, -0.841797, -0.0, -0.420974, -0.799106, 0.429189, 0.4, -0.897085, 0.296747, -0.32739, -0.0, 0.0, 0.0, 0.0, 1.0],
                [0.161541, -0.531976, -0.83121, -0.0, -0.271514, -0.833712, 0.480827, 0.4, -0.948784, 0.148009, -0.279121, -0.0, 0.0, 0.0, 0.0, 1.0],
                [0.194714, -0.62811, -0.753369, 0.0, -0.287338, -0.770892, 0.56847, 0.4, -0.937831, 0.105781, -0.330587, 0.0, 0.0, 0.0, 0.0, 1.0],
                [0.193003, -0.747281, -0.635859, -0.0, -0.346886, -0.658156, 0.668206, 0.4, -0.917838, 0.091603, -0.386249, -0.0, 0.0, 0.0, 0.0, 1.0]
            ]
        },
        {
            "name": "Arm_L",
            "time": [0.0, 0.0333, 0.0667, 0.1, 0.1333, 0.1667, 0.2, 0.2333, 0.2667, 0.3],
            "transform": [
                [-0.092966, -0.117337, 0.98873, 0.0, -0.607139, 0.793731, 0.037108, 0.39386, -0.789138, -0.59685, -0.145029, -0.0, 0.0, 0.0, 0.0, 1.0],
                [-0.28615, -0.014122, 0.958081, -0.0, -0.485474, 0.864191, -0.132258, 0.39386, -0.826095, -0.50297, -0.254143, -0.0, 0.0, 0.0, 0.0, 1.0],
                [-0.363644, 0.074379, 0.928563, 0.0, -0.349061, 0.913301, -0.209856, 0.39386, -0.863665, -0.400439, -0.306154, 0.0, 0.0, 0.0, 0.0, 1.0],
                [-0.267212, 0.107455, 0.957626, 0.0, -0.236351, 0.956103, -0.173233, 0.39386, -0.934203, -0.272627, -0.230084, 0.0, 0.0, 0.0, 0.0, 1.0],
                [-0.137666, 0.105937, 0.984795, 0.0, -0.189221, 0.97314, -0.131134, 0.39386, -0.972237, -0.204398, -0.113922, -0.0, 0.0, 0.0, 0.0, 1.0],
                [-0.047908, 0.096321, 0.994195, -0.0, -0.195996, 0.975085, -0.103913, 0.39386, -0.979434, -0.199837, -0.027836, 0.0, 0.0, 0.0, 0.0, 1.0],
                [0.052858, 0.081883, 0.995237, -0.0, -0.223368, 0.972352, -0.068136, 0.39386, -0.973301, -0.218703, 0.069686, -0.0, 0.0, 0.0, 0.0, 1.0],
                [0.187585, 0.058175, 0.980522, 0.0, -0.27392, 0.961742, -0.004657, 0.393861, -0.943283, -0.267712, 0.196342, -0.0, 0.0, 0.0, 0.0, 1.0],
                [0.326387, -0.002836, 0.94523, -0.0, -0.384729, 0.913019, 0.135585, 0.39386, -0.863398, -0.407912, 0.296905, 0.0, 0.0, 0.0, 0.0, 1.0],
                [0.458407, -0.037001, 0.887971, 0.0, -0.490313, 0.822797, 0.287402, 0.39386, -0.741256, -0.567131, 0.359032, 0.0, 0.0, 0.0, 0.0, 1.0]
            ]
        },
        {
            "name": "Hand_L",
            "time": [0.0, 0.0333, 0.0667, 0.1, 0.1333, 0.1667, 0.2, 0.2333, 0.2667, 0.3],
            "transform": [
                [0.999995, 0.001794, 0.000776, -0.0, -0.000777, 0.729316, -0.684178, 0.3, -0.001793, 0.68418, 0.729313, -0.0, 0.0, 0.0, 0.0, 1.0],
                [0.999996, 0.001717, 0.000934, -0.0, -0.000935, 0.84007, -0.542482, 0.3, -0.001716, 0.542485, 0.840062, -0.0, 0.0, 0.0, 0.0, 1.0],
                [0.999997, 0.001657, 0.001035, 0.0, -0.001038, 0.899277, -0.437387, 0.3, -0.001656, 0.43739, 0.899267, 0.0, 0.0, 0.0, 0.0, 1.0],
                [0.999997, 0.001622, 0.001088, 0.0, -0.001089, 0.925506, -0.378738, 0.3, -0.001622, 0.378739, 0.9255, -0.0, 0.0, 0.0, 0.0, 1.0],
                [1.0, 0.001618, 0.001095, -0.0, -0.001097, 0.928803, -0.370579, 0.3, -0.001617, 0.37058, 0.928795, 0.0, 0.0, 0.0, 0.0, 1.0],
                [0.999998, 0.00163, 0.001078, -0.0, -0.001079, 0.920548, -0.39064, 0.3, -0.001629, 0.390643, 0.920536, -0.0, 0.0, 0.0, 0.0, 1.0],
                [0.999998, 0.001647, 0.001052, 0.0, -0.001053, 0.907516, -0.420024, 0.3, -0.001646, 0.420025, 0.907508, 0.0, 0.0, 0.0, 0.0, 1.0],
                [0.999998, 0.001667, 0.001021, -0.0, -0.001023, 0.891372, -0.453279, 0.3, -0.001665, 0.453282, 0.891362, 0.0, 0.0, 0.0, 0.0, 1.0],
                [0.999998, 0.001685, 0.00099, -0.0, -0.000991, 0.87401, -0.485912, 0.3, -0.001684, 0.485913, 0.874003, -0.0, 0.0, 0.0, 0.0, 1.0],
                [0.999998, 0.001701, 0.000958, 0.0, -0.000959, 0.85547, -0.517854, 0.3, -0.0017, 0.517856, 0.855464, 0.0, 0.0, 0.0, 0.0, 1.0]
            ]
        },
        {
            "name": "Tool_L",
            "time": [0.0, 0.0333, 0.0667, 0.1, 0.1333, 0.1667, 0.2, 0.2333, 0.2667, 0.3],
            "transform": [
                [-0.197824, 0.037217, -0.979317, 0.002305, -0.115017, 0.991383, 0.060873, 0.2723, 0.973256, 0.124588, -0.191635, 0.022613, 0.0, 0.0, 0.0, 1.0],
                [-0.507775, -0.131627, -0.851224, 0.002058, -0.139819, 0.987765, -0.069337, 0.27236, 0.849868, 0.083773, -0.51938, 0.020185, 0.0, 0.0, 0.0, 1.0],
                [-0.677795, -0.269651, -0.683993, 0.00181, -0.213312, 0.962469, -0.168029, 0.27242, 0.703525, 0.032009, -0.70909, 0.017757, 0.0, 0.0, 0.0, 1.0],
                [-0.724319, -0.343908, -0.597646, 0.001563, -0.273074, 0.938905, -0.209424, 0.27248, 0.633071, 0.011514, -0.77321, 0.015329, 0.0, 0.0, 0.0, 1.0],
                [-0.687335, -0.380438, -0.618821, 0.001315, -0.313185, 0.923719, -0.220262, 0.27254, 0.655391, 0.042387, -0.753349, 0.012901, 0.0, 0.0, 0.0, 1.0],
                [-0.602671, -0.390915, -0.695689, 0.001067, -0.340461, 0.914297, -0.219055, 0.2726, 0.721732, 0.104757, -0.683453, 0.010473, 0.0, 0.0, 0.0, 1.0],
                [-0.493663, -0.385178, -0.779621, 0.00082, -0.364213, 0.905591, -0.216996, 0.27266, 0.789698, 0.176679, -0.586751, 0.008044, 0.0, 0.0, 0.0, 1.0],
                [-0.366057, -0.363591, -0.856457, 0.000573, -0.385496, 0.896938, -0.216167, 0.27272, 0.846965, 0.25081, -0.467996, 0.005616, 0.0, 0.0, 0.0, 1.0],
                [-0.229326, -0.328879, -0.915872, 0.000325, -0.406169, 0.887525, -0.217109, 0.27278, 0.884547, 0.321901, -0.336744, 0.003188, 0.0, 0.0, 0.0, 1.0],
                [-0.08897, -0.283456, -0.954578, 7.7e-05, -0.426087, 0.877188, -0.22082, 0.27284, 0.90034, 0.386671, -0.1986, 0.00076, 0.0, 0.0, 0.0, 1.0]
            ]
        },
        {
            "name": "Elbow_L",
            "time": [0.0, 0.3],
            "transform": [
                [-1.0, 0.0, -0.0, -0.0, 0.0, -0.0, -1.0, 0.3, -0.0, -1.0, -0.0, -0.0, 0.0, 0.0, 0.0, 1.0],
                [-1.0, 0.0, -0.0, 0.0, 0.0, -0.0, -1.0, 0.3, -0.0, -1.0, -0.0, 0.0, 0.0, 0.0, 0.0, 1.0]
            ]
        }
    ]
}